Date,Open,High,Low,Close,Volume,OpenInterest
2017-05-31,86.28,86.32,81.75,82.18,10005546,0.0
2017-06-01,81.6,82.14,79.92,80.91,7712268,0.0
2017-06-04,81.01,81.3,78.26,78.75,7467135,0.0
2017-06-05,78.61,80.445,78.61,80.1,4796953,0.0
2017-06-06,80.15,81.1,80.13,80.82,3139603,0.0
2017-06-07,81.3,82.51,80.34,82.45,2829899,0.0
2017-06-08,82.93,82.98,77.575,78.6,3962017,0.0
2017-06-11,78.02,80.47,77.93,79.74,4197552,0.0
2017-06-12,80.16,81.73,80.15,81.23,3261878,0.0
2017-06-13,81.69,81.86,79.98,80.94,2411506,0.0
2017-06-14,79.78,80.75,79.54,79.75,2417965,0.0
2017-06-15,80.05,80.23,78.97,80.03,3536989,0.0
2017-06-18,81,81.25,79.84,80.37,2372629,0.0
2017-06-19,80.28,81.65,79.18,79.2,3107739,0.0
2017-06-20,79.5,80.205,79,79.99,2708636,0.0
2017-06-21,80.8,81.67,80,81.32,3361789,0.0
2017-06-22,81.16,82.139,80.9,81.55,2739239,0.0
2017-06-25,81.95,82.1,79.91,80.57,1817350,0.0
2017-06-26,80.23,80.55,77.82,78.13,3180668,0.0
2017-06-27,78.55,79.39,77.86,79.21,2154972,0.0
2017-06-28,78.94,79.12,76.18,77.75,2825475,0.0
2017-06-29,78.3,78.33,77.22,77.8,1545858,0.0
2017-07-02,78.27,78.55,76.07,76.11,1000114,0.0
2017-07-04,76.49,78.11,76.38,77.74,1700700,0.0
2017-07-05,76.91,77.73,76.51,77.34,1871357,0.0
2017-07-06,77.64,78.85,77.5,78.48,1962495,0.0
2017-07-09,78.51,78.86,77.76,78.73,1540127,0.0
2017-07-10,78.95,80.36,78.27,79.87,2137814,0.0
2017-07-11,80.48,81.17,80.03,80.38,2006743,0.0
2017-07-12,80.32,80.75,79.8643,80.27,1213945,0.0
2017-07-13,80.72,81.69,80.5101,81.55,1763188,0.0
2017-07-16,81.63,81.85,80.94,81.1,925291,0.0
2017-07-17,80.96,81.19,80.15,81.13,1069517,0.0
2017-07-18,81.3,81.38,80.12,80.35,2042171,0.0
2017-07-19,80.36,80.89,79.99,80.84,1322844,0.0
2017-07-20,80.07,80.22,78.43,78.96,2242528,0.0
2017-07-23,78.96,79.455,78.42,78.77,1288261,0.0
2017-07-24,78.79,80.1,78.45,79.52,1249928,0.0
2017-07-25,80.06,81.3,79.8,80.72,1565445,0.0
2017-07-26,80.83,81.28,78.96,79.541,1934918,0.0
2017-07-27,79.28,79.37,78.49,79.24,1242658,0.0
2017-07-30,79.46,79.93,78.94,79.03,1349602,0.0
2017-07-31,79.23,79.475,78.635,78.95,1105038,0.0
2017-08-01,79.49,79.65,78.36,78.8,1663605,0.0
2017-08-02,78.67,78.9888,77.73,77.91,1587113,0.0
2017-08-03,78.09,78.4,77.525,77.77,1306799,0.0
2017-08-06,79.65,79.65,77.76,78.87,1360645,0.0
2017-08-07,78.66,79.88,78.41,78.96,1121183,0.0
2017-08-08,78.52,78.65,77.42,78.005,1459288,0.0
2017-08-09,77.47,77.95,76.6496,76.83,1728198,0.0
2017-08-10,76.76,78.29,76.41,78.05,1351655,0.0
2017-08-13,78.66,80.16,78.57,79.89,1703860,0.0
2017-08-14,79.93,80.37,79.28,79.97,1134068,0.0
2017-08-15,80.01,80.9,79.79,80.05,1600980,0.0
2017-08-16,79.8,79.89,77.55,77.56,1533363,0.0
2017-08-17,77.6,78.07,77.03,77.73,1395772,0.0
2017-08-20,77.81,77.99,76.95,77.7,954960,0.0
2017-08-21,78.12,79.3,78.09,79.16,1208901,0.0
2017-08-22,78.5,79.3,78.12,79.07,986641,0.0
2017-08-23,79.35,79.44,78.83,79.27,895426,0.0
2017-08-24,79.57,79.84,78.81,78.97,760284,0.0
2017-08-27,79.21,79.71,79.2,79.44,1377032,0.0
2017-08-28,78.69,79.82,78.54,79.56,2184555,0.0
2017-08-29,82.13,83.89,81.24,83.72,5855104,0.0
2017-08-30,84.34,85,83.4,83.68,4059806,0.0
2017-08-31,83.94,85.18,83.6,84.37,1956188,0.0
2017-09-04,83.74,84.1,82.01,83.01,2049242,0.0
2017-09-05,83.26,83.56,82.22,82.51,1914503,0.0
2017-09-06,82.58,82.68,80.8,81.1,2616842,0.0
2017-09-07,81.21,81.59,80.1,80.43,1948861,0.0
2017-09-10,80.81,82.69,80.81,82.23,2202242,0.0
2017-09-11,82.63,82.8,81.49,82.17,2152451,0.0
2017-09-12,81.83,82.39,81.7,82.05,1349442,0.0
2017-09-13,81.75,83.14,81.71,82.34,1754805,0.0
2017-09-14,82.12,84.06,82.12,83.84,1953007,0.0
2017-09-17,85,85.54,84.07,85.18,2710530,0.0
2017-09-18,85.21,85.71,84.33,85.24,1177608,0.0
2017-09-19,85.21,85.29,82.91,83.7,1636496,0.0
2017-09-20,83.52,84.38,83.09,84.25,1567487,0.0
2017-09-21,83.81,85.24,83.81,84.91,1577561,0.0
2017-09-24,84.47,85,83.62,83.89,1233989,0.0
2017-09-25,84.58,84.66,83.6048,83.901,701469,0.0
2017-09-26,84.69,85.23,83.81,84.92,1003613,0.0
2017-09-27,84.59,85.7799,84.45,85.64,1150978,0.0
2017-09-28,85.68,86.41,85.58,86.15,1144939,0.0
2017-10-01,86.59,86.77,85.68,85.81,1040001,0.0
2017-10-02,85.96,86.53,85.84,85.9,1615575,0.0
2017-10-03,85.7,87.0786,85.58,87,1929884,0.0
2017-10-04,87.1,88.345,86.7,87.9,1830502,0.0
2017-10-05,87.49,87.99,87.4001,87.87,682305,0.0
2017-10-08,87.96,88.27,87.28,87.71,892108,0.0
2017-10-09,88.08,88.14,87.37,88,899425,0.0
2017-10-10,87.71,88.59,87.69,88.56,686451,0.0
2017-10-11,88.48,89.06,88.3,88.81,1451289,0.0
2017-10-12,88.95,89.67,88.51,89.07,1731538,0.0
2017-10-15,89.51,89.625,88.21,88.83,1604288,0.0
2017-10-16,88.67,89.06,88.37,88.93,902830,0.0
2017-10-17,89.21,89.26,88.2801,89.01,793507,0.0
2017-10-18,88.32,88.83,87.38,88.8,1017656,0.0
2017-10-19,89.61,89.93,88.76,88.93,1254037,0.0
2017-10-22,89.43,89.67,88.56,88.8,1523683,0.0
2017-10-23,88.77,90.79,88.38,90.28,2010988,0.0
2017-10-24,89.66,90.45,89.23,89.86,1514807,0.0
2017-10-25,90.26,90.96,89.86,90.54,883561,0.0
2017-10-26,90.83,91.38,89.96,91.2,1102907,0.0
2017-10-29,91.35,91.96,90.89,91.3,949338,0.0
2017-10-30,91.47,91.74,90.75,91.3,946170,0.0
2017-10-31,91.85,92.1104,90.59,91.01,1952131,0.0
2017-11-01,90.85,91.47,90.26,90.79,1082155,0.0
2017-11-02,90.97,91.83,90.191,91.82,985548,0.0
2017-11-05,92.42,92.96,91.65,92.3,1004872,0.0
2017-11-06,92.08,92.57,91.7,91.9,937662,0.0
2017-11-07,91.9,92.4462,91.04,92,910412,0.0
2017-11-08,91.67,91.69,87.98,89.76,2454158,0.0
2017-11-09,89.54,90.03,88.88,89.59,1821327,0.0
2017-11-12,89.36,90.21,89,90.04,1373915,0.0
2017-11-13,89.79,90.49,89.3963,90.44,1499912,0.0
2017-11-14,89.58,89.95,88.67,89.16,1709265,0.0
2017-11-15,89.79,90.75,89.41,90.46,1390853,0.0
2017-11-16,91.14,91.14,90.24,90.42,1612600,0.0
2017-11-19,90.97,93.99,90.73,93.05,5279149,0.0
2017-11-20,92.62,92.83,88.88,90.2,4994679,0.0
2017-11-21,89.61,90.74,88.43,88.66,3195848,0.0
2017-11-23,88.67,89.25,88.01,89.16,1262798,0.0
2017-11-26,88.49,88.83,87.4,87.43,2173491,0.0
2017-11-27,87.08,87.44,86.389,87.1,2927058,0.0
2017-11-28,87.08,87.29,83.8953,85.67,4920191,0.0
2017-11-29,85.82,86.27,84.99,86.11,2380602,0.0
2017-11-30,85.51,85.77,83.5901,85.41,2662907,0.0
2017-12-03,85.56,85.6386,83.85,84.79,2958015,0.0
2017-12-04,84.53,85.7,84.16,84.83,1691362,0.0
2017-12-05,84.26,85.48,84.03,85.42,2174539,0.0
2017-12-06,85.61,86.51,85.17,86.12,2672017,0.0
2017-12-07,86.45,86.92,84.91,85.52,2690819,0.0
2017-12-10,85.4,86.36,85.29,85.84,1623498,0.0
2017-12-11,85.75,85.98,84.91,85.48,1742420,0.0
2017-12-12,85.82,85.925,85.13,85.2,1441328,0.0
2017-12-13,85.17,85.97,84.82,85.45,1546051,0.0
2017-12-14,85.79,87.205,85.29,86.7,1999956,0.0
2017-12-17,87.21,88.35,87.2,88.13,1480830,0.0
2017-12-18,87.93,88.47,87.41,87.94,1508496,0.0
2017-12-19,88.12,88.93,87.8404,88.66,1548153,0.0
2017-12-20,89,89.14,88.42,88.67,1248728,0.0
2017-12-21,88.5,88.87,88.26,88.87,1154954,0.0
2017-12-25,88.28,88.7,87.68,88.63,1050898,0.0
2017-12-26,88.89,89.58,88.57,89.09,1267383,0.0
2017-12-27,89.3,89.86,88.7,89.37,1349093,0.0
2017-12-28,89.36,89.68,88.77,89.07,1236888,0.0
2018-01-01,89.24,90.65,88.93,90.31,1617532,0.0
2018-01-02,90.28,91.61,90.05,91.38,1411019,0.0
2018-01-03,91.87,92.28,91.25,91.29,1431423,0.0
2018-01-04,91.52,92.2699,90.83,91.64,1291345,0.0
2018-01-07,91.81,92.21,91.36,91.84,1158105,0.0
2018-01-08,91.8,92.33,91.42,91.64,1889203,0.0
2018-01-09,91.08,91.15,89.79,90.12,1647691,0.0
2018-01-10,90.4,91.26,89.94,91.19,1371562,0.0
2018-01-11,91.06,92.59,90.565,92.02,2148479,0.0
2018-01-15,92.38,93.7,92.35,93.11,2413283,0.0
2018-01-16,94,95.955,93.61,95.57,2723752,0.0
2018-01-17,95.58,98.38,95.33,97.25,4055079,0.0
2018-01-18,97.64,97.9399,96.14,96.15,1838566,0.0
2018-01-21,96.39,97,95.77,96.65,3030842,0.0
2018-01-22,96.59,97.12,95.89,96.46,2591089,0.0
2018-01-23,94.38,96.6353,93.21,95.35,5254040,0.0
2018-01-24,96.19,96.53,91.93,91.97,2800215,0.0
2018-01-25,93.09,94.17,92.58,93.79,3730957,0.0
2018-01-28,93.2,94.44,92.41,93.79,1923521,0.0
2018-01-29,92.77,93.39,91.365,91.55,2895577,0.0
2018-01-30,91.89,92.55,91.42,91.9,1449010,0.0
2018-01-31,91.25,92.58,91.25,91.62,1684331,0.0
2018-02-01,90.74,91.29,89.06,89.12,2054451,0.0
2018-02-04,88.75,89.61,85.33,85.39,2751353,0.0
2018-02-05,84.2,88.71,82.76,88.54,4007773,0.0
2018-02-06,86.75,87.95,85.29,85.36,3578845,0.0
2018-02-07,85.54,85.6011,82.57,82.68,4193908,0.0
2018-02-08,83.91,84.58,80.95,83.88,4311408,0.0
2018-02-11,84.3,85.9,84.03,85.03,2106064,0.0
2018-02-12,86.01,86.43,83.77,84.35,2044503,0.0
2018-02-13,83.52,85.45,83.41,85.12,1956714,0.0
2018-02-14,85.94,85.94,84.21,85.43,1655529,0.0
2018-02-15,85.28,86.79,85.1701,86.08,2048813,0.0
2018-02-19,87.33,89.49,86.92,88.41,3069905,0.0
2018-02-20,88.81,90.04,87.85,88.41,1887750,0.0
2018-02-21,88.46,89.36,88.07,88.57,1735995,0.0
2018-02-22,89.35,90.43,89.17,90.37,1585967,0.0
2018-02-25,90.57,92.42,90.57,92.36,1922909,0.0
2018-02-26,92.21,93.65,91.6303,92.26,2175227,0.0
2018-02-27,94.54,94.92,89.6001,90.15,3247210,0.0
2018-02-28,89.89,90.53,86.79,88.31,3188638,0.0
2018-03-01,87.44,89.67,86.98,89.53,1681219,0.0
2018-03-04,88.83,91.7,88.765,91.13,2328597,0.0
2018-03-05,91.73,92.57,91.18,91.92,1339193,0.0
2018-03-06,91.33,92.8,90.55,92.74,1620232,0.0
2018-03-07,92.9,93.3,92.07,92.71,1544411,0.0
2018-03-08,93.25,94.85,93.25,94.73,1858438,0.0
2018-03-11,94.74,95.73,94.665,95.53,1760755,0.0
2018-03-12,95.99,96.85,94.22,94.65,2186789,0.0
2018-03-13,94.94,95.329,93.27,94.11,1047561,0.0
2018-03-14,93.92,94.36,93.16,93.96,813028,0.0
2018-03-15,94.1,95.01,93.76,94.15,1593074,0.0
2018-03-18,93.73,93.82,91.84,93.5,1908841,0.0
2018-03-19,93.51,93.63,92.37,92.71,1181901,0.0
2018-03-20,92.5,93.89,92.3228,92.79,987469,0.0
2018-03-21,91.53,92.43,90.48,90.53,1536008,0.0
2018-03-22,90.36,90.85,87.65,87.71,1512224,0.0
2018-03-25,89.33,93.19,88.94,93.11,2605825,0.0
2018-03-26,93.78,94.32,90.27,91.06,3405847,0.0
2018-03-27,90.71,91.6206,89.41,89.92,1932218,0.0
2018-03-28,90.7,92.015,89.85,91.14,1791918,0.0
2018-04-01,90.47,90.88,87.92,88.76,2211830,0.0
2018-04-02,89.61,89.92,87.9,89.52,1943520,0.0
2018-04-03,87.81,91.525,87.54,91.25,1365590,0.0
2018-04-04,92.1,92.45,90.26,90.93,1320986,0.0
2018-04-05,89.85,90.48,88.13,88.33,1570803,0.0
2018-04-08,89.12,90.44,87.9,87.98,1492332,0.0
2018-04-09,89.5,90.81,88.76,90.02,1604606,0.0
2018-04-10,89.28,91.15,89.18,90.81,1260927,0.0
2018-04-11,91.69,93.24,91.2,93.04,1899735,0.0
2018-04-12,93.41,93.6,92.195,92.79,1101633,0.0
2018-04-15,93.18,93.58,92.48,93.14,1461676,0.0
2018-04-16,93.65,95.54,93.65,95.18,1332796,0.0
2018-04-17,94.78,95.45,94.025,94.58,1462379,0.0
2018-04-18,92.98,92.98,89.76,89.86,2604457,0.0
2018-04-19,89.39,90,88.66,89.77,3554249,0.0
2018-04-22,90.17,90.19,87.52,87.99,1886949,0.0
2018-04-23,89.27,89.47,87.32,87.67,2284216,0.0
2018-04-24,88.06,88.92,87.33,87.78,2055801,0.0
2018-04-25,88.45,89.03,87.72,88.69,1241342,0.0
2018-04-26,89.27,89.382,87.21,87.68,1930158,0.0
2018-04-29,87.77,88.205,86.03,87.35,2625774,0.0
2018-04-30,87.14,89,86.74,88.81,1592805,0.0
2018-05-01,89.01,89.205,87.48,88.31,1124570,0.0
2018-05-02,87.52,88.27,86.23,87.91,1610440,0.0
2018-05-03,87.55,90.315,87.12,90.269,1843205,0.0
2018-05-06,89.86,91.17,89.86,90.49,1507684,0.0
2018-05-07,90.93,91.45,90.11,91.42,940081,0.0
2018-05-08,91.86,92.74,91.42,92.62,1311948,0.0
2018-05-09,93.08,93.4,92.39,93.34,1412797,0.0
2018-05-10,93.08,93.64,92.42,92.6,858291,0.0
2018-05-13,93.28,94.92,93.19,93.89,1561631,0.0
2018-05-14,93.18,93.8508,92.79,93.56,1421137,0.0
2018-05-15,93.95,94.8,93.58,94.76,836921,0.0
2018-05-16,94.21,95.18,94.16,95.03,2346198,0.0
2018-05-17,94.7,95.57,94.08,94.89,2473729,0.0
2018-05-20,95.57,96.07,94.5,95.3,1088665,0.0
2018-05-21,95.78,96.37,95.34,95.7,875792,0.0
2018-05-22,94.44,95.07,94.045,94.4,2220637,0.0
2018-05-23,94.51,95.27,93.99,95.06,1396436,0.0
2018-05-24,95.2,95.5,94.54,95.44,898748,0.0
2018-05-28,94.68,95.32,93.88,94.39,2338435,0.0
2018-05-29,93.07,96.98,93,94.97,2640981,0.0
2018-05-30,95.91,98.39,95.55,97.17,4016094,0.0
2018-05-31,97.68,98.43,96.4568,98.4,1691858,0.0
2018-06-03,98.5,100.285,97.43,99.98,1917295,0.0
2018-06-04,100.01,100.92,99.65,100.68,1232658,0.0
2018-06-05,100.86,102.15,100.11,102.1,1504496,0.0
2018-06-06,102.31,103.59,101.55,101.96,2667523,0.0
2018-06-07,101.2,101.31,100,101.06,1592238,0.0
2018-06-10,100.86,101.85,100.7,101.4,799537,0.0
2018-06-11,101.58,102.07,100.95,102.02,838002,0.0
2018-06-12,102.14,102.2183,100.73,101.05,1159957,0.0
2018-06-13,101.78,102.98,101.31,101.7,1303784,0.0
2018-06-14,101.96,101.96,100.1,101.5,1534059,0.0
2018-06-17,100.55,101.26,99.83,101.09,759994,0.0
2018-06-18,99.5,100.13,98.9,100.05,1040881,0.0
2018-06-19,100.35,101.07,99.78,101,1029815,0.0
2018-06-20,101.34,101.34,98.98,99.17,1197029,0.0
2018-06-21,99.83,99.88,98.68,99.08,870099,0.0
2018-06-24,98.14,98.5,96.885,98.16,3753068,0.0
2018-06-25,98.45,99.41,98.05,98.69,1900240,0.0
2018-06-26,98.85,99.35,96.46,96.47,3954030,0.0
2018-06-27,96.26,96.6999,95.03,95.96,1869008,0.0
2018-06-28,96.41,97.83,95.75,95.93,1827210,0.0
2018-07-01,95.04,96.37,94.62,96.3,1497086,0.0
2018-07-02,96.74,96.84,94.37,94.52,553694,0.0
2018-07-04,95.38,96.54,94.93,96.41,1366256,0.0
2018-07-05,96.39,97.41,95.92,97.23,1039068,0.0
2018-07-08,97.42,97.86,96.17,97.19,1050378,0.0
2018-07-09,97.41,98.67,97.015,98.55,1668074,0.0
2018-07-10,97.4,97.91,95.97,96.22,1009303,0.0
2018-07-11,96.18,98.58,95.9,98.4,1425091,0.0
2018-07-12,98.62,98.74,97.89,98.11,983032,0.0
2018-07-15,98.35,98.39,97.32,97.65,658002,0.0
2018-07-16,96.97,98.34,96.455,98.27,864842,0.0
2018-07-17,98.53,99.396,98.47,99.08,1087115,0.0
2018-07-18,98.79,98.96,97.4,98.27,934851,0.0
2018-07-19,98.02,98.6925,97.3,97.81,936561,0.0
2018-07-22,97.39,97.955,96.33,97.79,913466,0.0
2018-07-23,98.04,99.1767,97.305,97.45,1830455,0.0
2018-07-24,97.48,98.15,95.09,96.56,2078267,0.0
2018-07-25,97.57,98.56,96.73,97.7,2106700,0.0
2018-07-26,98.09,99.09,96.71,97,1598502,0.0
2018-07-29,96.99,97.57,95.01,95.31,1387422,0.0
2018-07-30,95.76,96.86,95.58,96.14,1790851,0.0
2018-07-31,95.43,96.74,95.43,96.05,1499809,0.0
2018-08-01,95,96.55,94.7508,96.19,1135552,0.0
2018-08-02,96.08,96.7,95.8686,96.55,797702,0.0
2018-08-05,96.19,97.42,96.06,97.37,1063062,0.0
2018-08-06,97.71,98.69,97.45,98.59,839822,0.0
2018-08-07,98.5,98.71,97.94,98.49,952817,0.0
2018-08-08,98.54,98.67,97.74,97.74,912817,0.0
2018-08-09,95.33,96.71,94.08,94.94,2538510,0.0
2018-08-12,95.19,96.13,94.84,95.14,1264926,0.0
2018-08-13,95.58,96.2399,94.815,94.85,1009305,0.0
2018-08-14,93.94,94.52,92.81,93.77,1649477,0.0
2018-08-15,94.39,95.07,93.96,94.27,1254264,0.0
2018-08-16,93.46,94.83,92.6681,94.58,2347180,0.0
2018-08-19,94.79,94.91,93.24,93.73,1547636,0.0
2018-08-20,94.06,96.46,93.42,95.92,3039835,0.0
2018-08-21,92.55,98.12,92.05,97.94,7000358,0.0
2018-08-22,98.29,98.98,97.24,97.39,2097907,0.0
2018-08-23,98.06,98.885,97.44,98.76,2081012,0.0
2018-08-26,99.29,100.72,99,100.07,1893829,0.0
2018-08-27,100.61,100.87,99.46,100.41,2603646,0.0
2018-08-28,100.42,100.42,99.75,100.18,1701193,0.0
2018-08-29,99.48,100.17,98.28,98.57,1152482,0.0
2018-08-30,98.21,99.24,98.2025,98.86,1271011,0.0
2018-09-03,97.49,98.89,97.11,98.11,3714959,0.0
2018-09-04,98.12,98.84,97.49,97.87,2280678,0.0
2018-09-05,97.45,98.09,96.11,97.08,2565618,0.0
2018-09-06,94.86,95.92,93.59,93.96,5067649,0.0
2018-09-09,94.56,95.18,93.05,94.59,2526923,0.0
2018-09-10,94.12,94.39,93.1,93.25,2721278,0.0
2018-09-11,92.1,92.56,89.35,91.01,5291668,0.0
2018-09-12,92.19,93.07,90.88,92.4,3201957,0.0
2018-09-13,92.68,93.43,92.09,92.52,2055045,0.0
2018-09-16,92.11,92.82,91.155,91.32,1419706,0.0
2018-09-17,91.67,92.47,91.35,91.86,2220672,0.0
2018-09-18,92.19,92.805,91.8,92.57,1453601,0.0
2018-09-19,93.55,95.66,93.45,95.1,2205224,0.0
2018-09-20,95.56,95.7,94.19,94.57,2151994,0.0
2018-09-23,94.14,95.37,93.33,95,1882947,0.0
2018-09-24,92.4,93.49,90.5481,92.56,5447506,0.0
2018-09-25,93.07,93.75,92.19,92.31,3138609,0.0
2018-09-26,92.31,92.54,91.61,92.18,1818643,0.0
2018-09-27,92.23,92.52,91.6,92.46,1604372,0.0
2018-09-30,92.82,93.39,92.25,92.39,1534692,0.0
2018-10-01,92.66,93.92,92.27,92.29,1710173,0.0
2018-10-02,92.51,92.59,90.86,91.83,2853222,0.0
2018-10-03,91.17,91.6,89.57,89.99,3516659,0.0
2018-10-04,89,89.48,86.26,87.15,5351603,0.0
2018-10-07,86.79,87.23,85.52,86.48,2523867,0.0
2018-10-08,86.62,86.95,85.59,86.77,3089177,0.0
2018-10-09,85.46,86.04,83.18,83.91,8060119,0.0
2018-10-10,85.56,86.59,83.25,83.67,4453627,0.0
2018-10-11,85.23,85.77,83.07,84.16,2795364,0.0
2018-10-14,83.71,84.67,83.1,83.9,2313191,0.0
2018-10-15,84.78,85.84,84.14,85.75,2641048,0.0
2018-10-16,86.35,86.42,84.6,85.29,2990915,0.0
2018-10-17,83,84.29,81.55,83.17,4468207,0.0
2018-10-18,82.93,84.22,81.87,82.33,2440336,0.0
2018-10-21,83.01,83.39,82.36,82.55,1558574,0.0
2018-10-22,80.74,83.01,79.7,82.67,3931526,0.0
2018-10-23,80.32,80.74,77.76,77.78,6603982,0.0
2018-10-24,78.94,79.9,78.76,79.08,3309354,0.0
2018-10-25,77.56,80.1,76.62,78.96,4058307,0.0
2018-10-28,81.32,81.95,78.98,80.5,4466624,0.0
2018-10-29,80.62,82.86,80.415,82.81,3812391,0.0
2018-10-30,83.93,84.3,82.88,83.69,2995688,0.0
2018-10-31,84.16,88.5,83.72,88.01,3363697,0.0
2018-11-01,88.32,89.01,86.25,87.19,3138633,0.0
2018-11-04,87.09,87.42,85.59,86.36,1591902,0.0
2018-11-05,86.56,88,86.37,87.96,1455212,0.0
2018-11-06,89.01,89.02,87.39,88.31,1667414,0.0
2018-11-07,87.59,90.08,87.59,89.94,1740489,0.0
2018-11-08,89.46,89.73,87.01,87.58,2149923,0.0
2018-11-11,86.4,86.615,84.1,84.2,2472101,0.0
2018-11-12,84.84,86.81,84.63,85.31,2041574,0.0
2018-11-13,86.32,87.11,85.47,86.15,1968710,0.0
2018-11-14,86.03,89.87,86.03,89.85,4269063,0.0
2018-11-15,88.1,89.96,87.64,89.5,2950338,0.0
2018-11-18,89.62,89.97,85.45,85.54,6320101,0.0
2018-11-19,84.76,89.87,83.84,89.02,5745840,0.0
2018-11-20,89.55,90.83,88.21,89.69,3323796,0.0
2018-11-22,88.65,89.401,87.87,88.64,1014438,0.0
2018-11-25,90.31,90.63,89.02,90.09,1972156,0.0
2018-11-26,89.46,90.14,88.36,89.58,2410227,0.0
2018-11-27,89.43,90.79,88,90.74,2782752,0.0
2018-11-28,89.98,90.59,89.35,89.51,1759698,0.0
2018-11-29,89.7,91.97,88.79,91.97,2406205,0.0
2018-12-02,93.34,94.62,92.81,93.52,3087709,0.0
2018-12-03,93.14,93.38,90.38,90.42,3251459,0.0
2018-12-05,87.33,89.55,86.17,89.54,2622569,0.0
2018-12-06,89.07,89.98,86.19,86.43,2487737,0.0
2018-12-09,86.36,88.635,86,88.49,1769967,0.0
2018-12-10,89.91,91.04,88.28,88.63,1851945,0.0
2018-12-11,90.52,90.52,89,89.05,1845871,0.0
2018-12-12,89.67,89.99,88.08,88.46,1390721,0.0
2018-12-13,87.48,88.39,86.97,87.24,2013715,0.0
2018-12-16,87.25,88.96,86.75,87.28,2079268,0.0
2018-12-17,88.23,89.36,87.5,88.04,1824917,0.0
2018-12-18,86.73,87.92,83.2429,83.68,3677152,0.0
2018-12-19,83.24,84.55,81.53,82.74,3105605,0.0
2018-12-20,83.41,85.11,81.94,82.34,3807121,0.0
2018-12-23,82.11,82.91,80.36,80.41,1200137,0.0
2018-12-25,81.19,84.43,80.08,84.43,1970590,0.0
2018-12-26,83.26,85.4,81.8573,85.4,1694806,0.0
2018-12-27,85.49,86.9,84.43,85.45,1804001,0.0
2018-12-30,86.09,86.54,84.97,85.37,1226686,0.0
2019-01-01,84.03,86.43,83.96,85.72,2088593,0.0
2019-01-02,82.99,84.35,80.62,80.925,3778258,0.0
2019-01-03,81.46,83.01,80.46,82.585,2873849,0.0
2019-01-06,82.54,84.19,82.08,83.3,1947967,0.0
2019-01-07,84.27,85.26,82.67,85.24,3361190,0.0
2019-01-08,85.82,88.5,85.82,87.23,2987101,0.0
2019-01-09,86.89,88.62,86.57,88.605,1527244,0.0
2019-01-10,88.07,91.11,88.07,90.02,2604047,0.0
2019-01-13,88.68,88.99,87.36,87.585,1874600,0.0
2019-01-14,87.66,88.54,87.0067,87.56,1713205,0.0
2019-01-15,87.6,88.52,87.05,87.06,1172968,0.0
2019-01-16,86.51,88.8,85.44,88.66,1961184,0.0
2019-01-17,89.61,91.53,88.43,91.22,3199277,0.0
2019-01-21,90.57,90.75,88.21,88.97,2217787,0.0
2019-01-22,89.4,89.71,87.77,88.85,1368959,0.0
2019-01-23,90.53,95.5,90.53,94.77,4368965,0.0
2019-01-24,95.8,98.145,95.55,97.55,3672229,0.0
2019-01-27,94.95,97.7,94.86,97.49,1923490,0.0
2019-01-28,98.3,98.3,96.5732,97.15,1721112,0.0
2019-01-29,97.57,99.44,97.11,98.89,2286220,0.0
2019-01-30,98.74,98.96,98.03,98.89,1971787,0.0
2019-01-31,99.17,100.63,98.84,100.53,2545483,0.0
2019-02-03,100.47,100.79,98.73,99.77,2194488,0.0
2019-02-04,99.54,100.51,99.05,100.345,2006516,0.0
2019-02-05,101.05,103.48,101,102.465,2849475,0.0
2019-02-06,101.32,102.1,99.54,100.6,2764426,0.0
2019-02-07,99.45,100.92,99.07,100.6,2082673,0.0
2019-02-10,102.4,102.65,101.02,101.71,1866138,0.0
2019-02-11,103.13,104.88,102.88,104.23,2948759,0.0
2019-02-12,104.43,105.09,103.47,104.485,2074875,0.0
2019-02-13,104.23,105.035,103.61,104.575,2693446,0.0
2019-02-14,105.37,105.79,104.285,105.725,1945042,0.0
2019-02-18,105.44,105.7,104.39,104.41,3243536,0.0
2019-02-19,104.79,108.28,104.71,106.83,4023051,0.0
2019-02-20,106.33,106.8,104.92,105.29,2743966,0.0
2019-02-21,106.08,106.33,105.19,105.9,1889563,0.0
2019-02-24,106.8,108.22,106.61,107.9,3729100,0.0
2019-02-25,107.36,107.8599,106.8,107.17,1800524,0.0
2019-02-26,106.33,106.62,104.97,105.93,2292655,0.0
2019-02-27,104.95,107.215,104.95,106.96,2067162,0.0
2019-02-28,107.84,108.79,106.7501,108.45,2474401,0.0
2019-03-03,109,109.48,106.76,108.68,2139709,0.0
2019-03-04,108.61,109.04,107.96,108.23,1730715,0.0
2019-03-05,108.32,108.6575,106.56,106.77,1799126,0.0
2019-03-06,106.76,106.76,105.221,105.68,2053435,0.0
2019-03-07,104.75,105.68,104.12,105.4,4439409,0.0
2019-03-10,105.45,107.74,105.43,107.69,2169411,0.0
2019-03-11,107.67,108.55,106.66,107.93,1984307,0.0
2019-03-12,108.42,109.06,107.69,108.08,1386148,0.0
2019-03-13,108.39,108.39,107.12,108.24,1679693,0.0
2019-03-14,110.38,110.6,109.37,109.38,2289801,0.0
2019-03-17,109.03,110.03,108.43,109.14,1765205,0.0
2019-03-18,109.91,110.3778,109.29,109.97,1481307,0.0
2019-03-19,109.97,110.265,108.12,108.61,2167964,0.0
2019-03-20,108.56,111.12,108.5,110.19,2664243,0.0
2019-03-21,109.79,109.99,107.32,107.36,1872700,0.0
2019-03-24,104.84,106.09,104,105.25,2538179,0.0
2019-03-25,106.03,107.14,105.72,107.11,2323912,0.0
2019-03-26,106.96,107.47,103.78,104.96,2062714,0.0
2019-03-27,105.06,105.64,103.3,104.05,2260451,0.0
2019-03-28,105.17,105.76,104.5964,105.26,2099106,0.0
2019-03-31,106.52,108.48,106.26,108.26,1136465,0.0
2019-04-01,108.13,108.49,107.41,108.11,1450753,0.0
2019-04-02,109.23,111.06,109.16,109.85,2099499,0.0
2019-04-03,109.76,110.96,109.14,110.54,1695161,0.0
2019-04-04,111.09,111.7999,110.55,111.47,1398041,0.0
2019-04-07,110.75,111.825,110.36,111.74,1803311,0.0
2019-04-08,111.5,111.73,110.08,110.5,1476966,0.0
2019-04-09,110.4,112.12,109.95,112.09,1713375,0.0
2019-04-10,112.37,112.68,111.17,111.82,1632204,0.0
2019-04-11,112.82,114.29,112.14,114.22,1660932,0.0
2019-04-14,114.44,114.5875,112.62,112.92,1051875,0.0
2019-04-15,113.33,114.99,113.25,114.58,2014005,0.0
2019-04-16,115.08,115.93,113.85,114.38,2185313,0.0
2019-04-17,115.09,115.09,113.76,114.82,1761938,0.0
2019-04-21,114.41,114.6,113.45,113.59,1381210,0.0
2019-04-22,113.57,114.4,113.2201,114.12,2484246,0.0
2019-04-23,114.78,118.54,114.15,117.27,4492443,0.0
2019-04-24,116.38,116.4,113.51,115.02,2634114,0.0
2019-04-25,113.25,114.5899,112.16,114.44,2043973,0.0
2019-04-28,114.25,114.79,113.4,113.87,1462636,0.0
2019-04-29,114.46,116.83,113.93,116.25,2273241,0.0
2019-04-30,116.56,116.96,114.64,114.69,1390137,0.0
2019-05-01,114.83,117.42,114.55,116.97,2009565,0.0
2019-05-02,117.58,117.96,115.93,116.95,2213530,0.0
2019-05-05,114.07,115.39,113.4,114.93,1903473,0.0
2019-05-06,113.4,114.29,111.79,113.68,2450777,0.0
2019-05-07,112.46,112.97,110.47,110.53,3170700,0.0
2019-05-08,109.14,111.09,107.845,110.55,3145051,0.0
2019-05-09,110.21,111.15,107.68,110.61,2116347,0.0
2019-05-12,107.14,107.68,103.66,104.2,4260505,0.0
2019-05-13,105.17,107.21,104.98,106.74,1911645,0.0
2019-05-14,105.59,108.83,105.53,107.9,1483260,0.0
2019-05-15,105.66,106.18,104.06,104.65,3892639,0.0
2019-05-16,103.22,103.86,100.185,100.85,4669733,0.0
2019-05-19,97.88,99.24,96.7179,97.46,3754592,0.0
2019-05-20,101.42,101.75,99.1,100.02,4014379,0.0
2019-05-21,98.84,103.1,98.5867,101.44,4835274,0.0
2019-05-22,99.48,100.56,97.6,98.74,3033467,0.0
2019-05-23,99.57,100.42,98.33,98.42,2079983,0.0
2019-05-27,98.66,99.14,96.76,97.07,1804324,0.0
2019-05-28,96.12,98.83,95.94,98.09,2589681,0.0
2019-05-29,97.82,99.57,97.37,98.08,1862641,0.0
2019-05-30,96.99,98.585,96.48,96.61,1822911,0.0
2019-06-03,97.51,101.08,96.91,101,2978110,0.0
2019-06-04,101.64,102.43,98.43,99.87,1570860,0.0
2019-06-05,99.71,100.31,98.63,99.99,1304320,0.0
2019-06-06,100.67,100.99,99.73,100.69,2709064,0.0
2019-06-09,104.29,107.53,103.13,106.56,3739070,0.0
2019-06-10,107.61,108.56,104.67,105.15,1957845,0.0
2019-06-11,104.89,104.89,103.6586,104.37,1240220,0.0
2019-06-12,104.78,105.8729,104.492,105.81,2791997,0.0
2019-06-13,103.44,104.41,102.78,104,4040110,0.0
2019-06-16,104.2,105.78,103.47,105.11,1545950,0.0
2019-06-17,106.69,110.59,106.05,109.97,2650476,0.0
2019-06-18,110.49,111.53,109.5,111.04,2083397,0.0
2019-06-19,113.55,113.94,111.51,112.53,2110116,0.0
2019-06-20,112.12,114.36,111.53,113.66,2717086,0.0
2019-06-23,113.71,114.32,112.66,112.9,1827328,0.0
2019-06-24,113.01,113.54,109.85,110.28,2019835,0.0
2019-06-25,111.49,112.735,110.39,110.87,3114411,0.0
2019-06-26,111.69,113.715,111.28,112.84,1717031,0.0
2019-06-27,113.57,114.42,112.61,112.74,1706423,0.0
2019-06-30,117.17,118.14,114.41,115,2287258,0.0
2019-07-01,114.49,114.5,112.64,113.53,1145904,0.0
2019-07-02,113.62,113.67,111.86,113.14,978473,0.0
2019-07-04,112.07,112.98,111.31,112.89,791276,0.0
2019-07-07,112.19,112.62,111.43,111.85,1063898,0.0
2019-07-08,111.76,113.92,111.4,113.29,1571068,0.0
2019-07-09,114.68,115.725,112.94,114.02,1486565,0.0
2019-07-10,114.27,114.27,113.03,113.98,1123802,0.0
2019-07-11,114.22,116.26,114.22,116.21,1835103,0.0
2019-07-14,116.9,117.6851,116.22,117.03,980044,0.0
2019-07-15,116,116.09,114.16,115.46,1637955,0.0
2019-07-16,115.94,116.01,113.93,113.93,1340472,0.0
2019-07-17,114,116.25,113.25,116.01,1890432,0.0
2019-07-18,116.29,117.07,115.52,115.81,1422007,0.0
2019-07-21,116.05,118.08,115.55,117.71,1479687,0.0
2019-07-22,118.5,119.93,117.69,119.92,1898387,0.0
2019-07-23,120.54,124.785,120.51,124.63,3972076,0.0
2019-07-24,123.19,124.1,120.58,122.18,2357281,0.0
2019-07-25,123.09,123.09,121.71,121.8,1037432,0.0
2019-07-28,122.08,122.5,120.82,121.19,1444195,0.0
2019-07-29,120.3,121.3808,119.57,120.93,1028570,0.0
2019-07-30,120.97,120.97,116.06,117.49,2057319,0.0
2019-07-31,117.78,120.15,113.105,114.42,2622732,0.0
2019-08-01,114.21,114.46,112.32,112.73,2133806,0.0
2019-08-04,109.44,109.85,106.14,107.59,2643524,0.0
2019-08-05,108.86,110.39,108.13,109.27,2432932,0.0
2019-08-06,107.85,110.255,107.16,109.8,1621310,0.0
2019-08-07,110.22,112.46,109.4,112.38,1373796,0.0
2019-08-08,111.23,111.89,109.78,110.64,1369770,0.0
2019-08-11,110.22,110.62,108.28,108.94,1171630,0.0
2019-08-12,109.11,113.58,108.14,113.04,2184764,0.0
2019-08-13,110.31,111.71,109.55,110.32,1254659,0.0
2019-08-14,110.61,110.95,107.81,108.45,1892982,0.0
2019-08-15,109.81,111.25,109.2,110.51,2364495,0.0
2019-08-18,113.06,113.72,110.81,111.17,2298998,0.0
2019-08-19,110.37,111.46,109.93,110.34,1855263,0.0
2019-08-20,109,111.7,107.78,108.61,2895809,0.0
2019-08-21,108.55,109.4,107.22,108.63,2530761,0.0
2019-08-22,106.98,107.513,103.72,104.16,3718186,0.0
2019-08-25,105.57,106.0916,105,106.08,1804444,0.0
2019-08-26,107.29,107.79,106.33,107.09,1757979,0.0
2019-08-27,106.44,108.06,105.83,108.04,1283398,0.0
2019-08-28,109.22,110.37,108.84,109,1686843,0.0
2019-08-29,109.96,110.96,109.17,109.83,1394007,0.0
2019-09-02,108.71,108.95,105.83,106.37,2131540,0.0
2019-09-03,108.21,109.23,108.14,109.18,929944,0.0
2019-09-04,111.27,113.9,111.1,113.01,1971706,0.0
2019-09-05,113.225,113.55,112.43,112.72,1021049,0.0
2019-09-08,113.19,113.77,112.28,112.87,976738,0.0
2019-09-09,112.36,113.98,111.25,113.98,1155931,0.0
2019-09-10,114.03,116.38,113.21,115.02,2119191,0.0
2019-09-11,118.01,118.12,115.53,116.19,1822987,0.0
2019-09-12,116.03,116.99,115.42,116.51,1362454,0.0
2019-09-15,115.18,115.8085,114.57,115.25,962260,0.0
2019-09-16,114.98,115.87,114.44,115.3,1123800,0.0
2019-09-17,115.21,116.62,114.82,116.55,1166244,0.0
2019-09-18,116.1,116.84,115.07,115.92,1419826,0.0
2019-09-19,115.76,116.62,114.62,115.28,2818528,0.0
2019-09-22,114.95,115.14,113.3951,114.29,1351395,0.0
2019-09-23,115.04,115.0599,110.61,110.98,2539424,0.0
2019-09-24,111.14,113.06,109.76,112.64,1891368,0.0
2019-09-25,112.85,113.44,111.67,113.09,856551,0.0
2019-09-26,112.96,113.859,110.37,111.08,1206777,0.0
2019-09-29,112.15,112.24,110.54,111.74,1544055,0.0
2019-09-30,114.81,116.1937,109.56,109.745,2660399,0.0
2019-10-01,109.13,109.81,108.11,108.97,1256405,0.0
2019-10-02,108.87,111.3,108,110.88,1253775,0.0
2019-10-03,111.85,113.22,111.19,113.02,2375980,0.0
2019-10-06,112.92,113.29,110.78,110.82,2852247,0.0
2019-10-07,109.99,110.36,106.09,106.13,5769923,0.0
2019-10-08,107.77,108.87,106.78,108.04,3238948,0.0
2019-10-09,107.8,109.77,107.52,108.41,3422955,0.0
2019-10-10,109.73,112.72,109.73,111.17,4468925,0.0
2019-10-13,110.84,111,109.99,110.35,1918095,0.0
2019-10-14,110.75,113.41,110.5,113.25,4470028,0.0
2019-10-15,112.23,113.25,110.39,110.57,3376085,0.0
2019-10-16,111.77,112.26,109.63,110.04,2504356,0.0
2019-10-17,110.17,110.43,108.42,109.47,2762661,0.0
2019-10-20,110.47,111.48,109.985,111.11,944015,0.0
2019-10-21,111.25,112.24,110.73,110.89,1304539,0.0
2019-10-22,107.5,107.75,104.58,105.56,4215899,0.0
2019-10-23,106.37,106.675,104.92,105.29,2737235,0.0
2019-10-24,105.55,107.03,105.12,106.82,1586598,0.0
2019-10-27,107.7,109.078,107.42,108.84,1777330,0.0
2019-10-28,109.24,110.12,107.84,108.07,1522351,0.0
2019-10-29,110.51,110.99,107.77,108.3,2309553,0.0
2019-10-30,107.7,107.7,104.95,106.65,3411752,0.0
2019-10-31,107.62,109.92,107.56,109.36,1628554,0.0
2019-11-03,111.07,112.26,110.35,111.37,1519248,0.0
2019-11-04,111.44,114.43,111.335,113.44,2821806,0.0
2019-11-05,113,113.22,110.65,112.04,1506640,0.0
2019-11-06,113.77,113.82,111.53,112.29,1005769,0.0
2019-11-07,111.98,113.04,111.1663,113.03,933422,0.0
2019-11-10,112.55,112.74,111.42,112.53,1150185,0.0
2019-11-11,113.03,114.01,112.74,113.26,1147327,0.0
2019-11-12,112.26,114.385,111.91,114.17,1438536,0.0
2019-11-13,113.7,113.7,112.54,113.31,935437,0.0
2019-11-14,114.7,114.95,112.59,113.39,1618746,0.0
2019-11-17,113.03,113.4,111.7,111.98,1356596,0.0
2019-11-18,112.73,113.03,111.57,111.69,1664873,0.0
2019-11-19,110.8,110.83,108.22,108.58,2694006,0.0
2019-11-20,109.06,109.235,107.85,108.79,2573825,0.0
2019-11-21,111.08,111.08,109.14,110.64,1462074,0.0
2019-11-24,111.62,113.47,111.32,113.08,2423263,0.0
2019-11-25,108.62,115.45,107.51,114.79,6109709,0.0
2019-11-26,116.11,116.31,113.03,113.69,3169430,0.0
2019-11-28,113.03,114.39,112.44,112.94,846926,0.0
2019-12-01,113.06,113.36,110.93,111.27,1417427,0.0
2019-12-02,109.54,110.43,108.67,110.27,1705134,0.0
2019-12-03,111.8,114.51,111.8,114.44,2625001,0.0
2019-12-04,113.95,115.23,113.16,113.47,2178734,0.0
2019-12-05,114.74,116.1,114.4,115.89,1692079,0.0
2019-12-08,115.78,115.78,114.5101,114.63,1067478,0.0
2019-12-09,114.58,115.44,114.03,114.42,2474488,0.0
2019-12-10,114.95,116.49,114.79,115.85,1948149,0.0
2019-12-11,115.87,118.66,115.6124,117.82,2051768,0.0
2019-12-12,117.58,119.47,116.9,118.76,1322240,0.0
2019-12-15,119.52,120.5,118.49,118.87,1782967,0.0
2019-12-16,118.91,119.41,118.07,118.77,966399,0.0
2019-12-17,118.89,119.53,116.86,116.99,1982446,0.0
2019-12-18,117.38,118.82,117.13,118.715,1229067,0.0
2019-12-19,120.18,120.22,117.9,119.79,2173068,0.0
2019-12-22,120,120.545,119.03,119.16,832153,0.0
2019-12-23,119.26,119.88,119.11,119.72,399089,0.0
2019-12-25,119.67,120.13,119.26,119.68,552507,0.0
2019-12-26,119.72,120,118.99,119.44,576226,0.0
2019-12-29,119.28,119.45,117.94,118.85,838150,0.0
2019-12-30,118.82,119.1407,118.135,118.8,657248,0.0
2020-01-01,121.62,121.62,118.74,120.46,890502,0.0
2020-01-02,118,119.67,117.73,118.31,950183,0.0
2020-01-05,116.25,117.32,115.61,116.93,1368565,0.0
2020-01-06,118.9,120.88,118.4,119.6,1797657,0.0
2020-01-07,120.31,121.455,119.69,120.65,1390015,0.0
2020-01-08,121.63,121.69,119.74,120.65,1097327,0.0
2020-01-09,120,120.81,118.37,118.54,1351262,0.0
2020-01-12,118.78,119.64,118.22,119.04,1064186,0.0
2020-01-13,118.98,120.59,118.7,119.53,858878,0.0
2020-01-14,119.41,119.41,117.23,117.52,1427413,0.0
2020-01-15,118.48,119.22,118.01,119.15,1128789,0.0
2020-01-16,119.75,119.92,119.02,119.42,1502547,0.0
2020-01-20,118.19,119.67,118,119.3,2368377,0.0
2020-01-21,119.64,121.045,119.28,120.42,2844258,0.0
2020-01-22,120.42,121.07,118.85,120.86,3580467,0.0
2020-01-23,121.78,122.2,116.9,117.57,3436926,0.0
2020-01-26,114.65,114.98,112.2,112.21,2260561,0.0
2020-01-27,114.03,114.59,113.05,114.28,2081370,0.0
2020-01-28,114.31,114.465,112.6,113.24,3145621,0.0
2020-01-29,112.23,113.5,110.96,112.37,2533981,0.0
2020-01-30,111.66,111.72,109.2,109.77,2679529,0.0
2020-02-02,110.7,111.6,109.55,110,1674477,0.0
2020-02-03,112.26,113.38,111.62,112.47,1832166,0.0
2020-02-04,115.08,117.06,114.11,116.74,1886888,0.0
2020-02-05,116.94,117.19,115.35,115.82,1215176,0.0
2020-02-06,114.94,115.14,112.11,112.31,1385479,0.0
2020-02-09,110.91,112.9,110.45,112.9,1546541,0.0
2020-02-10,113.45,117.765,113.45,116.87,2532235,0.0
2020-02-11,117.41,119.05,117.29,118.84,1575149,0.0
2020-02-12,118.23,119.04,116.95,118.89,1396882,0.0
2020-02-13,119.05,119.37,116.7,117.66,1169291,0.0
2020-02-17,116.23,118.89,116.07,118.57,2705471,0.0
2020-02-18,125.06,127.3,122.39,123.9,4249629,0.0
2020-02-19,124.4,125.57,122.37,124.56,2802380,0.0
2020-02-20,122.92,123.97,120.81,122.76,2467724,0.0
2020-02-23,119.34,119.69,116.97,117.35,2578024,0.0
2020-02-24,118.54,118.78,113.38,114.66,2871814,0.0
2020-02-25,115.98,117.385,114.2949,114.84,2436594,0.0
2020-02-26,112.23,113.705,107.57,107.7,2830521,0.0
2020-02-27,103.96,110.06,103.5,109.1,5278331,0.0
2020-03-01,110.06,111.44,107.24,111.38,3391716,0.0
2020-03-02,110.13,113.19,106.57,107.18,2899089,0.0
2020-03-03,109,112.54,106.6794,112.47,1640964,0.0
2020-03-04,109.03,112.07,107.92,108.87,1708036,0.0
2020-03-05,105,107.46,104.51,107.03,3349276,0.0
2020-03-08,99.33,103.61,97.111,97.32,7197488,0.0
2020-03-09,100.13,102.54,96.12,102.53,3292456,0.0
2020-03-10,99.48,100.65,93.955,94.39,3532997,0.0
2020-03-11,89.79,95.355,87.25,90,7272954,0.0
2020-03-12,94.88,100.46,89.36,99.95,5405802,0.0
2020-03-15,89.84,92.855,83.02,83.27,5921056,0.0
2020-03-16,86.14,96.9,82.32,95.44,8356500,0.0
2020-03-17,87.44,92.49,79.075,83.99,4554677,0.0
2020-03-18,82.58,91.7,79.44,90.32,3769745,0.0
2020-03-19,92.21,93.37,84.88,85.1,3750743,0.0
2020-03-22,85.78,87.51,80.51,85.16,3478009,0.0
2020-03-23,89.68,94,87.44,93.74,2898067,0.0
2020-03-24,92.66,97.44,89.74,94.36,3374853,0.0
2020-03-25,94.53,96.5,90.86,92.63,4488159,0.0
2020-03-26,89.26,92.63,88.26,88.65,2309210,0.0
2020-03-29,89.54,91.47,87.6,90.82,2769153,0.0
2020-03-30,90.56,92.27,89.18,89.65,2904714,0.0
2020-03-31,86.04,88.11,83.67,84.08,2608818,0.0
2020-04-01,83.13,88.27,82.9,87.71,6150390,0.0
2020-04-02,87.39,88.8,85.335,86.56,1483656,0.0
2020-04-05,89.87,96.295,89.87,95.8,2889547,0.0
2020-04-06,99.0223,100.92,95.845,96.24,3512414,0.0
2020-04-07,97.22,101.56,95.75,101.46,2581717,0.0
2020-04-08,101.34,103.57,97.87,98.79,2439121,0.0
2020-04-12,97.52,100.22,97.33,99.67,2011245,0.0
2020-04-13,101.8,103.3,100.07,103.06,5307810,0.0
2020-04-14,100.73,101.16,98.27,100.47,2915161,0.0
2020-04-15,101.52,102.34,99.11,101.83,4045767,0.0
2020-04-16,103.96,104.73,101.385,102.8,6500292,0.0
2020-04-19,102.16,103.0325,100,100.82,3345094,0.0
2020-04-20,98.06,99.07,96.05,96.4,7547637,0.0
2020-04-21,99.93,102.69,99.26,102.24,6570116,0.0
2020-04-22,102.08,103.94,101.12,101.8,2949479,0.0
2020-04-23,101.61,106.43,101.61,105.91,6527236,0.0
2020-04-26,106.61,108.56,106.22,108.04,3263121,0.0
2020-04-27,110.93,111.8,107.49,107.6,1356086,0.0
2020-04-28,109.34,114.06,109.2,113.43,3845148,0.0
2020-04-29,111.45,113,109.35,109.49,1883400,0.0
2020-04-30,106.37,107.29,103.23,103.63,4673926,0.0
2020-05-03,103.13,103.84,100.99,103.4,1717631,0.0
2020-05-04,105.74,107.3,105.14,105.95,3035156,0.0
2020-05-05,106.83,107.7,104.8,105.25,1146601,0.0
2020-05-06,106.96,107.74,105.83,106.34,1802612,0.0
2020-05-07,107.12,109.87,106.5,109.77,1085474,0.0
2020-05-10,108.04,109.44,107.25,108.41,1188220,0.0
2020-05-11,109.38,110.655,106.45,106.5,3230984,0.0
2020-05-12,106.51,107.38,102.36,103.86,2129204,0.0
2020-05-13,103.51,105.57,100.46,105.54,1664557,0.0
2020-05-14,103.05,103.56,100.09,101.81,3345137,0.0
2020-05-17,105.08,109.16,104.565,108.27,4163622,0.0
2020-05-18,107.81,110.38,106.11,106.13,2842776,0.0
2020-05-19,111.6946,115.57,110.8601,114.57,8767948,0.0
2020-05-20,113.42,114.24,110.1,111.01,4974836,0.0
2020-05-21,110.76,111.8,109.52,111.07,2850128,0.0
2020-05-25,113.87,115.24,112.55,112.7,1761989,0.0
2020-05-26,113.82,115.39,111.625,114.71,1552470,0.0
2020-05-27,114.17,114.36,110.46,110.86,1876215,0.0
2020-05-28,111.31,113.31,110.41,112.95,4378476,0.0
2020-05-31,112.37,113.44,111.33,112.76,2093254,0.0
2020-06-01,113,116.87,112.44,116.84,4018742,0.0
2020-06-02,118.8549,122.87,118.39,121.62,6815404,0.0
2020-06-03,119.87,122.86,119.87,122.4,2896326,0.0
2020-06-04,124.85,127.39,123.96,124.53,3065036,0.0
2020-06-07,125,125.35,122.825,123.75,1452984,0.0
2020-06-08,122.05,124.36,121.57,123.42,3061390,0.0
2020-06-09,124.19,124.58,121.985,122.89,2863205,0.0
2020-06-10,120.96,121.177,115.43,115.57,2641161,0.0
2020-06-11,119.51,119.7,117.27,117.38,1538668,0.0
2020-06-14,116.15,118.67,115.07,118.56,2840967,0.0
2020-06-15,123.63,124.35,120.2,122.73,2363914,0.0
2020-06-16,122.59,123.74,121.85,122.47,2511513,0.0
2020-06-17,122.36,123.47,121.99,122.755,1018940,0.0
2020-06-18,124.39,124.39,120.1,120.21,4674745,0.0
2020-06-21,120.02,120.73,118.345,120.52,1440835,0.0
2020-06-22,122.5,124.51,120.97,123.24,2263654,0.0
2020-06-23,122.38,122.61,118.63,119.42,1737627,0.0
2020-06-24,119.82,120.3,117.61,120.11,1463859,0.0
2020-06-25,119.87,120.02,117.14,117.88,1295016,0.0
2020-06-28,118.91,119.31,117.11,118.93,1130811,0.0
2020-06-29,119.52,123.2,119.01,122.69,1846145,0.0
2020-06-30,122.29,122.42,120.3,120.35,1364155,0.0
2020-07-01,122.41,122.81,120.74,121.3,1257361,0.0
2020-07-05,122.96,124.65,122.88,123.56,1012180,0.0
2020-07-06,121.69,124.3641,121.54,122.5,1675800,0.0
2020-07-07,123.07,123.595,120.99,122.85,1394160,0.0
2020-07-08,122.47,125.035,121.04,124.3,1524678,0.0
2020-07-09,124.41,125.08,122.81,124.5,1569311,0.0
2020-07-12,121.73,122.93,116.46,117.25,13455553,0.0
2020-07-13,116.19,118.28,113.81,118,5886004,0.0
2020-07-14,119.26,119.36,116.96,117.89,3624811,0.0
2020-07-15,116.72,116.9,114.91,115.73,3758451,0.0
2020-07-16,116.46,117.17,115.76,116.75,2379746,0.0
2020-07-19,117.04,117.85,115.54,117.03,2792669,0.0
2020-07-20,117.29,117.49,113.89,114.59,4548302,0.0
2020-07-21,114.64,115.01,113.05,113.84,3729819,0.0
2020-07-22,113.56,113.99,111.41,111.87,2326413,0.0
2020-07-23,110.99,113.965,110.84,112.2,3550876,0.0
2020-07-26,113.12,116.08,112.91,115.71,3728085,0.0
2020-07-27,114.77,115.99,113.77,115.4,3977592,0.0
2020-07-28,115.96,117.755,115.61,117.52,3517734,0.0
2020-07-29,114.74,116.56,114.17,116.25,2823500,0.0
2020-07-30,116.53,116.53,113.37,114.88,2656228,0.0
2020-08-02,115.87,116.7,115.11,116.57,1978068,0.0
2020-08-03,116.37,118.04,116.12,117.18,3034609,0.0
2020-08-04,116.58,116.74,114.93,116.16,2886140,0.0
2020-08-05,116.11,117.15,115.07,116.73,2000974,0.0
2020-08-06,116.87,117.3,115.52,116.22,1737331,0.0
2020-08-09,116.44,117.31,115.46,116.76,2833625,0.0
2020-08-10,117.32,119.43,116.33,116.52,3474550,0.0
2020-08-11,117.2,119.57,116.75,119.22,2861689,0.0
2020-08-12,118.245,119.135,117.55,118.06,2547133,0.0
2020-08-13,118.57,119.06,117.07,117.14,1834933,0.0
2020-08-16,118.43,118.4984,117.25,117.39,2149189,0.0
2020-08-17,118.01,118.69,117.19,117.88,5126695,0.0
2020-08-18,118.5,119.47,117.5107,118.15,4113238,0.0
2020-08-19,117.72,118.5,116.64,117.41,2602227,0.0
2020-08-20,117.07,117.23,115.74,116.13,2716965,0.0
2020-08-23,117.21,117.54,116.22,117.26,1811282,0.0
2020-08-24,117.4,119.995,117.4,119.9,2583299,0.0
2020-08-25,119.91,121.25,118.98,120.47,3147077,0.0
2020-08-26,120.95,120.97,117.95,119.05,2809488,0.0
2020-08-27,119.13,119.62,118.29,119.61,1834219,0.0
2020-08-30,118.75,118.98,116.8,116.83,2348161,0.0
2020-08-31,117.79,118.87,116.86,118.7485,2469748,0.0
2020-09-01,119.13,122.52,118.75,121.83,4667009,0.0
2020-09-02,121.35,121.36,116.76,117.12,5124959,0.0
2020-09-03,117.11,118.385,114.25,117.52,3478011,0.0
2020-09-07,114.39,116.24,112.8,112.92,4698146,0.0
2020-09-08,114.96,116.245,114.21,115.53,3211730,0.0
2020-09-09,116.36,116.65,113.67,114.15,1887266,0.0
2020-09-10,115.12,115.79,112.5,113.81,2167589,0.0
2020-09-13,115.78,115.78,113.69,114.62,1823366,0.0
2020-09-14,115.52,116.98,115.15,116.07,2034908,0.0
2020-09-15,117.01,117.73,115.44,115.52,2094243,0.0
2020-09-16,112.81,115.63,112.599,115.61,2066292,0.0
2020-09-17,116.04,116.3,114.09,114.94,4711203,0.0
2020-09-20,112.97,114.04,111.88,113.97,2587649,0.0
2020-09-21,114.14,114.75,112.905,114.7,1815312,0.0
2020-09-22,114.89,115.63,112.18,112.53,2536196,0.0
2020-09-23,111.99,114.32,111.46,112.71,2068743,0.0
2020-09-24,111.77,113.66,110.66,113.48,1935511,0.0
2020-09-27,115.31,117.07,114.765,116.96,1546331,0.0
2020-09-28,115.99,117.94,115.84,116.65,1867998,0.0
2020-09-29,116.63,118.25,116.21,116.68,2282506,0.0
2020-09-30,118.98,119.64,117.37,119,2533307,0.0
2020-10-01,116.5,117.95,114,114.06,2415197,0.0
2020-10-04,115.36,116.69,114.965,116.59,3612985,0.0
2020-10-05,115.96,118.93,115.025,115.54,3083619,0.0
2020-10-06,117.1,118.98,115.79,118.68,3648622,0.0
2020-10-07,119.93,121.1,119.29,120.31,3493097,0.0
2020-10-08,122.01,124.41,121.76,123.37,3396841,0.0
2020-10-11,124.72,126.32,124.01,126.1,2308908,0.0
2020-10-12,126.35,126.49,123.32,123.57,1723515,0.0
2020-10-13,123.71,124.19,122.49,122.91,1167161,0.0
2020-10-14,121.44,124.56,120.94,124.041,1606730,0.0
2020-10-15,124.75,125.82,123.54,123.63,1842647,0.0
2020-10-18,124.62,125.26,122.325,122.6,1374719,0.0
2020-10-19,122.96,124.505,122.495,123.63,2170619,0.0
2020-10-20,124.08,125.81,123,124.71,2722807,0.0
2020-10-21,124.56,125.14,122.92,124.75,1477522,0.0
2020-10-22,125.22,125.645,123.45,124.15,1837061,0.0
2020-10-25,123.38,123.65,119.81,121.13,1564427,0.0
2020-10-26,121.59,122.2,120.23,120.29,1556060,0.0
2020-10-27,119.54,119.54,116.2,116.4318,2571916,0.0
2020-10-28,116.23,119.45,115.639,118.48,2020397,0.0
2020-10-29,117.31,118.66,116.33,118.53,2205986,0.0
2020-11-01,120.14,120.14,117.62,118.5,1868266,0.0
2020-11-02,119.5,121.305,119.27,119.75,2030817,0.0
2020-11-03,122.39,126.38,121.02,125.83,2836297,0.0
2020-11-04,127.45,130.95,126.86,130.49,3001985,0.0
2020-11-05,130.98,133.77,130,133.45,3255027,0.0
2020-11-08,138.56,140.38,135.7,135.8,4257110,0.0
2020-11-09,135,136.86,133.9,134.66,3970956,0.0
2020-11-10,135.56,138.64,135.56,137.29,2065489,0.0
2020-11-11,137.35,137.69,134.39,135.41,1537751,0.0
2020-11-12,137.43,137.93,135.68,136.39,1510511,0.0
2020-11-15,137.78,140.17,136.81,137.92,1552341,0.0
2020-11-16,136.99,137.455,135.15,135.82,2474900,0.0
2020-11-17,135.95,136.51,132.97,133.24,2110402,0.0
2020-11-18,131.66,136.23,131.5,136.18,2079751,0.0
2020-11-19,136.62,136.91,134.68,134.86,1879490,0.0
2020-11-22,135.28,137.34,135.18,137.15,2542270,0.0
2020-11-23,137.69,137.92,132.84,136.89,4192392,0.0
2020-11-24,136.61,137.95,134.9601,135.95,1812816,0.0
2020-11-26,138.12,138.55,137.235,137.75,1190143,0.0
2020-11-29,137.65,139.3241,137.1,139.19,2235207,0.0
2020-11-30,140,141.91,138.81,140.88,2381793,0.0
2020-12-01,140.71,141.64,140.07,140.77,1705885,0.0
2020-12-02,140.58,141.4225,139.33,139.82,1325288,0.0
2020-12-03,139.75,144.14,139.21,143.94,2976482,0.0
2020-12-06,144.68,144.68,142.5,143.72,1471423,0.0
2020-12-07,143.25,146.31,143.21,146.13,2084887,0.0
2020-12-08,145.4,146.3075,140.91,141.74,2543931,0.0
2020-12-09,140.57,142.67,140.14,141.18,2170576,0.0
2020-12-10,140.04,142.055,139.49,141.16,2557790,0.0
2020-12-13,142.06,143.93,141.655,142.33,1600782,0.0
2020-12-14,145.26,145.26,143.49,144.06,1477120,0.0
2020-12-15,144.76,144.76,141.57,142.73,1290620,0.0
2020-12-16,143.55,143.87,142.61,143.85,1898791,0.0
2020-12-17,144.38,145,143.44,144.6,1969256,0.0
2020-12-20,141.73,143.39,141.31,142.6,1207891,0.0
2020-12-21,142.73,144.68,142.67,144.37,1521678,0.0
2020-12-22,144.8,145.62,143.08,143.08,1367457,0.0
2020-12-23,144.11,144.48,143.01,144.35,394910,0.0
2020-12-27,146.41,147.48,144.44,144.67,1117192,0.0
2020-12-28,145.18,145.24,142.74,143.58,950230,0.0
2020-12-29,144.65,146.61,144.5,146.26,926300,0.0
2020-12-30,146.5,147.83,145.7,147.6,1291564,0.0
2021-01-03,148.45,150.545,144.62,145.96,2011478,0.0
2021-01-04,145.77,148.67,145.1407,148.6,1265678,0.0
2021-01-05,147.73,152.29,147.11,149.26,2109693,0.0
2021-01-06,151.83,156.21,151.14,155.47,2152791,0.0
2021-01-07,156.02,159.81,155.82,156.85,3564617,0.0
2021-01-10,156.13,159.2,155.0104,158.29,2173078,0.0
2021-01-11,157.01,159.34,156.52,158.98,2207508,0.0
2021-01-12,160,161.78,158.15,158.47,2294681,0.0
2021-01-13,159.18,160.815,159.18,159.45,1630264,0.0
2021-01-14,158.03,159.06,155.53,157.74,1912981,0.0
2021-01-18,158.455,160.97,158.3,160.55,2192578,0.0
2021-01-19,161.43,162.98,159.58,159.9,1724033,0.0
2021-01-20,160.61,160.93,157.56,159.29,2044572,0.0
2021-01-21,157.73,158.9425,155.42,155.47,2779067,0.0
2021-01-24,157,157.29,152.49,153.72,2867277,0.0
2021-01-25,153.93,155.53,152.0343,154.97,2059557,0.0
2021-01-26,151.09,152.82,146.749,147.499,5094880,0.0
2021-01-27,150.37,151.86,148.448,149.03,3773580,0.0
2021-01-28,148.58,149.53,146.65,147.33,2834703,0.0
2021-01-31,148.34,152.26,147.325,151.92,2507936,0.0
2021-02-01,153.02,154.25,150.9875,151.79,2116265,0.0
2021-02-02,152,152.41,147.46,147.52,2395294,0.0
2021-02-03,147.83,150.65,147,150.59,1747564,0.0
2021-02-04,151.72,151.93,148.61,148.76,1736491,0.0
2021-02-07,150.16,153.3,148.76,153.29,1759374,0.0
2021-02-08,152.7,153.51,151.7325,152.85,1478550,0.0
2021-02-09,154.7,154.79,151.6,153.22,1615837,0.0
2021-02-10,154.61,159.015,154.61,158.8,2136818,0.0
2021-02-11,158.99,161.4,157.91,160.73,1961689,0.0
2021-02-15,162.85,163.95,160.36,160.37,2850739,0.0
2021-02-16,157.15,162.11,155,159.62,3085663,0.0
2021-02-17,157.94,158.77,155.66,158.31,3510354,0.0
2021-02-18,160.63,164.4,160,163.81,2603944,0.0
2021-02-21,162.31,163.4125,158.47,159.28,2354440,0.0
2021-02-22,157.36,158.67,153.31,157.69,2699542,0.0
2021-02-23,156.52,161.92,155.16,161.76,2247125,0.0
2021-02-24,158.7,160.15,153.29,153.4,2588033,0.0
2021-02-25,156.56,157.75,152.26,155.7,2686024,0.0
2021-02-28,157.08,158.78,155.03,158.54,2715504,0.0
2021-03-01,159.41,159.41,154.03,154.24,2472282,0.0
2021-03-02,153.17,155,149.52,149.77,2231889,0.0
2021-03-03,149.19,149.59,142.25,144.52,4356629,0.0
2021-03-04,149,149.62,143.39,148.89,3362869,0.0
2021-03-07,147.77,149.56,143.77,144.07,3436341,0.0
2021-03-08,148.73,151.11,148.17,149.43,4303723,0.0
2021-03-09,151.33,151.52,147.09,147.18,2929508,0.0
2021-03-10,150.35,152.12,149.99,151.15,3811846,0.0
2021-03-11,148.6,149.83,147.55,149.54,2290959,0.0
2021-03-14,149.62,151.11,147.96,151.02,1685462,0.0
2021-03-15,152.3374,154.51,151.94,153.2,1856178,0.0
2021-03-16,150.42,154.865,150.07,154.26,1932058,0.0
2021-03-17,151.35,153.28,149.28,149.42,2548594,0.0
2021-03-18,149.4,153.21,147.74,151.91,2610577,0.0
2021-03-21,153.22,156.32,153.22,154.65,1962213,0.0
2021-03-22,154.59,154.97,149.63,150.57,1851984,0.0
2021-03-23,152.34,153.97,150.2,150.44,2161885,0.0
2021-03-24,148.44,150.91,146.51,149.78,2416257,0.0
2021-03-25,148.42,157.37,148,157.11,2940538,0.0
2021-03-28,155.03,156.21,152.02,153.84,2142033,0.0
2021-03-29,152.15,153.43,151.5,152.58,1668997,0.0
2021-03-30,154.22,156.11,153.61,155.2,2633343,0.0
2021-03-31,157.38,160.49,156.88,160.44,2878418,0.0
2021-04-04,162.16,163.9016,160.6,163.57,2210081,0.0
2021-04-05,162.3,163.09,159.76,161.78,2035104,0.0
2021-04-06,161.68,161.98,158.63,159.42,1821300,0.0
2021-04-07,161.62,162.23,159.5,162.1617,2106071,0.0
2021-04-08,160.8,161.97,160.17,161.25,1925728,0.0
2021-04-11,160.79,160.89,158.96,159.81,1395079,0.0
2021-04-12,161,160.95,157.36,159.16,1473950,0.0
2021-04-13,157.71,160.63,157.65,158.47,1162591,0.0
2021-04-14,160,161.32,158.69,160.81,1230519,0.0
2021-04-15,160.99,161.33,159.14,159.47,1500280,0.0
2021-04-18,158.45,159,155.7,156.96,2324095,0.0
2021-04-19,155.17,156.26,153.57,154.46,2031013,0.0
2021-04-20,155.49,158.34,154.12,158.29,2245220,0.0
2021-04-21,157.27,158.13,154.91,155.38,2052684,0.0
2021-04-22,156.89,159.97,156.11,159.04,2817016,0.0
2021-04-25,158.57,161.9,158.27,160.64,2444315,0.0
2021-04-26,161.34,161.92,159.47,159.47,1946445,0.0
2021-04-27,158.5,158.76,155.035,156.12,2633053,0.0
2021-04-28,156.2,158.11,154.01,158.04,5321270,0.0
2021-04-29,155.54,156.305,152.57,153.13,3392223,0.0
2021-05-02,154,154.18,150.695,151.28,2684882,0.0
2021-05-03,150,152,148.55,151.89,3313491,0.0
2021-05-04,153.28,155.22,152.3,153.87,3811219,0.0
2021-05-05,154.03,156.48,152.86,155.41,4369250,0.0
2021-05-06,156.67,158.35,156.02,157.15,2383079,0.0
2021-05-09,156.83,157.17,150.76,150.78,3578962,0.0
2021-05-10,148.34,152.085,147.85,150.84,4429056,0.0
2021-05-11,147.4,149.01,145.65,146.11,4131685,0.0
2021-05-12,147.64,149.33,145.62,146.575,3241165,0.0
2021-05-13,147.99,150.77,146.63,149.61,4208335,0.0
2021-05-16,148.96,148.96,145.83,148.09,4347395,0.0
2021-05-17,149.61,149.79,145.81,145.89,3817160,0.0
2021-05-18,145.08,153.33,144.07,153.2,6436142,0.0
2021-05-19,154.8,161.2,154.8,159.47,5371250,0.0
2021-05-20,159.74,160.77,158.98,159.38,2783107,0.0
