Date,Open,High,Low,Close,Volume,OpenInterest
2017-05-30,101.7,102.5,101.51,102.39,1516664,0.0
2017-05-31,103,103.4,102.01,103.31,1934009,0.0
2017-06-01,100.12,101.075,98.5,100.97,6977026,0.0
2017-06-04,101.1,101.625,100.885,101.11,2606373,0.0
2017-06-05,101,101.715,100.65,101.205,1410875,0.0
2017-06-06,101.01,101.5,100.69,100.94,1890885,0.0
2017-06-07,101.11,101.265,100.44,100.77,2127609,0.0
2017-06-08,100.86,101.26,99.85,100.11,3133786,0.0
2017-06-11,100.37,101.56,100.02,101.54,1479364,0.0
2017-06-12,101.61,102.08,101.15,101.87,1807389,0.0
2017-06-13,102.19,102.31,100.83,101.24,2265021,0.0
2017-06-14,100.88,102.3,99.05,102.18,1255297,0.0
2017-06-15,101.65,103.72,101.65,103.49,2696843,0.0
2017-06-18,103.73,104.16,103.255,104.1,1544503,0.0
2017-06-19,102.52,103.39,102.44,102.48,2933107,0.0
2017-06-20,103.74,103.74,102.05,102.49,2589398,0.0
2017-06-21,102.69,102.73,101.37,101.92,1881196,0.0
2017-06-22,101.81,102.03,101.28,101.42,1562825,0.0
2017-06-25,101.66,102.275,101.44,102.18,1861384,0.0
2017-06-26,101.84,102.6099,101.49,101.5,2264116,0.0
2017-06-27,101.8,102.84,100.56,102.66,2362157,0.0
2017-06-28,102.4,102.54,101.07,101.46,3032271,0.0
2017-06-29,102.05,102.81,101.76,102.45,2172791,0.0
2017-07-02,102.01,103.14,101.91,102.47,1154432,0.0
2017-07-04,102.81,104.12,101.88,104.065,2140752,0.0
2017-07-05,103.76,103.76,102.8,103.44,2133781,0.0
2017-07-06,103.75,105.41,103.42,105.135,2158782,0.0
2017-07-09,105,105.37,103.64,103.68,4486129,0.0
2017-07-10,103.23,103.605,101.15,101.84,4013379,0.0
2017-07-11,102.8,103.46,102.3299,102.5,1722688,0.0
2017-07-12,102.49,102.68,101.42,101.63,2505211,0.0
2017-07-13,101.61,101.9,101.24,101.35,2298662,0.0
2017-07-16,101.38,101.81,101.22,101.71,2674240,0.0
2017-07-17,100.94,101.38,99.03,101.3,1767384,0.0
2017-07-18,101.5,103.07,101.2,102.75,2522940,0.0
2017-07-19,102.93,103.47,102.83,103.35,1889848,0.0
2017-07-20,102.68,104.94,102.68,104.59,2794233,0.0
2017-07-23,104.34,104.44,102.46,103.61,3613805,0.0
2017-07-24,103,104.05,102.705,103.19,2419176,0.0
2017-07-25,103.56,106.06,103.023,105.99,4242333,0.0
2017-07-26,103.41,120,103.4,115.64,26866540,0.0
2017-07-27,115.24,117.66,114.995,117.39,6763144,0.0
2017-07-30,118,121.77,117.87,119.06,6647143,0.0
2017-07-31,118.79,119.38,116.33,116.81,4556380,0.0
2017-08-01,115.95,116.44,114.12,115.25,8598244,0.0
2017-08-02,113.64,113.85,111,111.75,7255271,0.0
2017-08-03,113.5,113.92,110.1,111.38,6882236,0.0
2017-08-06,111.5,114,111.05,112.17,2787980,0.0
2017-08-07,112.2,112.56,108.07,108.49,6746006,0.0
2017-08-08,108.84,110.11,108.06,109.66,3214941,0.0
2017-08-09,108.8,109.84,107.9,108.91,3036070,0.0
2017-08-10,108.77,109.68,108.22,108.81,2749354,0.0
2017-08-13,109.34,109.93,108.9,109.68,1973421,0.0
2017-08-14,110.02,111.775,109.43,111.58,2254771,0.0
2017-08-15,111.82,111.8899,110.54,111.11,1992634,0.0
2017-08-16,110.69,110.95,104.62,104.66,7274646,0.0
2017-08-17,104.2,104.96,103.43,104.47,3565249,0.0
2017-08-20,104.52,104.84,102.84,102.89,2661432,0.0
2017-08-21,104.87,105.1,103.36,103.7,1985748,0.0
2017-08-22,103.43,103.92,102.811,103.46,1188487,0.0
2017-08-23,103.6,105.21,103.36,104.6,2081135,0.0
2017-08-24,104.87,105.43,104.46,104.59,1056042,0.0
2017-08-27,104.88,105.24,104.53,104.76,1063390,0.0
2017-08-28,103.99,105.34,103.76,105.12,1160541,0.0
2017-08-29,105.28,106.305,104.66,105.93,1106369,0.0
2017-08-30,106.49,106.81,105.96,106.48,1472318,0.0
2017-08-31,106.53,107.58,106.36,107.35,1617425,0.0
2017-09-04,106.64,107.56,105.94,106.46,3691100,0.0
2017-09-05,106.94,109.125,106.62,108.051,2779121,0.0
2017-09-06,108.41,109.49,108.12,108.92,2827526,0.0
2017-09-07,108.77,109.44,107.91,108.41,1654768,0.0
2017-09-10,108.82,109,106.85,107.49,1952530,0.0
2017-09-11,107.05,108.69,106.36,107.91,1633244,0.0
2017-09-12,107.88,107.97,107.16,107.2,1501290,0.0
2017-09-13,106.64,107.23,106.33,106.8,1290575,0.0
2017-09-14,106.46,107.79,106.25,106.69,1913529,0.0
2017-09-17,106.83,106.96,106.25,106.55,1117355,0.0
2017-09-18,106.95,107.71,106.7,107.48,1248869,0.0
2017-09-19,107.63,107.94,106.32,106.82,1708508,0.0
2017-09-20,107.08,107.37,106.71,106.78,1122254,0.0
2017-09-21,106.36,108.55,106.29,108.14,1205368,0.0
2017-09-24,107.91,108.9,107.42,108.85,1373768,0.0
2017-09-25,109.15,109.52,108.23,108.27,1080854,0.0
2017-09-26,108.53,109.94,108.128,109.63,2414448,0.0
2017-09-27,109.13,109.51,108.047,109.02,1412270,0.0
2017-09-28,109.06,109.74,109,109.32,722332,0.0
2017-10-01,109.22,109.5,108.53,109.32,1126309,0.0
2017-10-02,109.66,110.98,109.35,110.71,1408473,0.0
2017-10-03,110.65,111.44,109.7,111.39,1419902,0.0
2017-10-04,111.92,113.63,111.48,113.57,1413718,0.0
2017-10-05,113.51,113.73,112.59,113.49,1143708,0.0
2017-10-08,113.4,114.06,113.16,113.57,636350,0.0
2017-10-09,113.62,114.14,113.19,114.11,733406,0.0
2017-10-10,114.26,114.39,112.41,113.08,992592,0.0
2017-10-11,112.99,113.64,112.91,113.59,846563,0.0
2017-10-12,114.23,114.4,112.24,113.87,708750,0.0
2017-10-15,113.91,114.72,113.66,114.59,757530,0.0
2017-10-16,114.1,114.13,113.24,113.74,1004836,0.0
2017-10-17,113.69,114.47,113.55,113.95,931413,0.0
2017-10-18,113.95,114.65,113.29,114.64,647281,0.0
2017-10-19,114.88,116.08,114.56,115.93,1196355,0.0
2017-10-22,116.26,117.8,115.46,117.04,1369623,0.0
2017-10-23,116.69,117.3,116.06,116.47,1115113,0.0
2017-10-24,116.28,116.72,115.14,116.34,1312645,0.0
2017-10-25,117.26,117.85,116.71,117.3,1239847,0.0
2017-10-26,116.9,118.47,116.28,118.25,1124946,0.0
2017-10-29,118.02,118.17,116.55,116.99,1032209,0.0
2017-10-30,116.88,117.14,116.01,116.26,1160370,0.0
2017-10-31,116.4,116.77,114.69,115.4,2062402,0.0
2017-11-01,115,115.49,112.12,114.36,2936075,0.0
2017-11-02,114.35,114.7,111.84,112.26,2251060,0.0
2017-11-05,111.72,112.1899,110.265,111.33,2385881,0.0
2017-11-06,110.33,112.9,109.44,112.75,3004773,0.0
2017-11-07,112.93,113.42,112.52,112.6,952135,0.0
2017-11-08,111.78,113.15,110.77,111.97,1188870,0.0
2017-11-09,111.71,112.13,110.95,111.09,1593580,0.0
2017-11-12,110.98,112.055,110.55,111.53,1667363,0.0
2017-11-13,111.31,112.23,110.94,112.07,1543728,0.0
2017-11-14,112.2,112.23,110.38,110.67,1103911,0.0
2017-11-15,111,111.48,110.47,111.03,1269171,0.0
2017-11-16,110.98,111.22,110.2683,111.06,1151080,0.0
2017-11-19,111.18,111.375,110.4,110.55,984533,0.0
2017-11-20,111.14,111.35,110.31,110.55,1188512,0.0
2017-11-21,110.41,110.73,109.79,110.2,1000458,0.0
2017-11-23,110.09,110.435,109.51,110.02,513695,0.0
2017-11-26,110.41,110.64,109.835,110.14,1108875,0.0
2017-11-27,110.2,111.44,110.14,111.22,1487256,0.0
2017-11-28,111.14,114.4826,110.82,113.34,2609425,0.0
2017-11-29,112.98,114.77,112.85,114.46,2782037,0.0
2017-11-30,113.95,115.36,112.26,113.77,2031814,0.0
2017-12-03,115.38,116.74,114.37,114.84,2347024,0.0
2017-12-04,117.29,117.29,115.28,115.69,1575259,0.0
2017-12-05,115.87,116.93,115.53,115.94,1165313,0.0
2017-12-06,115.81,116.25,115.34,115.88,997299,0.0
2017-12-07,116.39,116.4,115.48,116.02,672285,0.0
2017-12-10,118.01,118.61,116.22,117.82,1340040,0.0
2017-12-11,117.92,117.92,116.9,117.08,921351,0.0
2017-12-12,117.29,117.63,116.7,117.04,765496,0.0
2017-12-13,117.02,117.84,116.29,116.48,708566,0.0
2017-12-14,117.75,118.69,116.34,118.16,1463887,0.0
2017-12-17,118.57,119.39,117.95,118.65,761431,0.0
2017-12-18,119.26,119.26,118.09,118.36,764114,0.0
2017-12-19,118.46,118.91,117.7,117.87,520863,0.0
2017-12-20,117.93,118.29,116.91,117.4,742482,0.0
2017-12-21,117.28,117.955,116.61,116.89,676631,0.0
2017-12-25,117.15,117.73,116.95,117.58,534341,0.0
2017-12-26,117.86,117.86,116.91,117.26,403166,0.0
2017-12-27,117.59,117.59,116.63,117.3,427425,0.0
2017-12-28,116.64,117.63,116.64,117.2,523630,0.0
2018-01-01,116.17,116.45,115.25,115.98,1396517,0.0
2018-01-02,116.18,117.7,115.6,117.24,1100012,0.0
2018-01-03,117.63,118.9,117.47,118.36,841853,0.0
2018-01-04,118.55,118.77,117.261,118.29,841576,0.0
2018-01-07,118.37,118.58,117.39,117.88,1298052,0.0
2018-01-08,117.75,119.03,117.5,118.77,1039449,0.0
2018-01-09,118.28,118.4,117.05,117.66,970238,0.0
2018-01-10,117.76,117.78,116.28,117.18,768241,0.0
2018-01-11,117.81,118.93,117.3401,118.39,1081849,0.0
2018-01-15,118.52,119.79,118.16,119.38,1214100,0.0
2018-01-16,120,122.18,119.58,122.05,1500350,0.0
2018-01-17,121.56,122.9,120.55,120.92,810140,0.0
2018-01-18,121.19,121.9799,120.35,121.43,979495,0.0
2018-01-21,121.65,122.845,121.55,122.75,723258,0.0
2018-01-22,122.13,122.78,121.41,122.13,1077696,0.0
2018-01-23,122.7,122.7,120.68,120.87,742531,0.0
2018-01-24,120.9,121.46,120.1,120.66,770565,0.0
2018-01-25,121.32,122.64,120.7,122.31,623817,0.0
2018-01-28,122.02,122.11,120.73,120.75,553842,0.0
2018-01-29,121.11,121.73,119.61,120.78,1192835,0.0
2018-01-30,120.27,125.24,120.27,123.73,1932950,0.0
2018-01-31,122.59,122.59,119.2,120.41,1778523,0.0
2018-02-01,119.8,120.97,118.49,118.58,1768084,0.0
2018-02-04,118.98,119.64,113.61,114.09,1949881,0.0
2018-02-05,112.75,113.58,110.3,112.96,2412587,0.0
2018-02-06,112.09,115.68,111.69,113.57,1653868,0.0
2018-02-07,113.37,113.37,108.15,108.23,1971500,0.0
2018-02-08,109.38,112.39,107.61,111.38,2573647,0.0
2018-02-11,111.97,113.26,111.035,111.66,1366177,0.0
2018-02-12,110.98,112.13,110.33,111.85,827947,0.0
2018-02-13,111.27,112.87,109.85,112.7,1032930,0.0
2018-02-14,113.49,115.63,112.75,115.52,1310786,0.0
2018-02-15,115.5,116.71,115.08,116.19,987232,0.0
2018-02-19,115.69,116.64,114.83,115.44,763131,0.0
2018-02-20,115.44,118.19,115.44,116.1,1384488,0.0
2018-02-21,116.41,117.27,115.07,115.43,847340,0.0
2018-02-22,116.27,117.81,115.58,117.64,961071,0.0
2018-02-25,117.87,118.9,117.605,117.91,686683,0.0
2018-02-26,117.95,119.18,116.46,116.47,801685,0.0
2018-02-27,117.04,117.3482,115.3,115.32,779828,0.0
2018-02-28,115.33,115.94,112.78,113.76,1209503,0.0
2018-03-01,113.15,113.92,112.19,113.6,1176492,0.0
2018-03-04,112.75,116.1,112.71,115.66,1235777,0.0
2018-03-05,115.61,116,114.23,115.4,754290,0.0
2018-03-06,114.82,115.4,113.71,115.19,669642,0.0
2018-03-07,115.02,117.01,114.7,116.95,1122981,0.0
2018-03-08,117.66,118.87,117.22,118.83,1311172,0.0
2018-03-11,118.8,119.17,117.42,117.53,1202112,0.0
2018-03-12,118.34,118.71,117.03,117.38,1182021,0.0
2018-03-13,117.61,117.97,115.48,116.09,1002458,0.0
2018-03-14,114.71,118.08,114.71,116.489,1209027,0.0
2018-03-15,117.05,117.84,116.67,117.15,1153543,0.0
2018-03-18,116.1,116.91,113.55,114.48,1193221,0.0
2018-03-19,114.99,116.04,114.68,115.56,1484492,0.0
2018-03-20,115.55,117.22,115.202,116.34,3482132,0.0
2018-03-21,115.11,115.68,113.07,113.13,1598266,0.0
2018-03-22,113.46,114.43,109.14,109.2099,2065551,0.0
2018-03-25,110.95,114.36,110.95,114.05,1952993,0.0
2018-03-26,114.41,115.24,111.6596,112.29,1878924,0.0
2018-03-27,112.64,113.2,111.29,111.77,1454493,0.0
2018-03-28,111.88,114.64,111.23,113.49,1048719,0.0
2018-04-01,115.25,115.72,111.78,113.31,2549664,0.0
2018-04-02,113.98,114.5113,112.68,114.1,1547844,0.0
2018-04-03,112.96,117.04,112.58,116.73,1555238,0.0
2018-04-04,117.65,118.7,116.92,117.51,2347975,0.0
2018-04-05,116.41,116.88,113.35,113.71,1549053,0.0
2018-04-08,114.49,116.26,113.97,114.48,893793,0.0
2018-04-09,115.97,116.79,115.24,115.9,2170956,0.0
2018-04-10,114.64,115.94,114.355,115.59,952014,0.0
2018-04-11,116.04,116.71,115.18,115.24,1334618,0.0
2018-04-12,115.95,116.2,114.48,115.27,1159285,0.0
2018-04-15,116.44,117.52,115.8,116.9,1390477,0.0
2018-04-16,118.35,119,117.33,117.85,1770206,0.0
2018-04-17,118.02,119.59,117.6,118.61,1529648,0.0
2018-04-18,118.38,119.03,117.15,117.74,1386661,0.0
2018-04-19,117.5,118.11,115.97,116.85,1037436,0.0
2018-04-22,117.26,117.76,116.95,117.1,685905,0.0
2018-04-23,118.05,118.7,115.44,116.36,812284,0.0
2018-04-24,116.36,116.82,115.3,116.7,1023269,0.0
2018-04-25,116.98,118.71,116.5,118.7,958967,0.0
2018-04-26,118.44,120.09,118.25,119.87,1411859,0.0
2018-04-29,120,120.18,118.06,118.08,1838927,0.0
2018-04-30,112.65,119.14,112.58,118.8,1956445,0.0
2018-05-01,123.01,123.99,120.28,122.07,4179438,0.0
2018-05-02,121.67,123.59,120.58,123.12,3204510,0.0
2018-05-03,122.5,125.93,121.9702,125.38,1319563,0.0
2018-05-06,125.35,125.86,124.88,125.57,1207258,0.0
2018-05-07,125.6,126.03,124.85,125.77,1059325,0.0
2018-05-08,126.09,127.92,125.87,127.03,1789836,0.0
2018-05-09,127.49,127.7,126.78,127.39,1795930,0.0
2018-05-10,127.58,127.91,126.61,127.34,934427,0.0
2018-05-13,127.56,127.7201,126.22,126.575,1011535,0.0
2018-05-14,125.73,129.51,125.28,127.08,1653889,0.0
2018-05-15,127.19,128.57,126.95,128.01,870553,0.0
2018-05-16,127.9,129.06,127,127.979,993204,0.0
2018-05-17,128.26,129.25,127.675,128.91,942649,0.0
2018-05-20,129.21,129.7,128.59,128.83,953820,0.0
2018-05-21,129,129.48,127.96,128.38,915567,0.0
2018-05-22,127.4,129.41,127.14,129.39,1041556,0.0
2018-05-23,129.28,130.44,128.44,130.28,793182,0.0
2018-05-24,130.9,131.02,129.715,130.65,823310,0.0
2018-05-28,129.7,130.35,128.68,129.95,1105380,0.0
2018-05-29,130.44,132.05,130.26,130.62,1328499,0.0
2018-05-30,130.85,131.41,129.75,130.02,1624326,0.0
2018-05-31,130.62,132.79,130.62,132.72,1448103,0.0
2018-06-03,133.21,134.9,133.05,134.25,2205943,0.0
2018-06-04,134.25,135.17,133.9,134.08,1730683,0.0
2018-06-05,134.43,136.32,134.09,136.09,2165315,0.0
2018-06-06,135.32,135.68,133.67,134.58,1143114,0.0
2018-06-07,134.27,135.44,134.03,135.35,685121,0.0
2018-06-10,134.93,135.055,133.98,134.08,1074704,0.0
2018-06-11,137.29,139.45,133.51,139.3,3181141,0.0
2018-06-12,139.39,140.91,138.58,140.34,2047586,0.0
2018-06-13,140.95,141.52,139.64,139.83,1121577,0.0
2018-06-14,139.38,139.98,137.96,139.56,1938253,0.0
2018-06-17,138.55,139.42,137.8,138.99,1234014,0.0
2018-06-18,137.44,138.85,137.44,138.61,1094661,0.0
2018-06-19,138.54,139.24,137.7,137.81,1423944,0.0
2018-06-20,137.79,138.5,136.54,138.22,1612635,0.0
2018-06-21,138.47,139.95,138.22,139.09,921596,0.0
2018-06-24,138.64,139.32,135.405,136.66,1464554,0.0
2018-06-25,136.58,137.11,134.84,135.13,1671683,0.0
2018-06-26,135.51,136.395,132.93,133.07,1317965,0.0
2018-06-27,133.43,135.26,133.43,134.25,1525871,0.0
2018-06-28,133.87,135.28,133.87,134.15,1507308,0.0
2018-07-01,132.66,134.92,132.65,134.85,1573150,0.0
2018-07-02,135.47,135.67,132.59,133.66,1926563,0.0
2018-07-04,134.59,134.59,133.14,133.72,1616488,0.0
2018-07-05,134.03,134.52,133.75,134.22,3034867,0.0
2018-07-08,134.32,134.6,133.21,134.5,2152217,0.0
2018-07-09,134.88,136.34,134.64,135.96,1510217,0.0
2018-07-10,134.81,136,134.28,135.38,1683804,0.0
2018-07-11,136.12,137.61,136.02,137.5,819512,0.0
2018-07-12,137.31,138.005,136.85,137.33,779570,0.0
2018-07-15,137.52,137.8,136.93,137.13,731289,0.0
2018-07-16,136.72,137.61,136.45,137.37,1081390,0.0
2018-07-17,137.35,137.865,136.87,137.5,1569311,0.0
2018-07-18,134.86,137.58,134.86,137.069,1023650,0.0
2018-07-19,134.89,138.23,134.74,137.32,848210,0.0
2018-07-22,136.88,137.75,136.82,137.7,888639,0.0
2018-07-23,138.18,138.48,136.42,137.11,1058623,0.0
2018-07-24,137.49,139.33,137.12,139.11,978302,0.0
2018-07-25,139.8,140.39,138.991,139.24,834121,0.0
2018-07-26,139.44,139.65,136.84,137.41,943442,0.0
2018-07-29,136.22,137.34,133.4,134.29,1777121,0.0
2018-07-30,135.15,135.46,133.74,134.98,1515303,0.0
2018-07-31,130.21,133.07,129.2057,132.59,2479696,0.0
2018-08-01,131.49,133.51,130.43,133.15,1602868,0.0
2018-08-02,133.75,134.4,133,134.25,1699904,0.0
2018-08-05,134.28,135.63,133.98,135.55,1166508,0.0
2018-08-06,135.5,138.23,135.06,137.91,1396491,0.0
2018-08-07,138.25,138.43,137.01,137.81,877226,0.0
2018-08-08,138.29,139.135,138,138.37,1228975,0.0
2018-08-09,137.77,139.98,137.77,139.27,1511920,0.0
2018-08-12,139.84,141.3,139.42,139.68,1103023,0.0
2018-08-13,139.88,141.44,139.415,141.14,1785668,0.0
2018-08-14,140.06,141.72,139.44,141.26,1398835,0.0
2018-08-15,141.85,141.85,139.1405,141.24,1248421,0.0
2018-08-16,141.17,142.95,140.99,142.54,1098441,0.0
2018-08-19,142.82,142.87,142.1,142.15,1093293,0.0
2018-08-20,142.85,143.49,142.63,143.03,964896,0.0
2018-08-21,142.73,143.62,142.32,143.3,668210,0.0
2018-08-22,143.13,143.925,142.82,143.34,935249,0.0
2018-08-23,143.79,144.04,142.86,143.57,611362,0.0
2018-08-26,144.33,144.33,143.2,143.56,941610,0.0
2018-08-27,143.76,144.275,143.28,143.82,1187382,0.0
2018-08-28,144.45,146.68,143.87,146.33,1257176,0.0
2018-08-29,146,146.79,144.93,145.49,921656,0.0
2018-08-30,145.17,146.96,145.01,146.75,828643,0.0
2018-09-03,144.35,146.14,144.19,145.81,1334431,0.0
2018-09-04,145.52,146.3,144.435,146.15,864326,0.0
2018-09-05,145.78,147.335,145.01,147.29,774719,0.0
2018-09-06,146.44,147.73,146.24,146.74,1227443,0.0
2018-09-09,147.43,147.57,146.43,147.02,592172,0.0
2018-09-10,147.18,147.45,146.44,147.02,558294,0.0
2018-09-11,146.99,147.43,146.48,147.13,752673,0.0
2018-09-12,146.99,147.42,146.5,146.91,571406,0.0
2018-09-13,147,147.94,146.62,147.45,634250,0.0
2018-09-16,147.68,148.3,146.86,147.04,973657,0.0
2018-09-17,147.27,148.11,147.045,147.56,953114,0.0
2018-09-18,147.7,147.96,146.56,146.97,1017863,0.0
2018-09-19,147.6,149.09,147.37,148.91,860512,0.0
2018-09-20,149.68,151.01,148.79,150.68,3066692,0.0
2018-09-23,149.59,150.11,148.71,149.08,791629,0.0
2018-09-24,149.66,150.59,146.5,148.91,2156582,0.0
2018-09-25,149.05,150.982,148.88,149.63,1341565,0.0
2018-09-26,149.78,150.26,149.37,149.91,642239,0.0
2018-09-27,149.82,151.32,149.71,150.66,707207,0.0
2018-09-30,151.38,152.47,150.31,150.74,993216,0.0
2018-10-01,151.11,152.28,150.12,151.76,883400,0.0
2018-10-02,151.9,153.51,151.34,151.59,1121273,0.0
2018-10-03,151.36,151.59,148.93,150.22,1239951,0.0
2018-10-04,149.99,151.55,149.84,150.99,1294023,0.0
2018-10-07,150.17,151.31,148.05,149.3,1588235,0.0
2018-10-08,149.72,152.36,149.22,150.14,1363825,0.0
2018-10-09,149.76,150.12,141.57,141.79,1702539,0.0
2018-10-10,141.81,143.02,137.05,138.18,2252955,0.0
2018-10-11,140.32,141.3,138.55,140.73,1465258,0.0
2018-10-14,139.87,141.54,139.04,140.25,926123,0.0
2018-10-15,140.69,143.93,140.28,143.28,1812012,0.0
2018-10-16,143.43,144.13,142.04,143.67,685324,0.0
2018-10-17,143.76,144.6,141.06,142.92,1164525,0.0
2018-10-18,143.77,145.145,133.45,143.41,1388969,0.0
2018-10-21,143.85,144.91,142.998,143.98,942508,0.0
2018-10-22,141.64,143.44,140.3,142.45,1174282,0.0
2018-10-23,142.01,143.02,137.27,137.65,1760685,0.0
2018-10-24,139.65,141.4,137.445,140.47,1860297,0.0
2018-10-25,137.24,138.66,135.5164,136.34,2205099,0.0
2018-10-28,138.8,139.76,133.13,135.39,2299978,0.0
2018-10-29,135.87,137.13,134.47,136.86,2545085,0.0
2018-10-30,141.37,145.62,139.98,144.06,2898641,0.0
2018-10-31,143.34,144,139.96,140.88,1863030,0.0
2018-11-01,141.12,142.55,139.02,140.72,1289266,0.0
2018-11-04,141.32,141.8,139.72,141.41,1212951,0.0
2018-11-05,141.52,144.03,141.51,143.91,1527295,0.0
2018-11-06,145.56,148.45,144.97,148.29,2114868,0.0
2018-11-07,147.63,148.67,147.17,147.9,1365193,0.0
2018-11-08,147.08,147.66,146,147.2,1643826,0.0
2018-11-11,146.68,147.095,143.95,144.17,1144472,0.0
2018-11-12,144.96,145.86,143.04,144.74,1411517,0.0
2018-11-13,145.83,146.41,142.5,142.76,1929669,0.0
2018-11-14,141.36,147.29,140.8,147.27,2242590,0.0
2018-11-15,147.22,147.82,145.425,146.54,3040435,0.0
2018-11-18,146.41,147.01,141.22,143.43,1992520,0.0
2018-11-19,142.83,147.38,140.13,140.52,2683181,0.0
2018-11-20,141.48,142.63,139.45,141.09,1213583,0.0
2018-11-22,139.54,141.91,139.54,140.92,515099,0.0
2018-11-25,142.83,144.74,142.02,144.65,1385235,0.0
2018-11-26,143.93,145.33,142.8425,145.3,1245902,0.0
2018-11-27,145.89,148.66,145.49,148.6,2654626,0.0
2018-11-28,147.7,148.135,145.71,145.85,1540043,0.0
2018-11-29,146.21,147.56,145.8,147.37,2106018,0.0
2018-12-02,149.19,149.67,145.38,147.45,2125980,0.0
2018-12-03,147.04,147.7,143.18,143.58,2931676,0.0
2018-12-05,141.89,143.23,138.293,143.17,2149793,0.0
2018-12-06,142.2,143.51,138.7,139.29,1446354,0.0
2018-12-09,139.63,140.291,136.685,139.74,1363779,0.0
2018-12-10,141.71,142.35,138.71,139.98,1988623,0.0
2018-12-11,142.49,142.63,139.45,139.64,1964540,0.0
2018-12-12,139.57,139.57,136.75,138.27,1383269,0.0
2018-12-13,136.71,137.4,134.595,134.83,1610417,0.0
2018-12-16,134.67,135.92,131.63,132.47,2263670,0.0
2018-12-17,133.76,134.49,129.4,130.01,5768013,0.0
2018-12-18,129.92,134.14,128.85,130.32,2329987,0.0
2018-12-19,129.73,131.13,128.2579,130.31,2904708,0.0
2018-12-20,129.75,131.96,125.21,125.25,3458849,0.0
2018-12-23,125.02,126.25,121.83,121.92,1126437,0.0
2018-12-25,123.28,127.75,121.4,127.71,1808466,0.0
2018-12-26,125.57,129.76,124.4706,129.73,1695731,0.0
2018-12-27,130.09,131.26,127.76,129.16,1363186,0.0
2018-12-30,130.08,130.99,129.35,130.54,1342114,0.0
2019-01-01,129.16,130.78,128.61,129.94,1434225,0.0
2019-01-02,128.51,129.3,126.25,126.47,1593946,0.0
2019-01-03,128.39,131.375,127.5368,131.33,1251588,0.0
2019-01-06,130.99,132.1539,129.5,130.43,1574146,0.0
2019-01-07,131.48,132.4275,129.06,131.22,1680174,0.0
2019-01-08,131.86,131.86,129.47,131.31,1478679,0.0
2019-01-09,130.52,132.52,130.3,132.44,781816,0.0
2019-01-10,131.8,132.12,130.67,131.59,952270,0.0
2019-01-13,130.16,131.65,130,131,1271386,0.0
2019-01-14,130.95,133.22,130.95,132.18,2471781,0.0
2019-01-15,132.66,133.55,131.84,132.66,1671843,0.0
2019-01-16,132.13,133.75,132.0495,132.81,1546528,0.0
2019-01-17,134.25,135.38,133.04,135.05,1914510,0.0
2019-01-21,133.99,134.52,132.04,132.77,1820533,0.0
2019-01-22,133.62,134.6299,132.65,134.3,1476075,0.0
2019-01-23,134.66,135.715,133.87,134.82,1297503,0.0
2019-01-24,136.02,136.74,135.26,136.28,1156766,0.0
2019-01-27,134.96,135.73,134.29,135.465,1478829,0.0
2019-01-28,135.37,135.88,133.76,134.06,1426981,0.0
2019-01-29,137,140.79,135.01,139.47,3296041,0.0
2019-01-30,138.83,141.15,138.125,139.87,3744397,0.0
2019-01-31,139.71,141.58,139.71,141.49,2375155,0.0
2019-02-03,141.73,143.69,141.39,143.56,2393566,0.0
2019-02-04,145.02,145.49,144.12,145.195,2251912,0.0
2019-02-05,145,146.09,144.6,145.48,1514370,0.0
2019-02-06,144.02,145.89,143.93,145.52,2121859,0.0
2019-02-07,144.32,146.53,144.04,146.52,1321481,0.0
2019-02-10,147.19,147.74,146.79,147.4,1474753,0.0
2019-02-11,148.71,149.9268,148.27,149.48,1806802,0.0
2019-02-12,150,151.35,149.89,150.47,1729383,0.0
2019-02-13,149.625,150,148.07,148.14,2289071,0.0
2019-02-14,149.55,150.32,148.44,149.65,1847540,0.0
2019-02-20,150.14,151.5,149.61,150.99,1077653,0.0
2019-02-21,151.62,153.21,151.22,153.18,1324479,0.0
2019-02-24,154.06,154.55,152.23,152.49,1056058,0.0
2019-02-25,152.54,153.415,152.25,152.9,1059385,0.0
2019-02-26,152.08,153.4,151.66,152.965,1075659,0.0
2019-02-27,152.68,153.56,152.3,153.03,1421637,0.0
2019-02-28,154.25,154.4114,153.1503,153.86,1555551,0.0
2019-03-03,153.89,154.32,151.41,153.3,3766777,0.0
2019-03-04,153.45,153.6,152.35,152.66,2468760,0.0
2019-03-05,152.47,153.32,152.17,152.53,1412741,0.0
2019-03-06,151.35,151.98,150.12,150.4,2120223,0.0
2019-03-07,149.01,149.58,148.15,149.25,1377099,0.0
2019-03-10,149.88,151.19,149.03,151.1,1447911,0.0
2019-03-11,151.75,152.81,151.1,151.97,1470364,0.0
2019-03-12,152.71,153.98,152.21,152.84,1162312,0.0
2019-03-13,153.34,153.67,152.27,153.52,1236825,0.0
2019-03-14,153.01,155.36,152.6614,155.24,2941649,0.0
2019-03-17,155.31,155.8,154.04,154.7,1251586,0.0
2019-03-18,155,155.18,153.82,154.69,1090369,0.0
2019-03-19,154.43,154.99,153.4974,154,1548292,0.0
2019-03-20,153.44,156.04,153.44,155.34,1468678,0.0
2019-03-21,154.93,155.3,153.65,153.81,1205304,0.0
2019-03-24,153.48,154.21,152.76,153.75,837599,0.0
2019-03-25,155.11,156.27,154.24,156.2,1351775,0.0
2019-03-26,156.42,157.26,154.99,156.82,1188044,0.0
2019-03-27,157.03,158.53,156.88,158.36,1045335,0.0
2019-03-28,159.49,159.91,158.61,159.79,1271664,0.0
2019-03-31,161.2,162.32,159.98,162.07,664578,0.0
2019-04-01,162.54,162.71,160.83,161.42,795096,0.0
2019-04-02,162.45,162.5,160.49,161.1,906630,0.0
2019-04-03,161.37,161.37,158.18,159.34,1233468,0.0
2019-04-04,160.07,160.42,159.15,160.37,811137,0.0
2019-04-07,159.95,160.6,158.885,160.44,746379,0.0
2019-04-08,159.83,160.66,159.1301,159.59,865146,0.0
2019-04-09,160.13,160.82,159.67,160.46,781838,0.0
2019-04-10,161.03,161.76,160.6,161.69,829951,0.0
2019-04-11,162.16,163.38,160.94,163.34,727934,0.0
2019-04-14,163.03,163.86,162.61,163.68,632454,0.0
2019-04-15,164.41,164.41,161.53,162.15,860611,0.0
2019-04-16,162.53,162.97,161.552,162.85,928246,0.0
2019-04-17,163.73,163.73,162.08,162.45,1096724,0.0
2019-04-21,161.65,162.405,161.34,161.95,568994,0.0
2019-04-22,162.01,165.13,161.81,165.01,1048800,0.0
2019-04-23,165.24,165.5,163.48,163.5,1464157,0.0
2019-04-24,162.68,164.17,161.49,163.86,1101503,0.0
2019-04-25,164.43,164.43,162.69,163.77,772911,0.0
2019-04-28,163.86,164.25,162.58,162.95,1007081,0.0
2019-04-29,163.28,164.56,161.01,164.42,1337713,0.0
2019-04-30,161,161.1999,154.71,157.37,3001005,0.0
2019-05-01,157.46,159.18,155.8,158.42,1748393,0.0
2019-05-02,159.69,160.63,158.505,160.18,847721,0.0
2019-05-05,157.38,160.69,157.38,160.24,847712,0.0
2019-05-06,158.16,160.95,157.3361,158.34,1661898,0.0
2019-05-07,158,159.98,157.57,159.15,1133652,0.0
2019-05-08,158,161.02,157.78,160.55,1406132,0.0
2019-05-09,159.87,161.4,157.91,161.05,1456669,0.0
2019-05-12,158.41,159.73,157,157.14,1473470,0.0
2019-05-13,157.56,159.81,157.35,158.51,1327377,0.0
2019-05-14,157.67,159.77,157.1,159.39,1697211,0.0
2019-05-15,159.25,162.45,158.73,161.45,1858196,0.0
2019-05-16,160.39,162.08,159.85,161.78,1721494,0.0
2019-05-19,160.1,162.75,160.1,161.33,1260856,0.0
2019-05-20,162.44,163.54,161.5,163.03,891742,0.0
2019-05-21,162.68,164.03,162.23,163.38,730705,0.0
2019-05-22,161.74,162.3,160.12,161.15,915887,0.0
2019-05-23,162.12,163.04,161.1601,161.85,610957,0.0
2019-05-27,161.97,163.7443,161.57,161.73,738433,0.0
2019-05-28,161.09,161.19,158.94,159.84,848648,0.0
2019-05-29,160.47,161.41,159.74,160.87,599695,0.0
2019-05-30,159.32,161.08,159.32,160.11,703610,0.0
2019-06-02,160.55,161.42,155.2583,155.99,1666201,0.0
2019-06-03,157.56,159.66,156.06,159.49,1042553,0.0
2019-06-04,160.11,162.78,160.1,162.69,1101652,0.0
2019-06-05,162.67,164.35,161.65,164.34,766447,0.0
2019-06-06,165.01,167.87,164.94,166.92,1082852,0.0
2019-06-09,167.31,168.43,166.63,167.67,932893,0.0
2019-06-10,168.53,168.87,164.36,165.12,1128842,0.0
2019-06-11,165.31,166.17,164.57,165.24,879550,0.0
2019-06-12,165.21,165.62,163.33,164.48,2025501,0.0
2019-06-13,164.47,166.36,164.06,165.51,1613737,0.0
2019-06-16,166.09,166.49,165.29,165.94,641356,0.0
2019-06-17,167.57,169.2,166.79,168.22,1214783,0.0
2019-06-18,168.28,168.87,166.69,168.26,851472,0.0
2019-06-19,169.97,170.1,168.14,169.58,713735,0.0
2019-06-20,169.4,170.45,168.02,168.08,1835528,0.0
2019-06-23,168.76,169.25,167.7,167.75,723468,0.0
2019-06-24,168.06,168.06,165.1,165.52,1206498,0.0
2019-06-25,165.74,166.21,162.71,162.82,1009119,0.0
2019-06-26,163.69,164.22,162.1,164,1161489,0.0
2019-06-27,164.84,165.71,163.55,165.42,1077022,0.0
2019-06-30,167.62,167.82,165.52,166.3,1038964,0.0
2019-07-01,159.68,162.04,158.92,162.03,11241868,0.0
2019-07-02,163,164.18,161.53,164.11,1752387,0.0
2019-07-04,162.99,165.1,162.36,164.88,1707901,0.0
2019-07-07,164.58,164.7,163.69,164.08,828349,0.0
2019-07-08,163.18,163.74,162.5,163.54,1386270,0.0
2019-07-09,164.28,164.7,162.66,164.59,1378489,0.0
2019-07-10,164.88,165.59,164.11,165.18,1072917,0.0
2019-07-11,164.95,165.45,163.98,165.13,1644105,0.0
2019-07-14,165.48,166.16,164.69,165.01,1184251,0.0
2019-07-15,165.05,165.85,164.03,164.2,1748826,0.0
2019-07-16,164.46,166.15,164.34,165.38,1382689,0.0
2019-07-17,165.33,167.92,164.71,167.77,1065502,0.0
2019-07-18,168.67,168.965,166.37,166.46,1230340,0.0
2019-07-21,166.98,168.37,166.264,167.12,1015628,0.0
2019-07-22,168.28,169,166.71,167.9,823309,0.0
2019-07-23,167.47,167.47,166.0692,167.19,922778,0.0
2019-07-24,166.95,167.97,166.62,167.08,1165460,0.0
2019-07-25,167.61,169.58,167.31,169.25,863817,0.0
2019-07-28,169.13,169.13,167.665,167.9,821567,0.0
2019-07-29,167.33,167.84,164.9,165.1,1536139,0.0
2019-07-30,172,172,164.95,166.46,3571572,0.0
2019-07-31,165.25,166.63,163.7,164.31,3519924,0.0
2019-08-01,163.99,165.61,161.79,164.24,2109429,0.0
2019-08-04,162.71,163.43,158.73,159.75,3014270,0.0
2019-08-05,160.03,163.9,159.81,163.39,1779858,0.0
2019-08-06,161.89,165.47,160.52,164.46,1614222,0.0
2019-08-07,166.01,170.39,165.51,170.39,1899396,0.0
2019-08-08,169.95,169.95,166.42,167.72,1759695,0.0
2019-08-11,167.41,167.6,165.12,165.87,851603,0.0
2019-08-12,165.33,169.18,165.252,168.72,1062487,0.0
2019-08-13,166.46,167.61,163.74,163.84,1142735,0.0
2019-08-14,164.18,166.36,162.51,165.06,1026541,0.0
2019-08-15,166.82,168.06,166.42,166.99,1165247,0.0
2019-08-18,169.03,169.38,167.55,168.96,838991,0.0
2019-08-19,168.59,169.79,167.64,167.8,792092,0.0
2019-08-20,168.89,169.69,168.43,169.69,997395,0.0
2019-08-21,169.55,170.705,167.29,169.47,716338,0.0
2019-08-22,169.06,170.17,164.195,164.84,1163471,0.0
2019-08-25,166.65,166.9768,164.985,166.86,781260,0.0
2019-08-26,168.14,168.14,166.08,166.75,973956,0.0
2019-08-27,165.95,167.49,164.72,167.26,1094039,0.0
2019-08-28,169.58,170.8122,168.76,169.47,917670,0.0
2019-08-29,170.71,170.92,169.03,169.83,766797,0.0
2019-09-02,167.75,169.5,166.6,167.2,1204174,0.0
2019-09-03,168.53,170.09,168.5,169.65,1088280,0.0
2019-09-04,171.15,173.54,170.8,173.25,1106656,0.0
2019-09-05,173.74,174.5,173.02,173.26,1121733,0.0
2019-09-08,173.56,173.69,167.13,168.06,1326018,0.0
2019-09-09,166.94,168.03,161.61,164.36,1577860,0.0
2019-09-10,163.14,164.9171,160.4,161.14,2358929,0.0
2019-09-11,161.16,162.3,160.15,160.419,1796700,0.0
2019-09-12,161.04,161.5973,158.95,159.79,1364024,0.0
2019-09-15,158.9,159.74,157.75,158.18,1477214,0.0
2019-09-16,158.4,159.24,157.6,158.84,2034824,0.0
2019-09-17,158.33,158.8567,156.04,157.74,1313482,0.0
2019-09-18,159.27,159.975,158.685,159.35,1615572,0.0
2019-09-19,159.22,160.81,158.75,159.16,2469374,0.0
2019-09-22,158.77,160.6384,158.5,159.7,1093360,0.0
2019-09-23,160.12,162.44,158.77,160.01,1852135,0.0
2019-09-24,160.08,161.95,158.82,161.7,1508834,0.0
2019-09-25,162.24,163.95,161.71,163.3,1488390,0.0
2019-09-26,163.84,163.97,158.94,160.44,1827171,0.0
2019-09-29,160.83,162.1,160.75,161.42,992079,0.0
2019-09-30,162.31,162.94,160.08,160.41,1555807,0.0
2019-10-01,158.97,159.24,155.48,156.63,1884236,0.0
2019-10-02,156.36,157.6,153.72,157.54,1355121,0.0
2019-10-03,158.13,159.42,157.895,159.15,2221314,0.0
2019-10-06,158.95,159.81,157.98,158.86,1353047,0.0
2019-10-07,157.55,158.35,155.84,156.33,2278658,0.0
2019-10-08,157.64,158.94,156.6,158.46,2721327,0.0
2019-10-09,157.93,160.97,157.86,160.77,2480626,0.0
2019-10-10,162.41,163.84,161,162.52,3213469,0.0
2019-10-13,163.18,163.36,162.12,162.47,1921290,0.0
2019-10-14,162.54,164.45,162.49,164.05,2109267,0.0
2019-10-15,163.74,164.45,162.06,164.17,2816764,0.0
2019-10-16,164.54,165.2,163.61,163.81,1807528,0.0
2019-10-17,164.33,164.445,162.92,163.49,2810336,0.0
2019-10-20,163.48,163.77,161.3,162.08,978896,0.0
2019-10-21,162.35,163.29,159.46,159.48,1153160,0.0
2019-10-22,159.27,160.76,159.09,160.08,1059205,0.0
2019-10-23,160.95,162.62,160.1,162.54,932729,0.0
2019-10-24,162.01,163.36,161.575,162,1204137,0.0
2019-10-27,162.58,162.92,160.93,162.48,1011473,0.0
2019-10-28,162.63,164.355,162.46,162.87,1314250,0.0
2019-10-29,158.8,164.33,158.26,164.17,2359293,0.0
2019-10-30,163.42,164.41,160.68,162.29,1717104,0.0
2019-10-31,163.4,163.75,162.13,162.98,1126945,0.0
2019-11-03,164.21,164.61,161.71,161.92,1884502,0.0
2019-11-04,161.35,161.74,156.89,156.98,3637289,0.0
2019-11-05,157.87,160.18,157.345,159.7,1758051,0.0
2019-11-06,160.54,163.58,159.88,162.11,1615039,0.0
2019-11-07,161.73,163.08,161.175,162.73,1388346,0.0
2019-11-10,162,163.92,161.64,163.44,1225262,0.0
2019-11-11,164.15,166.49,163.76,166.39,1786296,0.0
2019-11-12,165.01,169.5225,165.01,168.99,2071664,0.0
2019-11-13,168.77,170.48,167.79,170.13,1628566,0.0
2019-11-14,171.19,171.19,169.07,171.18,1402225,0.0
2019-11-17,170.64,171.33,170,170.72,907519,0.0
2019-11-18,171.5,172.73,170.91,171.09,904237,0.0
2019-11-19,170.54,171.58,169,170.58,968124,0.0
2019-11-20,170.23,170.74,169.15,169.86,809417,0.0
2019-11-21,171.12,171.5,169.07,169.65,1124137,0.0
2019-11-24,170.27,170.9406,169.78,170.2,747628,0.0
2019-11-25,170.21,171.92,170.15,171.65,891461,0.0
2019-11-26,171.8,171.9,170.96,171.49,695606,0.0
2019-11-28,170.82,171.5,170.24,170.72,447417,0.0
2019-12-01,170.53,170.87,168.15,168.6,896243,0.0
2019-12-02,166.77,167.44,166.22,167.1,2615889,0.0
2019-12-03,167.12,168.87,166.84,168.58,1673895,0.0
2019-12-04,168.89,169.01,167.5194,168.36,1260737,0.0
2019-12-05,169.61,170.59,169.505,169.97,1053484,0.0
2019-12-08,169.68,170.11,168.8096,169.06,781180,0.0
2019-12-09,169.07,169.225,168.16,168.43,1025463,0.0
2019-12-10,168.06,168.31,166.51,167.25,1056108,0.0
2019-12-11,166.26,167.55,165.23,167.15,1202170,0.0
2019-12-12,166.69,168.39,166.01,168.3,730117,0.0
2019-12-15,169.16,169.66,168.48,168.58,790165,0.0
2019-12-16,168.81,169.44,168.04,168.35,1002572,0.0
2019-12-17,168.38,169.74,167.25,167.56,1300334,0.0
2019-12-18,167.26,169.39,166.74,168.75,1177043,0.0
2019-12-19,170.28,171.32,168.23,171.08,2184813,0.0
2019-12-22,171.27,171.36,169.74,169.97,853035,0.0
2019-12-23,169.95,170.31,169.35,169.91,288686,0.0
2019-12-25,170.35,170.82,169.58,170.35,426709,0.0
2019-12-26,170.77,170.95,169.754,170.77,503049,0.0
2019-12-29,170.51,170.85,169.03,169.65,576969,0.0
2019-12-30,169.22,170.66,169.22,170.48,552131,0.0
2020-01-01,171.96,172,169.2,170.33,1109409,0.0
2020-01-02,168.06,170.45,168.06,169.96,791068,0.0
2020-01-05,169.08,170.34,168.825,170.21,657265,0.0
2020-01-06,169.29,169.455,167.95,168.19,989175,0.0
2020-01-07,168.79,170.51,168.17,169.71,1147691,0.0
2020-01-08,170.38,171.34,170.12,171.22,769547,0.0
2020-01-09,172,172,170.635,171.09,760851,0.0
2020-01-12,171.52,172.47,171.1,172.35,690173,0.0
2020-01-13,172.12,172.35,170.5,171.24,785310,0.0
2020-01-14,172.07,174.49,171.81,172.86,1228542,0.0
2020-01-15,173.86,174.94,172.935,174.93,906613,0.0
2020-01-16,175.71,176.91,175.1,176.87,1974525,0.0
2020-01-20,174.95,177.6,174.95,176.14,2199736,0.0
2020-01-21,178.32,179.89,177.19,178.32,2329126,0.0
2020-01-22,177.58,178.4581,177.01,177.86,2242622,0.0
2020-01-23,178.83,178.93,176.18,177.2,1996710,0.0
2020-01-26,175.19,176.63,174.49,175.77,1093610,0.0
2020-01-27,176.03,178.955,175.9,178.3,1164506,0.0
2020-01-28,171.85,174.15,170.935,170.95,3319574,0.0
2020-01-29,168.96,175.08,168.3402,175,2463205,0.0
2020-01-30,174.5,175.44,170.84,171.27,2404031,0.0
2020-02-02,173.88,175.17,172.995,173.97,1791065,0.0
2020-02-03,176.67,178.07,174.8,175.92,2603543,0.0
2020-02-04,178.37,179.01,176.81,178.66,2174339,0.0
2020-02-05,179.75,180.47,178.8,180.3,1332912,0.0
2020-02-06,179.78,179.9,178.485,179.12,1630874,0.0
2020-02-09,178.66,179.815,178.31,179.4,1329893,0.0
2020-02-10,180.25,180.25,177.79,177.97,1398963,0.0
2020-02-11,178.69,180.8505,176.9,178.05,2343190,0.0
2020-02-12,177.47,180.99,177.07,180.06,1521660,0.0
2020-02-13,180.16,181.28,179.395,181.25,979643,0.0
2020-02-17,181.36,182.32,179.74,179.91,1077494,0.0
2020-02-18,180.5,181.74,180.19,181.26,1150248,0.0
2020-02-19,180.67,181.75,178.5,180.78,1323083,0.0
2020-02-20,179.8,180.43,177.35,178.59,1824110,0.0
2020-02-23,175.78,177.18,173.9,174.46,1502382,0.0
2020-02-24,174.65,175.49,166.895,167.18,2110944,0.0
2020-02-25,169,170.8,166.23,166.33,1761886,0.0
2020-02-26,164.06,165.97,157.46,157.49,2117735,0.0
2020-02-27,153.41,159.45,150.53,154.69,3742395,0.0
2020-03-01,155.55,163.09,154.24,163.05,2531455,0.0
2020-03-02,161.63,164.44,154,155.26,2546374,0.0
2020-03-03,158.42,164.62,156.81,164.43,2052343,0.0
2020-03-04,159.44,163.15,158.93,160.68,2621526,0.0
2020-03-05,153.42,160.11,153.005,159.19,2558361,0.0
2020-03-08,149.1,155.22,146.28,150.77,8033296,0.0
2020-03-09,156.95,157.12,147.21,154.54,3692559,0.0
2020-03-10,149.65,151.9211,145.69,147.92,2305141,0.0
2020-03-11,137.55,137.8741,125.86,130.28,4953876,0.0
2020-03-12,136.99,144.53,129.27,144.5,3054874,0.0
2020-03-15,128.06,131.72,122.05,122.46,3725704,0.0
2020-03-16,124.45,130.53,118.43,129.39,7222976,0.0
2020-03-17,120.86,122.59,103.1101,118.34,3989619,0.0
2020-03-18,117.8,123.17,110,117.36,3489593,0.0
2020-03-19,118.92,119.47,107.1,112.06,4967486,0.0
2020-03-22,108.53,112.06,104.89,108.98,3884768,0.0
2020-03-23,114.66,122.04,114.3,121.01,3977133,0.0
2020-03-24,120.76,130,116.49,122.73,2972467,0.0
2020-03-25,123.06,138.14,122.6,137.09,2770125,0.0
2020-03-26,130.36,136,128.92,131.22,2522851,0.0
2020-03-29,132.4,138.535,131.77,137.83,1926866,0.0
2020-03-30,134.98,139.4,134.22,136.73,2727244,0.0
2020-03-31,129.78,133.405,128.09,129.73,2503345,0.0
2020-04-01,127.72,132.61,127.43,131.55,6401604,0.0
2020-04-02,130.7,132.53,126.6924,128.59,1150594,0.0
2020-04-05,135,140.45,134.35,139.65,2306360,0.0
2020-04-06,145.54,147.17,136.75,136.89,2261350,0.0
2020-04-07,138,139.6,136.35,138.54,2357391,0.0
2020-04-08,140.23,143.81,139.91,142.6,2178433,0.0
2020-04-12,140.23,140.9206,136.02,139.53,1493497,0.0
2020-04-13,140.72,143.99,140.47,143.9,3707847,0.0
2020-04-14,140.14,140.6611,137.18,137.67,3699213,0.0
2020-04-15,138.52,138.9538,134.42,136.91,4229172,0.0
2020-04-16,141.51,142.12,138.7,141.1,9034184,0.0
2020-04-19,138.53,141.65,138,139.82,4915346,0.0
2020-04-20,137.21,137.64,133.2,133.54,5208709,0.0
2020-04-21,136.75,139.3,135.04,138.75,4064880,0.0
2020-04-22,138.85,141.15,135.45,135.88,4228597,0.0
2020-04-23,136.53,139.73,135.3775,139.16,4410961,0.0
2020-04-26,139.81,142.32,139.47,142.18,2586258,0.0
2020-04-27,143.23,146.185,142.6,143.01,1687305,0.0
2020-04-28,146.76,146.76,141.6,145.84,4334632,0.0
2020-04-29,144.49,147.32,143.57,146.69,2015818,0.0
2020-04-30,143.17,144.7,139.46,140.43,4431670,0.0
2020-05-03,139.36,144.64,138.39,144.42,2170461,0.0
2020-05-04,145.56,147.7699,144.82,145.83,2747672,0.0
2020-05-05,143.13,147.63,143.13,144.56,1446021,0.0
2020-05-06,147.39,149.3192,146.67,147.76,2668058,0.0
2020-05-07,149.57,149.78,144.72,146,1392361,0.0
2020-05-10,144.09,145.8,143.7,144.61,1277291,0.0
2020-05-11,144.85,145.64,141.39,141.74,3457194,0.0
2020-05-12,141.73,141.73,132.8,134.58,2685182,0.0
2020-05-13,133.97,135.16,130.64,134.95,1896083,0.0
2020-05-14,133.77,134.98,131.85,134.88,2367092,0.0
2020-05-17,135.32,137.48,134.51,136.41,6886694,0.0
2020-05-18,136.21,137.62,133.05,133.05,2168310,0.0
2020-05-19,134.64,136.089,133.985,134.78,6856972,0.0
2020-05-20,134.08,135.0483,132.7,133.34,4752808,0.0
2020-05-21,133,135.72,131.9,134.96,3079958,0.0
2020-05-25,138,139.56,136.7,138.93,1888295,0.0
2020-05-26,141.3,145.125,139.535,144.67,2822237,0.0
2020-05-27,145.67,146.51,143.519,144.79,2102469,0.0
2020-05-28,145.37,146.98,142.165,146.51,4545348,0.0
2020-05-31,146.0132,146.98,144.56,145.59,3779470,0.0
2020-06-01,145.4052,148.32,145.01,148.31,5043834,0.0
2020-06-02,149.8,152.245,148.96,151.68,3573822,0.0
2020-06-03,149.88,151.95,149.15,149.92,3438836,0.0
2020-06-04,154.3,161.05,153.57,160.16,2589746,0.0
2020-06-07,159.36,161.3,158.29,161.19,1540708,0.0
2020-06-08,160.75,160.75,157.02,157.52,2712706,0.0
2020-06-09,157.73,158.21,153.95,155.9,2274346,0.0
2020-06-10,152.96,154.2087,142.81,142.91,2463811,0.0
2020-06-11,147.5,148.98,145,145.04,842412,0.0
2020-06-14,142.81,148.45,142.44,147.38,2208176,0.0
2020-06-15,152.21,153.31,149.05,151.81,1249836,0.0
2020-06-16,151.59,152.58,150.53,150.68,1701132,0.0
2020-06-17,149.74,151.82,148.905,151.75,851307,0.0
2020-06-18,154.33,155,148.63,148.835,2834290,0.0
2020-06-21,148.5,150.57,147.34,150.43,902997,0.0
2020-06-22,151.62,152.15,150.11,150.52,978407,0.0
2020-06-23,148.89,149.59,144.28,144.78,1121708,0.0
2020-06-24,144.5,147.71,143.84,147.46,919759,0.0
2020-06-25,147.26,147.45,143.91,144.7,1451797,0.0
2020-06-28,146.26,146.998,144.23,146.46,720033,0.0
2020-06-29,147.45,149.57,146.095,148.92,1059145,0.0
2020-06-30,149.22,150.45,148.63,149.06,1057170,0.0
2020-07-01,150.81,152.13,149.955,150.56,898789,0.0
2020-07-05,152.44,152.66,150.06,150.71,1087911,0.0
2020-07-06,149.98,150.99,146.71,146.89,1008915,0.0
2020-07-07,147,148.22,146.27,148.18,1026182,0.0
2020-07-08,147.58,147.58,144.11,145.77,1120997,0.0
2020-07-09,145,147.3,144.6262,147.27,770235,0.0
2020-07-12,147.5,149.13,145.07,145.53,1014930,0.0
2020-07-13,142.68,145.59,142.11,145.46,1600726,0.0
2020-07-14,145.94,149.3,145.76,148.63,1030798,0.0
2020-07-15,147.34,147.66,145.38,146.27,827288,0.0
2020-07-16,147.26,148.4,145.81,147.53,752597,0.0
2020-07-19,147.58,148.31,145.655,147.44,973765,0.0
2020-07-20,147.86,149.34,146.425,147.03,946370,0.0
2020-07-21,148.2,148.2,146.74,147.58,885120,0.0
2020-07-22,147.57,148.97,146.28,146.97,530444,0.0
2020-07-23,147.58,148,144.9,145.45,852134,0.0
2020-07-26,145.25,146.64,144.16,145.72,1179260,0.0
2020-07-27,145.85,147.8,145.37,146.46,1384946,0.0
2020-07-28,139.93,141.35,135.35,137.12,4862320,0.0
2020-07-29,134.2693,134.74,132.27,132.84,8051896,0.0
2020-07-30,133.66,134.53,129.84,132.97,2799850,0.0
2020-08-02,133.36,134.99,132.22,134.47,1859280,0.0
2020-08-03,133.95,136.79,133.9398,136.79,2110183,0.0
2020-08-04,136.6,138.24,134.51,134.77,1971435,0.0
2020-08-05,134.47,136.96,134.45,136.47,1832458,0.0
2020-08-06,136.98,138.98,136.63,137.98,2824334,0.0
2020-08-09,136.715,138.87,136.425,138.09,1910811,0.0
2020-08-10,137.91,140.04,136.79,138.1,2080429,0.0
2020-08-11,138.86,140.28,138.67,139.58,2276294,0.0
2020-08-12,139.03,140.54,138.99,139.22,1982914,0.0
2020-08-13,139.26,140.1,137.97,138.98,1595386,0.0
2020-08-16,139.25,140.735,139.085,139.55,1217662,0.0
2020-08-17,140.5,140.79,138.94,139.98,1375910,0.0
2020-08-18,139.89,140.51,138.22,138.88,1131710,0.0
2020-08-19,137.59,139.476,137.36,139.15,1075872,0.0
2020-08-20,139.05,139.05,137.1,138.02,1171616,0.0
2020-08-23,138.63,140.72,137.63,140.68,1168834,0.0
2020-08-24,141.08,142.85,140.16,141.06,1463476,0.0
2020-08-25,141.02,141.87,139.065,139.59,1325780,0.0
2020-08-26,141.49,142.46,140.0286,141.08,1431651,0.0
2020-08-27,140.94,141.44,139.38,141.41,870201,0.0
2020-08-30,140.81,140.955,138.36,139.1,1323256,0.0
2020-08-31,138.79,138.8674,137.35,138.54,1326115,0.0
2020-09-01,138.18,143.05,137.5,142.44,1850407,0.0
2020-09-02,142.93,144.25,137.72,139.2,1586953,0.0
2020-09-03,139.22,141.73,137.5,138.46,1784185,0.0
2020-09-07,136.4765,137.8545,134.8,135.82,2246279,0.0
2020-09-08,136.68,138.53,135.12,137.21,1556835,0.0
2020-09-09,135.91,135.9799,131.28,131.9,1894676,0.0
2020-09-10,132.5,133.8,131.38,133.39,1641515,0.0
2020-09-13,134.65,137.28,134.32,136.58,1688573,0.0
2020-09-14,137.09,138.1,136.15,136.97,1569008,0.0
2020-09-15,137.62,140.14,137.16,137.7,1273275,0.0
2020-09-16,134.77,137.97,134.2,137.94,1201257,0.0
2020-09-17,137.77,137.88,133.87,135.01,2238000,0.0
2020-09-20,132.21,132.79,129.11,131.02,1757775,0.0
2020-09-21,131.41,133.2953,130.45,132.87,926922,0.0
2020-09-22,132.31,132.92,128.37,128.59,1228951,0.0
2020-09-23,128.25,131.34,127.31,130.81,1707920,0.0
2020-09-24,129.23,134.94,129.23,134.56,1839970,0.0
2020-09-27,136.72,138.04,136.08,137.42,1611867,0.0
2020-09-28,137.55,138.505,136.4989,137.54,1544801,0.0
2020-09-29,137.95,140.97,137.77,139.5,1818786,0.0
2020-09-30,141.62,141.67,136.69,137.71,1539654,0.0
2020-10-01,135.18,139.32,135.11,138.62,1609830,0.0
2020-10-04,139.29,141.87,138.925,140.96,1390691,0.0
2020-10-05,141.22,145.58,140.01,142.26,1686684,0.0
2020-10-06,143.37,144.42,142,143.73,1350676,0.0
2020-10-07,145.21,147.32,144.905,147.02,1623170,0.0
2020-10-08,148,150.08,146.87,149.85,1929911,0.0
2020-10-11,151.5,152.14,150.13,150.63,2072055,0.0
2020-10-12,151.6,152.15,148.7201,149.67,1011617,0.0
2020-10-13,149.99,150.95,148.041,148.58,1077304,0.0
2020-10-14,146.88,147.79,146,147.39,1049289,0.0
2020-10-15,148.21,149.64,147.5,148.46,831273,0.0
2020-10-18,148.1,148.985,144.7,145,1623810,0.0
2020-10-19,146.43,147.54,145.77,146.62,842619,0.0
2020-10-20,146.92,148.07,145.85,146.81,783522,0.0
2020-10-21,147.06,149.5,146.09,148.74,942289,0.0
2020-10-22,150.07,150.4,148.33,149.29,803537,0.0
2020-10-25,147.41,147.41,144.585,145.77,2132292,0.0
2020-10-26,146.12,147.1917,145.57,146,1658277,0.0
2020-10-27,155.2,159.35,153.88,155.06,3835819,0.0
2020-10-28,154.67,159.46,153.49,158.2,1664494,0.0
2020-10-29,156.88,159.42,155.79,158.1,1732862,0.0
2020-11-01,159.44,162.08,158.5,161.46,1673504,0.0
2020-11-02,163.6,167.37,163.07,166.48,1603649,0.0
2020-11-03,167.88,168.6717,163.85,164.55,1860871,0.0
2020-11-04,165.65,166.87,161.94,162.78,2156494,0.0
2020-11-05,164.8,166.58,163.56,166.24,1521899,0.0
2020-11-08,172.71,174.79,169.655,169.89,1680515,0.0
2020-11-09,169.12,173.39,168.18,171.04,1234259,0.0
2020-11-10,171.95,173.33,170.56,171.79,1374998,0.0
2020-11-11,170.85,171.8548,168.47,169.48,993556,0.0
2020-11-12,171,171.795,169.63,171.75,667253,0.0
2020-11-15,174,177.19,172.45,177.06,1826942,0.0
2020-11-16,175,176.58,174.25,176.15,991532,0.0
2020-11-17,176.15,176.18,172.88,173.17,950445,0.0
2020-11-18,171.85,174.35,171.36,173.62,836102,0.0
2020-11-19,173.5,173.78,171.245,171.26,1166246,0.0
2020-11-22,172.14,173.54,170.25,172.07,895242,0.0
2020-11-23,173.54,175.58,172.25,175.39,1055191,0.0
2020-11-24,176.7,176.7,173.42,174.03,728751,0.0
2020-11-26,174.66,175.43,174.21,175.2,468089,0.0
2020-11-29,174.14,175.095,171.33,173.86,1209900,0.0
2020-11-30,175.16,176.41,173.64,174.67,1709903,0.0
2020-12-01,174.68,175.06,171.01,171.49,1551145,0.0
2020-12-02,171.25,173.33,170.88,172.09,1063373,0.0
2020-12-03,172.36,175.63,171.705,174.64,780751,0.0
2020-12-06,174,174.73,172.85,174.58,838783,0.0
2020-12-07,174.43,174.95,173.335,174.43,746710,0.0
2020-12-08,175.12,175.165,172.77,173.75,972482,0.0
2020-12-09,172.72,172.85,171.21,172.13,1109652,0.0
2020-12-10,171.43,173.68,171.08,173.65,824571,0.0
2020-12-13,173.33,175.81,172.29,173.15,1128303,0.0
2020-12-14,174.26,175.79,172.87,175.76,745733,0.0
2020-12-15,175.91,176.5462,174.28,175.59,680258,0.0
2020-12-16,176.59,179.025,175.92,177.32,861454,0.0
2020-12-17,178.47,179.46,177.47,179.24,1351195,0.0
2020-12-20,176,177.84,174.405,177.6,879665,0.0
2020-12-21,176.7,177.04,175.46,176.38,774634,0.0
2020-12-22,177.5,178.26,174.99,174.99,674165,0.0
2020-12-23,176.12,176.57,174.93,176.4,312892,0.0
2020-12-27,177.55,178.16,176.47,176.61,587962,0.0
2020-12-28,177.46,177.81,174.57,174.92,584315,0.0
2020-12-29,175.6,176.25,173.32,173.65,623415,0.0
2020-12-30,174.14,176.45,173.33,176.23,805977,0.0
2021-01-03,175.97,176.57,167.73,168.96,1557413,0.0
2021-01-04,168.68,170.1783,167.37,168.36,1200478,0.0
2021-01-05,166.13,169.44,166.0325,167.91,1340578,0.0
2021-01-06,168.06,169.95,167.44,168.83,1185695,0.0
2021-01-07,168.97,172.38,168.31,171.07,1397255,0.0
2021-01-10,170.93,171.58,168.12,168.54,880742,0.0
2021-01-11,168.65,169.54,167.02,169.06,1242637,0.0
2021-01-12,162,165.685,161,164.63,2421040,0.0
2021-01-13,164.68,165,161.5,161.91,1535279,0.0
2021-01-14,161.59,161.71,159.31,161.13,1627996,0.0
2021-01-18,161.13,162.22,160.14,161.98,1262468,0.0
2021-01-19,162.04,162.83,160.62,162.26,1127633,0.0
2021-01-20,162.2,162.35,160.1,161.12,1615893,0.0
2021-01-21,161.15,162.44,159.81,161.89,1204158,0.0
2021-01-24,161.36,164.07,160.83,163.67,1593924,0.0
2021-01-25,164.35,165.83,163.01,164.53,2500561,0.0
2021-01-26,162.7,172.87,162.58,165.62,3164729,0.0
2021-01-27,169.85,172.57,166.61,166.61,1960022,0.0
2021-01-28,167.71,169.45,164.44,165.22,2289523,0.0
2021-01-31,165.28,168.47,165.17,166.35,1424169,0.0
2021-02-01,167.29,169.12,165.53,168.38,1521870,0.0
2021-02-02,167.07,167.85,166.25,166.9,1147133,0.0
2021-02-03,168.07,170.66,166.37,170.65,984755,0.0
2021-02-04,170.73,171.56,167.17,167.24,1110897,0.0
2021-02-07,167.96,168.73,166.5,167.99,1376436,0.0
2021-02-08,167.87,168.42,166.43,167.32,1074688,0.0
2021-02-09,168.4,168.66,166.24,166.93,1144724,0.0
2021-02-10,168.39,168.44,166.58,166.78,982761,0.0
2021-02-11,166.01,167.2,164.235,167.07,1449947,0.0
2021-02-15,165.85,167.74,165.0275,166.16,1364667,0.0
2021-02-16,164.91,167.43,164.52,167.19,809873,0.0
2021-02-17,167.22,173.02,166.26,172.6,1764854,0.0
2021-02-18,172.83,173.4,169,169.27,1445030,0.0
2021-02-21,168.68,171.56,167.13,171.03,1015989,0.0
2021-02-22,170.83,174.6,170.16,172.07,1659363,0.0
2021-02-23,170.1,176.85,169.01,176.71,1679681,0.0
2021-02-24,174.77,177.615,174.4605,175.53,1982869,0.0
2021-02-25,176.4,177.54,173.72,173.88,1799823,0.0
2021-02-28,175.77,178.455,174.575,177.67,1320912,0.0
2021-03-01,177.51,177.99,173.86,174.84,1313824,0.0
2021-03-02,173.52,175.09,172.32,174.49,1310918,0.0
2021-03-03,174.33,175.87,169.925,171.041,1656363,0.0
2021-03-04,171.83,179,171.5003,178.26,2129124,0.0
2021-03-07,179.27,183.64,177.74,180.42,1848293,0.0
2021-03-08,182.02,184.29,181.12,183.06,1625891,0.0
2021-03-09,183.72,184.59,181.27,182.08,1230078,0.0
2021-03-10,180.48,183.985,180.205,181.63,1065715,0.0
2021-03-11,180.72,183.08,180.55,182.82,1003834,0.0
2021-03-14,182.77,189.32,182.77,189.07,2127785,0.0
2021-03-15,188.75,190.5,187.94,188.25,1489459,0.0
2021-03-16,187.26,188.36,185.76,187.88,1379338,0.0
2021-03-17,185.77,188.39,185.42,186.06,1328150,0.0
2021-03-18,186.04,187.13,182.48,183.93,2525461,0.0
2021-03-21,182.96,184.88,182.52,184.39,1086510,0.0
2021-03-22,185.68,185.78,183.08,184.01,1450657,0.0
2021-03-23,183.3096,187.94,183.3096,185.27,1675119,0.0
2021-03-24,187.51,188.15,186.01,186.99,1651478,0.0
2021-03-25,187.14,192.98,186.83,192.76,1674152,0.0
2021-03-28,191.76,192.99,190.04,192.62,1162136,0.0
2021-03-29,192.73,193.44,187.21,187.86,1436687,0.0
2021-03-30,187.9,189.57,187.05,188.49,1200703,0.0
2021-03-31,190.22,190.22,188.13,189.47,1020107,0.0
2021-04-04,190.07,193.765,189.78,193.09,1098640,0.0
2021-04-05,192.75,192.75,188.77,189.49,1254646,0.0
2021-04-06,188.83,189.26,185.61,185.76,1301629,0.0
2021-04-07,186.82,188.46,186.05,188.23,1413917,0.0
2021-04-08,188.11,189.83,187,189.34,778795,0.0
2021-04-11,188.72,190.21,188.43,189.76,1001603,0.0
2021-04-12,189.86,192.22,189.55,191.92,1363586,0.0
2021-04-13,191.4221,193.29,190.69,191.24,1136884,0.0
2021-04-14,192.56,193.32,191.38,191.81,849892,0.0
2021-04-15,192.61,193.5247,191.756,192.94,992491,0.0
2021-04-18,192.54,193.16,191.67,192.71,705290,0.0
2021-04-19,192.77,193.97,192.07,192.81,972489,0.0
2021-04-20,193.47,194.56,193,194.31,926404,0.0
2021-04-21,193.93,195.92,193.22,194.92,940101,0.0
2021-04-22,195.09,197.28,193.62,195.86,988903,0.0
2021-04-25,195.5,196.54,194.72,195.16,1026332,0.0
2021-04-26,194.87,196,193.84,195.87,1132564,0.0
2021-04-27,191.19,191.5,186.03,186.54,2715649,0.0
2021-04-28,186.96,189.26,185.65,188.41,1529185,0.0
2021-04-29,186.5,188.32,184.85,186.98,1514633,0.0
2021-05-02,188.7,191.57,188.69,191.47,1167148,0.0
2021-05-03,190.47,194.38,189.58,193.97,1779608,0.0
2021-05-04,190.96,194.57,189.3,193.66,1618938,0.0
2021-05-05,195.29,195.37,192.86,195.33,976365,0.0
2021-05-06,196.57,196.57,191.93,194.86,1607568,0.0
2021-05-09,195.99,196.665,194.26,194.39,1318254,0.0
2021-05-10,194.96,196.61,193.01,194.48,1447967,0.0
2021-05-11,193.5744,193.5744,188.96,189.36,1359967,0.0
2021-05-12,189.7,193.93,189.59,192.47,1021876,0.0
2021-05-13,194.35,195.67,192.89,194.63,780467,0.0
2021-05-16,194.06,195.17,192.37,194.58,661586,0.0
2021-05-17,194.66,196.425,192.38,192.54,1051565,0.0
2021-05-18,190.32,191.99,187.29,190.8,1219568,0.0
2021-05-19,191.09,195.1607,190.82,194.135,1005704,0.0
2021-05-20,194.73,196.79,194.26,195.33,921838,0.0
