Date,Open,High,Low,Close,Volume,OpenInterest
2017-05-29,68.29,71.26,68.23,71.22,1478588,0.0
2017-05-30,71.26,71.865,69.19,69.28,2018647,0.0
2017-05-31,69.16,72.12,68.92,69.69,2224843,0.0
2017-06-01,70.01,72.72,69.79,72.64,2085813,0.0
2017-06-04,72.64,72.69,69.76,69.88,2233372,0.0
2017-06-05,70.08,72.4962,69.54,69.62,2102069,0.0
2017-06-06,69.74,72.71,69.56,72.62,2070215,0.0
2017-06-07,72.65,72.65,69.22,69.44,2026726,0.0
2017-06-08,69.34,71.8899,68.89,69.36,1944813,0.0
2017-06-11,69.34,71.515,68.51,68.92,2317182,0.0
2017-06-12,68.84,71.68,68.57,71.65,1402640,0.0
2017-06-13,72.23,72.4,69.19,69.45,1469528,0.0
2017-06-14,69.36,71.97,69.01,69.63,1992277,0.0
2017-06-15,69.79,72.455,69.45,72.43,2339764,0.0
2017-06-18,72.42,72.47,71.74,72.05,1565166,0.0
2017-06-19,72.1,72.52,69.86,70.03,2060304,0.0
2017-06-20,70.06,70.42,69.67,69.88,5714195,0.0
2017-06-21,69.67,72.2099,69.25,69.29,1510922,0.0
2017-06-22,69.21,72.08,69.2,71.56,1377126,0.0
2017-06-25,71.2,72.201,71.19,71.88,1461817,0.0
2017-06-26,71.5,71.61,68.15,68.26,2244923,0.0
2017-06-27,68.34,70.67,67.68,67.71,2179983,0.0
2017-06-28,67.39,69.785,66.78,69.6,2713368,0.0
2017-06-29,69.77,70.11,67.05,67.05,1585814,0.0
2017-07-02,67.24,69.33,66.51,66.6,1145297,0.0
2017-07-04,66.62,68.859,66.21,66.42,1717719,0.0
2017-07-05,66.29,69.15,66.07,66.61,1667738,0.0
2017-07-06,66.6,69.3109,66.42,66.74,1208440,0.0
2017-07-09,66.96,69.38,66.58,68.911,1212917,0.0
2017-07-10,69,69.05,66.32,66.44,1431958,0.0
2017-07-11,66.98,69.39,66.57,66.59,1779025,0.0
2017-07-12,66.48,66.67,65.89,65.9,2842070,0.0
2017-07-13,66.29,68.58,65.72,65.79,4341902,0.0
2017-07-16,65.83,68.67,65.72,68.58,2533462,0.0
2017-07-17,68.63,68.82,65.94,65.98,2424639,0.0
2017-07-18,65.99,68.7,65.99,68.68,2145774,0.0
2017-07-19,68.77,68.835,68.4125,68.74,3027155,0.0
2017-07-20,68.74,69.705,67.24,67.54,2478698,0.0
2017-07-23,67.57,68.9938,66.51,66.78,2410355,0.0
2017-07-24,66.82,69.05,66.42,68.83,1290147,0.0
2017-07-25,68.69,69.08,66.37,67.03,1533460,0.0
2017-07-26,66.95,70.8,66.94,68.21,3340583,0.0
2017-07-27,68.16,68.34,67.59,67.98,2039475,0.0
2017-07-30,68.04,70.7,67.64,70.49,1610722,0.0
2017-07-31,70.59,70.83,68.12,68.16,1297606,0.0
2017-08-01,67.92,70.7849,67.64,68.46,1092345,0.0
2017-08-02,68.28,70.845,68.15,68.72,1480240,0.0
2017-08-03,68.51,70.92,67.87,70.88,1399495,0.0
2017-08-06,70.88,70.99,68.24,68.9,1496633,0.0
2017-08-07,68.9,70.84,68.67,69.44,1815582,0.0
2017-08-08,69.67,71.16,69.05,70.96,2094099,0.0
2017-08-09,70.85,71.42,70.55,71.36,1559547,0.0
2017-08-10,71.34,71.34,68.48,68.67,1653313,0.0
2017-08-13,68.71,71.15,68.65,69.15,1134810,0.0
2017-08-14,68.87,71.4799,68.81,69.6,1028750,0.0
2017-08-15,69.58,72.04,69.45,72.04,1383303,0.0
2017-08-16,71.99,72.21,69.94,70.07,2911560,0.0
2017-08-17,70.01,72.3625,69.8,70.23,2351137,0.0
2017-08-20,70.26,72.5,70.17,70.72,1516615,0.0
2017-08-21,70.68,72.87,70.47,72.82,1556632,0.0
2017-08-22,72.76,73.22,71.07,71.34,1489630,0.0
2017-08-23,71.31,73.66,71.12,73.4,1602471,0.0
2017-08-24,73.71,73.7701,73.41,73.585,1420824,0.0
2017-08-27,73.75,74.11,73.59,74.095,1226063,0.0
2017-08-28,74.16,74.29,71.86,71.96,1524173,0.0
2017-08-29,71.96,73.955,71.71,71.77,1016238,0.0
2017-08-30,71.89,71.97,71.65,71.66,2209646,0.0
2017-08-31,71.87,73.64,71.36,73.53,1407152,0.0
2017-09-04,73.66,73.8,71.37,72.1,1789436,0.0
2017-09-05,72.28,72.28,71.28,71.34,1958860,0.0
2017-09-06,71.52,73.87,71.41,73.81,1798401,0.0
2017-09-07,73.73,74.3501,71.92,74.22,1175644,0.0
2017-09-10,74.18,74.4,72.28,72.55,1483388,0.0
2017-09-11,72.48,73.2,70.69,71.15,1719389,0.0
2017-09-12,71.17,72.81,70.42,70.64,1734418,0.0
2017-09-13,70.49,71.01,70.34,70.95,1586029,0.0
2017-09-14,71.11,72.8401,70.52,71.07,1906466,0.0
2017-09-17,71.04,73.07,70.16,72.27,1766382,0.0
2017-09-18,72.33,72.38,70.05,70.05,1814482,0.0
2017-09-19,70.23,72.13,69.94,71.67,1670006,0.0
2017-09-20,71.68,71.92,69.47,69.53,1408977,0.0
2017-09-21,69.39,70.7801,68.8,70.53,2377031,0.0
2017-09-24,70.63,71.2,70.495,71.07,2027015,0.0
2017-09-25,71.05,71.16,68.94,69.28,1686214,0.0
2017-09-26,68.85,70.6175,68.07,68.43,1932302,0.0
2017-09-27,68.33,70.79,68.09,70.49,1326468,0.0
2017-09-28,70.25,70.525,70.03,70.23,1033758,0.0
2017-10-01,70.46,70.6163,68.46,68.54,1057016,0.0
2017-10-02,68.46,70.0599,67.69,68.41,2017375,0.0
2017-10-03,68.46,69.62,68.24,69.6,2629481,0.0
2017-10-04,69.57,69.72,69.2,69.57,1834668,0.0
2017-10-05,69.31,71.51,69.05,69.61,1383155,0.0
2017-10-08,69.68,71.84,69.62,71.69,1144327,0.0
2017-10-09,71.7,72.28,70.13,70.45,1445255,0.0
2017-10-10,70.48,72.765,70.43,72.75,1349617,0.0
2017-10-11,72.81,73.22,71.19,71.37,1262227,0.0
2017-10-12,71.59,73.565,71.12,71.2,1489104,0.0
2017-10-15,71.03,73.07,70.62,71.16,1117725,0.0
2017-10-16,70.88,73.31,70.57,73.21,1361927,0.0
2017-10-17,73.09,73.2,70.69,71.05,884858,0.0
2017-10-18,71.18,73.7585,70.99,71.85,1169875,0.0
2017-10-19,71.74,73.7915,71.61,72,1093068,0.0
2017-10-22,71.97,74.001,71.77,71.94,1299745,0.0
2017-10-23,71.8,74.05,71.45,73.99,1524698,0.0
2017-10-24,73.83,73.83,70.98,71.61,2434281,0.0
2017-10-25,73.88,74.17,71.73,73.74,1916337,0.0
2017-10-26,73.59,74.51,73.41,74.02,1412190,0.0
2017-10-29,73.86,74.27,73.57,74.16,1168919,0.0
2017-10-30,74.02,74.275,72.12,72.42,1674946,0.0
2017-10-31,72.43,74.28,71.74,72.03,1248162,0.0
2017-11-01,72.06,74.7876,71.69,71.74,3515257,0.0
2017-11-02,71.69,74.59,71.69,72.09,1907494,0.0
2017-11-05,72.07,74.13,71.58,73.74,1841002,0.0
2017-11-06,73.9,75.0206,72.92,73.17,1817573,0.0
2017-11-07,73.08,75.69,72.87,73.5,1892409,0.0
2017-11-08,73.47,75.2861,73.33,74.07,1360398,0.0
2017-11-09,73.62,75.12,73.32,73.38,1640836,0.0
2017-11-12,73.38,76.3,73.31,76.12,1832888,0.0
2017-11-13,75.93,77.445,75.78,77.39,1649363,0.0
2017-11-14,77.57,77.93,76.46,76.59,1445383,0.0
2017-11-15,76.57,76.79,76.31,76.75,1253216,0.0
2017-11-16,76.49,76.89,74.75,74.95,1310442,0.0
2017-11-19,75.06,76.42,74.58,75.01,1274336,0.0
2017-11-20,75.05,77.06,75.02,76.78,1527428,0.0
2017-11-21,76.68,76.89,76.35,76.58,775633,0.0
2017-11-23,76.59,76.99,74.97,75.04,490991,0.0
2017-11-26,75.28,76.85,75.02,75.3,1081592,0.0
2017-11-27,75.51,77.249,75.34,75.58,1501010,0.0
2017-11-28,75.45,77.17,75.15,77.13,1163576,0.0
2017-11-29,77.03,77.49,75.71,76.17,1332237,0.0
2017-11-30,76.33,76.52,75.35,75.79,1527910,0.0
2017-12-03,76.13,77.7,76.01,77.39,2092863,0.0
2017-12-04,77.47,77.59,75.855,76.27,2045473,0.0
2017-12-05,76.51,76.955,76.24,76.74,1798492,0.0
2017-12-06,76.65,76.74,75.93,76.61,1154458,0.0
2017-12-07,76.43,76.75,74.88,75.49,763827,0.0
2017-12-10,75.34,77.19,74.84,77.1,1098165,0.0
2017-12-11,76.8,77.22,74.58,74.59,1481182,0.0
2017-12-12,75.2,75.62,74.83,75.08,1800489,0.0
2017-12-13,75.26,76.41,74.33,74.86,1353339,0.0
2017-12-14,74.44,76.57,74.39,75.1,2343489,0.0
2017-12-17,75.22,76.71,75.13,75.51,1789035,0.0
2017-12-18,75.71,75.75,74.49,74.51,1198898,0.0
2017-12-19,74.5,74.86,72.91,73.1,2975695,0.0
2017-12-20,72.67,72.92,72.23,72.36,3846313,0.0
2017-12-21,72.5,73.97,72.23,72.27,1320123,0.0
2017-12-25,72.37,73.77,71.57,71.62,825966,0.0
2017-12-26,71.85,73.456,71.8,73.23,1371839,0.0
2017-12-27,73.43,73.68,71.78,73.64,1248277,0.0
2017-12-28,73.87,74,72.08,72.19,865112,0.0
2018-01-01,71.78,73.125,70.91,71.05,2273177,0.0
2018-01-02,70.86,72.37,70.75,71.8,1692649,0.0
2018-01-03,71.68,71.98,69.58,69.62,2550451,0.0
2018-01-04,69.81,70.89,69.03,70.78,2366918,0.0
2018-01-07,70.83,71.23,69.55,70.08,4507543,0.0
2018-01-08,69.95,70.57,68.94,69.26,3770058,0.0
2018-01-09,69,69.05,68.11,68.2,3400947,0.0
2018-01-10,68.28,69.15,67.78,68.74,2239351,0.0
2018-01-11,68.47,68.5,66.16,66.2,4443392,0.0
2018-01-15,66.45,66.63,65.82,66.23,3134296,0.0
2018-01-16,66.91,67.27,66.48,66.97,2264136,0.0
2018-01-17,67.28,67.29,66.28,66.53,1842883,0.0
2018-01-18,66.8,68.22,66.43,67.77,2248716,0.0
2018-01-21,68.37,68.78,66.76,66.85,2642441,0.0
2018-01-22,67.07,68.16,66.85,67.48,3069236,0.0
2018-01-23,67.46,68.88,67.1,67.2,2869683,0.0
2018-01-24,67.21,68.51,67.07,68.39,3106733,0.0
2018-01-25,68.26,68.4,67.02,67.46,3788269,0.0
2018-01-28,67.24,67.33,66.4,66.63,4274748,0.0
2018-01-29,66.69,68.67,66.69,67.07,3232811,0.0
2018-01-30,67.18,67.56,66.54,67.49,2618632,0.0
2018-01-31,68.74,68.98,67.66,67.83,2204621,0.0
2018-02-01,67.74,68.23,66.39,66.48,2164603,0.0
2018-02-04,66.56,67.15,65.07,65.23,3284385,0.0
2018-02-05,64.21,64.62,62.73,63.69,5115325,0.0
2018-02-06,63.72,65.22,63.36,64.43,4632321,0.0
2018-02-07,63.59,64.25,62.76,62.8,3491467,0.0
2018-02-08,62.95,64.59,62.81,64.12,3878432,0.0
2018-02-11,64.09,64.57,63.63,64.2,2710799,0.0
2018-02-12,64.21,65.82,63.6,65.58,3260441,0.0
2018-02-13,65.16,65.8,64.5875,64.7,4736227,0.0
2018-02-14,64.83,66.27,64.71,66.07,3075554,0.0
2018-02-15,66,67.52,65.91,67.27,2585295,0.0
2018-02-19,67.01,67.41,65.36,66.36,2037996,0.0
2018-02-20,66.5,67.21,65.15,65.58,2951265,0.0
2018-02-21,65.74,66.21,64.87,65.07,1989095,0.0
2018-02-22,65.09,67.29,65.03,66.75,1478347,0.0
2018-02-25,67.07,67.14,66.19,66.35,1463735,0.0
2018-02-26,66.47,66.93,65.32,65.34,2167337,0.0
2018-02-27,65.65,66.29,65.32,65.56,1919967,0.0
2018-02-28,65.85,66.73,64.72,65.02,2347135,0.0
2018-03-01,65.14,65.75,64.48,64.58,3199836,0.0
2018-03-04,64.49,66.1,64.23,65.88,1942515,0.0
2018-03-05,65.73,65.99,64.57,64.9,2380078,0.0
2018-03-06,64.75,64.92,64.05,64.32,1981873,0.0
2018-03-07,64.44,64.98,64.4,64.7,1783105,0.0
2018-03-08,64.74,65.66,64.47,65.66,2507584,0.0
2018-03-11,65.85,65.955,64.99,65.26,2253249,0.0
2018-03-12,65.41,66.1,64.98,66.03,2538083,0.0
2018-03-13,66.23,66.93,65.49,65.98,2142636,0.0
2018-03-14,65.99,67.22,65.99,66.37,3452130,0.0
2018-03-15,66.51,67.33,66.49,67.18,3171251,0.0
2018-03-18,67.08,67.54,66.5,66.83,1998148,0.0
2018-03-19,66.61,67.25,66.58,66.83,1796064,0.0
2018-03-20,66.83,67.3,66.1,66.29,1784086,0.0
2018-03-21,66.39,68.34,66.22,66.74,2122361,0.0
2018-03-22,66.81,67.34,65.64,65.78,2218187,0.0
2018-03-25,66.19,66.88,65.95,66.69,2222261,0.0
2018-03-26,66.69,68.34,66.43,67.8,2571157,0.0
2018-03-27,67.99,68.91,67.39,68.67,2614815,0.0
2018-03-28,68.71,69.24,67.86,67.96,1612750,0.0
2018-04-01,68.16,69.3,67.77,68.28,1699956,0.0
2018-04-02,68.26,68.61,67.41,67.82,1736831,0.0
2018-04-03,67.76,68.16,67.24,68.04,1612978,0.0
2018-04-04,67.96,69.02,67.07,68.94,1406476,0.0
2018-04-05,68.94,69.4154,67.8,67.9,1588630,0.0
2018-04-08,67.76,69.14,67.64,68.08,1346259,0.0
2018-04-09,67.98,68.62,67.02,67.24,1646982,0.0
2018-04-10,67.17,67.94,66.88,67.8,1008168,0.0
2018-04-11,67.8,67.91,65.86,66.03,1529393,0.0
2018-04-12,66.3,67.45,66.23,66.72,1312539,0.0
2018-04-15,66.84,68.4024,66.78,67.64,1132535,0.0
2018-04-16,67.63,69.04,67.44,68.84,1008450,0.0
2018-04-17,69,69.665,68.05,68.1,1330744,0.0
2018-04-18,67.99,68.65,67.46,67.89,1934613,0.0
2018-04-19,68.06,68.24,67.52,67.83,2166707,0.0
2018-04-22,67.94,68.76,67.56,67.81,1268912,0.0
2018-04-23,67.87,69.23,67.71,68.24,1419838,0.0
2018-04-24,68.1,69.08,67.9,69.07,2485233,0.0
2018-04-25,69.16,69.92,68.85,69.13,1697927,0.0
2018-04-26,68.84,70.64,68.84,70.57,1920248,0.0
2018-04-29,70.81,70.8112,69.3,69.33,2237900,0.0
2018-04-30,69.33,69.99,68.68,68.8,2150368,0.0
2018-05-01,68.66,69.51,68.21,69.19,1914197,0.0
2018-05-02,69.08,69.6591,67.9,68.6,1691193,0.0
2018-05-03,68.59,69.58,68.52,68.75,1657160,0.0
2018-05-06,68.69,68.86,68,68.15,1484861,0.0
2018-05-07,67.92,68.11,66.53,66.63,3963700,0.0
2018-05-08,66.75,66.99,66.03,66.27,2785552,0.0
2018-05-09,66.46,67.04,66.32,67.03,1477164,0.0
2018-05-10,67.15,67.3492,66.86,67.16,881498,0.0
2018-05-13,67.32,67.4,66.74,67.0725,1702868,0.0
2018-05-14,66.65,67.09,66.411,66.8,3583703,0.0
2018-05-15,66.88,66.88,65.89,66.16,2616062,0.0
2018-05-16,66.17,66.43,65,65.22,2437611,0.0
2018-05-17,65.38,65.55,64.455,64.94,2310319,0.0
2018-05-20,65,65.24,64.58,65.08,1708194,0.0
2018-05-21,65.12,65.66,65.02,65.46,1440175,0.0
2018-05-22,65.61,66.5,65.42,66.46,2063459,0.0
2018-05-23,66.2,66.93,66.2,66.84,1791343,0.0
2018-05-24,66.84,67.395,66.74,67.23,1470226,0.0
2018-05-28,67.15,67.9,66.9,67.63,1775004,0.0
2018-05-29,67.21,68.21,67.1,68.01,1900827,0.0
2018-05-30,67.92,68.43,67.49,67.94,2255600,0.0
2018-05-31,67.69,67.8,66.4294,66.68,1851221,0.0
2018-06-03,66.99,67.12,65.95,66.05,1476196,0.0
2018-06-04,65.79,66.05,65.11,65.3,2341669,0.0
2018-06-05,65.29,65.43,63.67,63.79,2955385,0.0
2018-06-06,63.75,64.76,63.75,64.14,2108161,0.0
2018-06-07,64.16,64.4,63.83,64.11,1306329,0.0
2018-06-10,64.29,64.3,62.705,62.92,3384182,0.0
2018-06-11,62.75,63.815,62.75,63.56,3921824,0.0
2018-06-12,63.7,63.97,63.04,63.47,2543100,0.0
2018-06-13,63.76,64.81,63.53,64.63,2693233,0.0
2018-06-14,64.48,65.13,64.19,65.04,3026633,0.0
2018-06-17,65.02,65.55,64.94,65.46,2135346,0.0
2018-06-18,65.55,66.89,65.55,66.86,4208162,0.0
2018-06-19,66.86,66.97,66.45,66.89,1894223,0.0
2018-06-20,66.86,67.64,66.74,67.48,2491496,0.0
2018-06-21,67.5,67.82,67.32,67.36,1789417,0.0
2018-06-24,67.57,69.08,67.57,69.03,2651983,0.0
2018-06-25,69,69.73,68.8,69.3,2641384,0.0
2018-06-26,69.25,69.96,68.84,69.85,3215356,0.0
2018-06-27,69.92,70.3,69.21,69.335,1701049,0.0
2018-06-28,69.1,69.57,68.5,69.26,2105637,0.0
2018-07-01,69.42,70.095,69.12,70.04,1616297,0.0
2018-07-02,69.98,70.95,69.68,70.54,1689939,0.0
2018-07-04,70.37,71.16,69.96,71.13,3159139,0.0
2018-07-05,71.04,71.73,70.8,71.57,1708948,0.0
2018-07-08,71.42,71.45,68.5,68.88,3483135,0.0
2018-07-09,68.64,70.22,68.24,69.78,2899759,0.0
2018-07-10,70.07,70.92,70,70.77,2053543,0.0
2018-07-11,70.88,70.97,70.07,70.39,2633028,0.0
2018-07-12,70.51,70.76,69.89,70.36,1342126,0.0
2018-07-15,70.54,70.575,69.8834,70.4,1499830,0.0
2018-07-16,70.73,70.75,70.3,70.45,1583513,0.0
2018-07-17,70.46,70.64,69.911,70.25,1747608,0.0
2018-07-18,70.46,71.165,70.38,70.65,1398572,0.0
2018-07-19,70.64,70.89,69.71,70.42,1796235,0.0
2018-07-22,70.34,70.46,69.23,69.44,2101373,0.0
2018-07-23,69.14,69.24,68.13,69.05,3288110,0.0
2018-07-24,68.75,69.845,68.5,69.37,2236223,0.0
2018-07-25,69.78,71.05,69.47,71.04,3986981,0.0
2018-07-26,71.06,71.89,70.79,71.14,2998838,0.0
2018-07-29,70.87,70.87,70.1,70.4,1524333,0.0
2018-07-30,70.77,71.21,70.375,71.14,1685918,0.0
2018-07-31,70.63,70.63,69.63,70.3,1739261,0.0
2018-08-01,70.07,70.69,69.32,70.49,2182336,0.0
2018-08-02,70.55,71.49,70.02,71.18,1383156,0.0
2018-08-05,71.17,71.7,71.12,71.26,1412336,0.0
2018-08-06,71.3,71.3499,70.35,71.24,1634165,0.0
2018-08-07,70.93,71.18,70.61,70.92,1617240,0.0
2018-08-08,70.5,71.01,70.26,70.98,1815649,0.0
2018-08-09,71.18,71.79,70.81,70.85,1476325,0.0
2018-08-12,70.79,71.06,70.55,70.94,1013050,0.0
2018-08-13,70.88,71.31,70.86,71.02,1047747,0.0
2018-08-14,71.14,72.36,71.07,71.78,1821291,0.0
2018-08-15,71.77,72.42,71.51,72.35,1459603,0.0
2018-08-16,72.34,72.905,72.14,72.48,1471562,0.0
2018-08-19,72.53,72.64,71.89,72.2,1830615,0.0
2018-08-20,71.83,72.03,71.07,71.65,3311510,0.0
2018-08-21,71.8,71.82,70.51,70.76,2342761,0.0
2018-08-22,70.7,71.79,70.6503,71.37,2028015,0.0
2018-08-23,71.28,71.66,70.79,71.56,1045408,0.0
2018-08-26,71.5,71.72,70.87,71.14,1950386,0.0
2018-08-27,71.08,71.38,70.91,71.11,1683802,0.0
2018-08-28,71.27,71.755,71.19,71.72,1322568,0.0
2018-08-29,71.78,72.28,71.52,71.82,1430522,0.0
2018-08-30,71.92,72.29,71.57,71.74,1992204,0.0
2018-09-03,72.03,72.52,71.87,72.25,1843661,0.0
2018-09-04,72.33,73.3,72.18,73.24,1544959,0.0
2018-09-05,73.49,73.65,73.07,73.34,1616377,0.0
2018-09-06,72.72,73.29,72.39,72.65,1980388,0.0
2018-09-09,73.21,73.63,73.035,73.41,2147078,0.0
2018-09-10,73.41,73.74,72.93,72.99,1584657,0.0
2018-09-11,72.73,73.19,72.32,72.52,1752947,0.0
2018-09-12,72.49,72.979,72.15,72.97,1774128,0.0
2018-09-13,72.77,72.77,71.87,72.59,1625695,0.0
2018-09-16,72.77,72.87,72.36,72.79,1393835,0.0
2018-09-17,72.62,72.85,72.07,72.43,1690018,0.0
2018-09-18,72.57,72.67,70.69,70.99,1417136,0.0
2018-09-19,70.8,71.12,70.12,71.08,1748868,0.0
2018-09-20,71.06,71.71,70.71,71.41,3240721,0.0
2018-09-23,71.16,71.44,70.61,70.64,1374387,0.0
2018-09-24,70.6,70.61,69.39,69.81,2321639,0.0
2018-09-25,69.99,70.07,68.92,68.97,1609228,0.0
2018-09-26,68.94,70.08,68.93,69.78,1825337,0.0
2018-09-27,69.96,70.95,69.8503,70.88,2063505,0.0
2018-09-30,70.77,71.005,70.305,70.9,1445404,0.0
2018-10-01,71.09,71.85,71.09,71.36,2227324,0.0
2018-10-02,71.27,71.72,69.57,70.22,1972490,0.0
2018-10-03,70.1,70.77,69.31,70.56,1821810,0.0
2018-10-04,70.67,72.11,70.63,71.87,3161952,0.0
2018-10-07,72.44,73.19,71.88,72.86,2851742,0.0
2018-10-08,72.91,73.48,72.48,73.04,2374822,0.0
2018-10-09,72.98,73.89,72.64,72.72,2485222,0.0
2018-10-10,72.64,73.02,70.91,71.21,3363042,0.0
2018-10-11,70.4,71.13,70.31,70.88,2438438,0.0
2018-10-14,70.89,71.6,70.75,71.03,1733705,0.0
2018-10-15,70.87,72.18,70.82,71.7,2471781,0.0
2018-10-16,71.54,71.98,71.18,71.71,2131889,0.0
2018-10-17,71.75,72.09,71.25,71.67,1553807,0.0
2018-10-18,71.8,73.4,71.8,73.25,2214455,0.0
2018-10-21,73.31,73.5,72.86,73.15,2158700,0.0
2018-10-22,73.48,74.11,72.65,73.47,4458285,0.0
2018-10-23,73.81,76.05,73.52,75.55,4535375,0.0
2018-10-24,75,75.5,73,73.58,4912745,0.0
2018-10-25,74.46,74.5751,72.09,72.73,3126510,0.0
2018-10-28,72.8,74.37,72.76,74.07,2612196,0.0
2018-10-29,74.33,74.88,73.53,74.29,2552265,0.0
2018-10-30,73.98,74.13,72.88,73.36,1983578,0.0
2018-10-31,73.51,73.54,72.68,72.96,2578806,0.0
2018-11-01,73.26,73.53,72.07,72.67,2499007,0.0
2018-11-04,72.92,73.88,72.73,73.5,1575462,0.0
2018-11-05,73.6,74.52,73.42,74.45,2288233,0.0
2018-11-06,74.78,75.215,74.05,75.07,2132880,0.0
2018-11-07,74.53,74.68,73.82,74.16,2424290,0.0
2018-11-08,74.21,75.49,74.16,75.33,1464058,0.0
2018-11-11,75.08,76.96,74.93,76.21,1580599,0.0
2018-11-12,76.29,76.695,75.56,76.45,1890027,0.0
2018-11-13,76.12,76.77,75.96,76.13,2913479,0.0
2018-11-14,75.74,76.8169,75.1,76.78,2668809,0.0
2018-11-15,77.48,77.79,76.69,77.04,2306895,0.0
2018-11-18,76.92,77.655,76.7635,77.43,2424444,0.0
2018-11-19,77.64,78.47,77.04,77.82,2462770,0.0
2018-11-20,77.39,77.67,75.45,75.645,2862637,0.0
2018-11-22,75.8,76.04,75.36,75.85,655662,0.0
2018-11-25,75.66,76.17,75.3,75.97,1141069,0.0
2018-11-26,76.05,76.68,75.47,76.58,1551656,0.0
2018-11-27,76.61,76.73,76.1,76.23,1621509,0.0
2018-11-28,76.22,76.37,75.015,76.35,2013070,0.0
2018-11-29,76.51,77.8,76.24,77.72,2026866,0.0
2018-12-02,77.2,78.35,76.575,78.32,2157317,0.0
2018-12-03,78.66,79.31,78.175,78.42,2806776,0.0
2018-12-05,79.04,79.25,77.12,78.78,2455566,0.0
2018-12-06,78.78,79.77,77.99,79.31,2032668,0.0
2018-12-09,79.41,79.61,78.11,79.35,1763862,0.0
2018-12-10,79.36,80.15,78.84,79.77,1666189,0.0
2018-12-11,80.14,80.49,79.445,79.52,2194585,0.0
2018-12-12,79.56,80.67,79.21,80.36,1589542,0.0
2018-12-13,80.57,81.05,79.45,80.01,2055976,0.0
2018-12-16,80.21,80.43,76.97,77.37,2480709,0.0
2018-12-17,77.66,78.37,76.89,77.26,2005559,0.0
2018-12-18,77.43,77.79,76.47,76.86,1750887,0.0
2018-12-19,77.08,78.468,76.22,77.61,3030647,0.0
2018-12-20,77.6,79.25,76.41,76.43,4087186,0.0
2018-12-23,76.68,77.22,73.11,73.58,1441307,0.0
2018-12-25,73.65,74.37,72.53,74.345,1913077,0.0
2018-12-26,74.22,75,73.04,74.9992,1528512,0.0
2018-12-27,75.04,75.72,74.46,74.75,1707811,0.0
2018-12-30,74.78,75.09,73.91,74.505,1676040,0.0
2019-01-01,74.61,74.61,72.47,72.85,2188178,0.0
2019-01-02,72.94,73.66,72.3,72.91,1990483,0.0
2019-01-03,72.32,73.41,72.255,73.32,1732010,0.0
2019-01-06,72.94,73.21,72.435,73.01,2592292,0.0
2019-01-07,72.92,74.05,72.69,74.03,2537314,0.0
2019-01-08,73.74,74.254,73.08,73.3,2529209,0.0
2019-01-09,73.54,74.8,73.29,74.73,1716705,0.0
2019-01-10,74.76,74.76,73.82,74.325,1547133,0.0
2019-01-13,74.03,74.03,72.95,73.76,1977383,0.0
2019-01-14,73.81,75.46,73.72,75.33,1828075,0.0
2019-01-15,74.99,75.73,74.56,75.675,2011482,0.0
2019-01-16,75.75,76.21,75.63,75.98,1312890,0.0
2019-01-17,76.38,76.5,75.66,75.99,1701830,0.0
2019-01-21,76.23,76.93,75.52,76.23,1416174,0.0
2019-01-22,76.25,77.08,76.19,76.96,1889301,0.0
2019-01-23,77.1,77.77,76.53,77.71,1668292,0.0
2019-01-24,77.37,78.1,76.58,76.72,2046776,0.0
2019-01-27,76.76,77.21,76.3,76.74,1735010,0.0
2019-01-28,77.12,77.41,76.51,76.89,1791780,0.0
2019-01-29,76.61,77.87,76.61,77.16,2060501,0.0
2019-01-30,77.27,79.61,76.78,79.47,3534979,0.0
2019-01-31,79.12,79.32,78.15,79.08,2206639,0.0
2019-02-03,78.63,79.52,78.15,79.43,2193746,0.0
2019-02-04,79.37,79.465,78.73,79,1854504,0.0
2019-02-05,78.82,79.47,78.53,79.16,1131732,0.0
2019-02-06,78.54,79.46,78.2,79.36,1574250,0.0
2019-02-07,79.14,80.09,79,79.895,1463670,0.0
2019-02-10,79.8,80.47,79.8,80.12,1486920,0.0
2019-02-11,80.2,80.85,79.51,80.34,2006477,0.0
2019-02-12,80.08,80.17,79.13,79.525,2390407,0.0
2019-02-13,79.79,79.94,79.21,79.48,1428615,0.0
2019-02-14,79.65,79.96,79.02,79.295,2105278,0.0
2019-02-20,80.2,81.32,80.03,81.15,1650561,0.0
2019-02-21,81.27,81.76,80.83,81.72,1545391,0.0
2019-02-24,81.59,81.72,80.38,80.78,2737125,0.0
2019-02-25,80.96,80.96,79.91,80.43,1856447,0.0
2019-02-26,80.1,80.69,79.95,80.63,1367305,0.0
2019-02-27,80.7,81.3501,80.36,81.14,1821017,0.0
2019-02-28,81.11,81.47,80.62,81.4,2620126,0.0
2019-03-03,81.75,81.81,80.68,81.42,2313080,0.0
2019-03-04,81.31,81.39,80.6575,81.02,1876307,0.0
2019-03-05,81.14,81.55,80.845,81.27,1478150,0.0
2019-03-06,81.6,82.2,81.27,81.46,1564086,0.0
2019-03-07,81.69,81.99,80.93,81.95,1442380,0.0
2019-03-10,82.11,82.6,81.95,82.58,1613531,0.0
2019-03-11,82.99,83.42,82.57,83.11,2047508,0.0
2019-03-12,83,83.4005,82.96,83.19,1402345,0.0
2019-03-13,83.15,83.73,82.67,82.99,2468247,0.0
2019-03-14,83.42,84.27,83.39,83.79,4288624,0.0
2019-03-17,83.8,83.86,83.045,83.48,2505567,0.0
2019-03-18,82.78,83.05,82.082,82.58,2682730,0.0
2019-03-19,82.93,83.58,82.42,82.87,2617926,0.0
2019-03-20,82.89,84.3358,82.74,84.11,2673520,0.0
2019-03-21,84.58,85.71,84.34,85.14,3004882,0.0
2019-03-24,85.26,85.635,84.91,85.32,1940623,0.0
2019-03-25,85.37,86,85.19,85.99,1833470,0.0
2019-03-26,86.03,86.1,84.84,85.22,2915100,0.0
2019-03-27,85.22,85.605,83.79,83.79,3452194,0.0
2019-03-28,83.6,83.9,83.28,83.75,3780416,0.0
2019-03-31,83.9,83.96,82.53,82.8,1491378,0.0
2019-04-01,83.22,83.28,82.355,83.08,3091035,0.0
2019-04-02,83.04,83.26,82.23,82.92,2035144,0.0
2019-04-03,83.26,83.26,82.1536,82.64,1979970,0.0
2019-04-04,82.82,83.59,82.49,83.56,1743516,0.0
2019-04-07,83.38,83.61,82.67,83.17,2026459,0.0
2019-04-08,83.08,83.77,82.98,83.59,1610492,0.0
2019-04-09,83.9,84.49,83.17,83.37,1539248,0.0
2019-04-10,83.4,83.985,83.29,83.95,2286528,0.0
2019-04-11,83.53,84.23,83.04,84.15,2167023,0.0
2019-04-14,84.15,84.61,83.96,84.25,1856108,0.0
2019-04-15,84.05,84.525,82.79,83.04,1808341,0.0
2019-04-16,83.1,83.6285,82.73,83.2,1815138,0.0
2019-04-17,83.03,83.57,82.85,83,1807081,0.0
2019-04-21,82.93,83.125,82.51,82.94,1622486,0.0
2019-04-22,83,83.69,82.67,83.57,2068815,0.0
2019-04-23,83.68,84.35,83.4,84.04,1930609,0.0
2019-04-24,83.52,85.1701,83.46,84.83,1926938,0.0
2019-04-25,85.47,85.77,84.56,84.71,1542760,0.0
2019-04-28,84.44,84.66,83.78,84.06,1168930,0.0
2019-04-29,84.06,85.58,83.87,85.53,2072445,0.0
2019-04-30,85.21,85.6,84.6502,84.95,1896234,0.0
2019-05-01,84.83,85.22,84.04,84.7,1471998,0.0
2019-05-02,84.86,85.51,84.63,85.43,1066893,0.0
2019-05-05,85.54,85.67,84.6,84.83,1657960,0.0
2019-05-06,84.97,85.01,84.42,84.65,1420518,0.0
2019-05-07,84.42,84.49,83.53,83.71,1899628,0.0
2019-05-08,83.14,83.48,82.56,82.89,1920025,0.0
2019-05-09,82.99,84.815,82.67,84.67,2233465,0.0
2019-05-12,84.66,86.54,84.3,86.32,3049787,0.0
2019-05-13,86.3,86.47,85.37,85.58,1870247,0.0
2019-05-14,85.77,85.98,84.98,85.08,1479566,0.0
2019-05-15,84.99,85.86,84.76,85.41,1555400,0.0
2019-05-16,84.93,86.365,84.93,85.84,1742091,0.0
2019-05-19,86.19,86.77,85.8758,86.59,1816736,0.0
2019-05-20,86.32,87.14,86.32,86.61,1531390,0.0
2019-05-21,86.77,87.37,86.47,87.27,1555145,0.0
2019-05-22,87.58,88.26,87.31,88.19,1617145,0.0
2019-05-23,88.15,89.01,87.919,88.3,1285706,0.0
2019-05-27,88.39,88.51,86.61,86.67,1794895,0.0
2019-05-28,87.06,87.21,85.35,85.68,1680464,0.0
2019-05-29,85.71,86.105,85.1,85.3,1898797,0.0
2019-05-30,85.57,86.375,85.37,86.12,1672533,0.0
2019-06-03,87.14,87.26,85.26,87.04,1534544,0.0
2019-06-04,87.41,89.79,87.2363,89.38,1722059,0.0
2019-06-05,89.5,90.25,89.3,90.02,1406633,0.0
2019-06-06,90.54,91.07,89.51,89.54,1732622,0.0
2019-06-09,89.3,89.32,88.615,89.02,1697101,0.0
2019-06-10,88.97,89.105,87.88,88.34,1596685,0.0
2019-06-11,88.89,89.74,88.86,89.41,1648681,0.0
2019-06-12,89.54,89.863,88.91,89.59,1071852,0.0
2019-06-13,89.82,90.88,89.67,90.6,1264595,0.0
2019-06-16,90.71,90.93,89.4,90.06,1249898,0.0
2019-06-17,90.67,90.79,89.17,89.77,1878131,0.0
2019-06-18,89.52,91.19,89.52,90.85,1733686,0.0
2019-06-19,91.39,91.7,90.26,90.87,1773691,0.0
2019-06-20,91.25,91.66,90.28,91.54,2136781,0.0
2019-06-23,91.56,91.99,90.74,90.95,2177392,0.0
2019-06-24,90.95,91.19,90.12,90.36,2107466,0.0
2019-06-25,90.07,90.31,88.4,88.48,1949343,0.0
2019-06-26,88.51,88.86,87.64,87.89,2609752,0.0
2019-06-27,87.905,88.93,87.715,87.99,2616966,0.0
2019-06-30,87.99,88.23,87.08,88.11,1787079,0.0
2019-07-01,88.34,89.63,88.27,89.21,1618805,0.0
2019-07-02,89.66,90.69,89.59,90.14,1331071,0.0
2019-07-04,89.56,90.1,88.38,89.84,1427839,0.0
2019-07-07,90.09,90.28,89.52,89.95,825829,0.0
2019-07-08,90.07,90.46,89.69,90.36,1230009,0.0
2019-07-09,90.53,91.34,90.22,90.81,1081171,0.0
2019-07-10,90.53,91.4216,90.19,90.93,1273900,0.0
2019-07-11,90.9,91.14,89.8,90.25,982666,0.0
2019-07-14,90.41,91.34,90.14,91.19,1317899,0.0
2019-07-15,90.77,91.17,89.96,90.51,1088286,0.0
2019-07-16,90.79,91.82,90.6,91.02,1466099,0.0
2019-07-17,90.9,91.82,90.27,91.77,1089424,0.0
2019-07-18,91.58,91.82,90.24,90.26,1349575,0.0
2019-07-21,90.48,90.57,89.39,90.13,1060193,0.0
2019-07-22,90.06,90.2,89.11,89.53,1460252,0.0
2019-07-23,89.85,89.865,88.63,89.59,1697002,0.0
2019-07-24,89.28,89.87,88.48,89.08,1987612,0.0
2019-07-25,88.74,89.4606,88.64,88.95,1911307,0.0
2019-07-28,89.28,89.83,88.84,89.72,1314636,0.0
2019-07-29,89.62,89.88,88.27,88.73,1375885,0.0
2019-07-30,88.59,89.17,87.44,87.81,2326817,0.0
2019-07-31,87.65,89.34,87.04,88.82,3008429,0.0
2019-08-01,89.35,89.77,88.59,88.7,1590674,0.0
2019-08-04,88.95,89.48,87.38,88.02,2324287,0.0
2019-08-05,88,89.51,87.24,89.15,2069202,0.0
2019-08-06,89.39,90.32,88.08,89.77,1546517,0.0
2019-08-07,88.82,89.7901,88.1,89.52,2636705,0.0
2019-08-08,89.89,90.39,89.54,89.97,1089644,0.0
2019-08-11,90.13,90.66,89.85,90.38,1167258,0.0
2019-08-12,90.38,90.68,89.43,90.26,1444890,0.0
2019-08-13,90.08,90.57,88.09,88.46,3996688,0.0
2019-08-14,88.38,90.62,88.2,90.34,2192639,0.0
2019-08-15,90.47,90.79,90.02,90.23,1714716,0.0
2019-08-18,90.25,91.22,90,90.56,1406905,0.0
2019-08-19,91,91.05,90.08,90.8,1207646,0.0
2019-08-20,90.51,91.36,90.41,91.35,1155277,0.0
2019-08-21,91.28,91.46,90.61,90.98,1283223,0.0
2019-08-22,91.21,91.43,89.05,89.57,1558438,0.0
2019-08-25,89.7,90.85,89.51,90.84,1138928,0.0
2019-08-26,91.15,91.4,90.61,90.7,1009256,0.0
2019-08-27,90.94,90.94,89.51,89.62,3791933,0.0
2019-08-28,90.06,90.75,89.66,90.72,1528460,0.0
2019-08-29,91,91.495,90.31,91.15,1444966,0.0
2019-09-02,91.22,92.87,90.98,92.78,1344436,0.0
2019-09-03,93,93.23,92.31,93.03,1160495,0.0
2019-09-04,92.41,92.67,91.3,91.51,1704856,0.0
2019-09-05,91.56,91.97,90.74,91.07,1093640,0.0
2019-09-08,90.83,91.75,90.34,91.39,2846938,0.0
2019-09-09,91.05,91.31,90.08,91.06,2712980,0.0
2019-09-10,90.73,92.079,90.2832,91.69,1643937,0.0
2019-09-11,92.42,92.71,91.68,92.02,1425018,0.0
2019-09-12,91.6,92.05,91.185,91.52,1108831,0.0
2019-09-15,91.86,92.16,90.94,91.68,1640351,0.0
2019-09-16,91.77,92.79,91.695,92.73,2383047,0.0
2019-09-17,93.15,93.16,92.24,93,2185757,0.0
2019-09-18,93.24,93.38,93.03,93.19,976649,0.0
2019-09-19,93.33,93.555,92.84,93.14,2925174,0.0
2019-09-22,92.95,93.84,92.95,93.39,1153228,0.0
2019-09-23,93.75,94.89,93.5,94.63,1711733,0.0
2019-09-24,94.6,94.8,93.88,94.21,1743417,0.0
2019-09-25,93.9,94.53,93.74,94.29,2820675,0.0
2019-09-26,94.76,94.88,93.6936,94.2,1936261,0.0
2019-09-29,93.85,94.67,93.54,93.68,1601634,0.0
2019-09-30,93.34,93.57,92.895,93.21,2333794,0.0
2019-10-01,93.27,93.3,91.68,92.15,1982634,0.0
2019-10-02,92.25,92.58,91.9865,92.5,1591877,0.0
2019-10-03,92.75,93.83,92.35,93.61,2286005,0.0
2019-10-06,93.42,94.07,92.97,93.71,1961774,0.0
2019-10-07,93.86,93.95,92.56,92.57,1531303,0.0
2019-10-08,92.78,93.23,92.48,92.88,1490398,0.0
2019-10-09,92.48,93.08,92.1064,92.6,1475434,0.0
2019-10-10,92.52,92.93,92.05,92.34,1536967,0.0
2019-10-13,92.71,92.85,91.82,92.04,1338010,0.0
2019-10-14,92.36,92.61,91.67,91.74,1359562,0.0
2019-10-15,91.74,92.665,91.35,92.61,1779380,0.0
2019-10-16,92.5,93.35,92.41,93.01,1549477,0.0
2019-10-17,92.8,94.28,92.6668,94.13,2114743,0.0
2019-10-20,94.04,94.53,93.49,94.48,1738380,0.0
2019-10-21,94.7,94.7,93.89,94.15,1924750,0.0
2019-10-22,94.39,95.095,94.22,94.49,1873604,0.0
2019-10-23,94.77,96.22,94.77,95.7,1903372,0.0
2019-10-24,95.69,95.76,94.02,94.36,1650089,0.0
2019-10-27,93.7,94.09,92.88,93.35,1514650,0.0
2019-10-28,93.15,93.42,92.855,93.16,1793602,0.0
2019-10-29,93.37,94.56,93.37,94.11,1103617,0.0
2019-10-30,93.97,94.48,93.65,94.39,1460084,0.0
2019-10-31,94.72,94.8,93.473,93.56,1385042,0.0
2019-11-03,93.58,93.73,92.29,92.79,2320625,0.0
2019-11-04,92.31,92.55,91.02,91.4,1874934,0.0
2019-11-05,91.73,92.23,91.3697,91.99,1603355,0.0
2019-11-06,90.65,90.83,88.6604,89.33,3336997,0.0
2019-11-07,88.82,89.43,88.33,89.04,2673785,0.0
2019-11-10,89.25,89.43,88.6604,88.78,1534490,0.0
2019-11-11,88.76,88.955,88.17,88.49,1661025,0.0
2019-11-12,88.87,90.12,88.63,89.84,3763121,0.0
2019-11-13,90.08,90.57,89.445,89.6,2272220,0.0
2019-11-14,89.53,89.79,88.77,89.56,2525997,0.0
2019-11-17,89.98,90.99,89.6501,90.15,2089183,0.0
2019-11-18,89.86,91.28,89.58,90.69,2696849,0.0
2019-11-19,90.82,91.64,90.57,91.44,1804808,0.0
2019-11-20,91.4,91.55,90.49,91.05,1498883,0.0
2019-11-21,91.11,91.78,90.32,91.53,2087132,0.0
2019-11-24,91.59,91.69,90.6384,90.87,1538018,0.0
2019-11-25,90.94,91.81,90.89,91.48,1650836,0.0
2019-11-26,91.55,91.66,90.95,91.59,1247872,0.0
2019-11-28,91.71,92.09,91.26,91.42,448218,0.0
2019-12-01,91.03,91.18,90.21,90.3,1706061,0.0
2019-12-02,90.54,91.26,90.34,90.89,1839273,0.0
2019-12-03,90.85,92.15,90.74,92.01,2039009,0.0
2019-12-04,91.85,92.55,91.67,92.47,1210855,0.0
2019-12-05,92.2,92.79,91.98,92.37,1104913,0.0
2019-12-08,92.28,92.34,91.775,91.86,1184168,0.0
2019-12-09,91.85,92.0278,91.43,91.92,1675182,0.0
2019-12-10,92.2,92.46,91.76,92.14,1816992,0.0
2019-12-11,92.03,92.18,90.88,91.15,1534874,0.0
2019-12-12,91.14,92.21,90.31,92.06,1808823,0.0
2019-12-15,92.03,93.04,91.78,93.01,1329196,0.0
2019-12-16,93.22,93.82,93.01,93.22,2056357,0.0
2019-12-17,93.45,93.95,93.0228,93.77,2403199,0.0
2019-12-18,93.56,94.1,93.36,93.96,1687043,0.0
2019-12-19,95.17,95.77,94.09,94.89,3075962,0.0
2019-12-22,95.06,95.24,93.53,93.75,1023321,0.0
2019-12-23,93.82,93.975,93.3,93.84,343290,0.0
2019-12-25,93.85,94.1,93.54,93.87,455191,0.0
2019-12-26,93.94,94.3,93.69,94.2,753776,0.0
2019-12-29,93.96,94.17,93.58,94.02,1047179,0.0
2019-12-30,94.17,94.54,93.89,94.48,933184,0.0
2020-01-01,94.5,94.56,92.98,93.46,1086256,0.0
2020-01-02,93.28,94.04,93.1038,93.36,939663,0.0
2020-01-05,93.35,93.99,93.27,93.67,916314,0.0
2020-01-06,93.09,93.83,92.9376,93.69,1992563,0.0
2020-01-07,93.41,94.02,93.18,93.41,1700179,0.0
2020-01-08,93.27,94.135,93.26,93.89,1783548,0.0
2020-01-09,94.2,94.66,94.0193,94.32,1043333,0.0
2020-01-12,94.39,95.1049,94.39,94.63,1827268,0.0
2020-01-13,94.55,94.98,94.05,94.96,1804824,0.0
2020-01-14,95.7,96.67,95.52,96.6,2916246,0.0
2020-01-15,96.69,97.53,96.64,97.35,1653334,0.0
2020-01-16,97.42,98.66,97.06,98.55,3216729,0.0
2020-01-20,98.81,99.85,98.51,99.34,7001132,0.0
2020-01-21,100,100.4,99.8,100.02,5073737,0.0
2020-01-22,100.03,101.03,100.01,100.94,3237608,0.0
2020-01-23,100.97,102.36,100.7878,102.16,5477749,0.0
2020-01-26,102.13,102.75,101.59,101.78,1694765,0.0
2020-01-27,101.83,102.55,101.705,102.22,1105364,0.0
2020-01-28,102.34,103.14,101.92,102.82,1311496,0.0
2020-01-29,102.73,104.13,102.405,104.105,1450550,0.0
2020-01-30,104,104.43,103.61,104.21,1861320,0.0
2020-02-02,104.5,104.7,103.86,104.21,2579806,0.0
2020-02-03,103.82,104.97,102.85,102.88,2452534,0.0
2020-02-04,102.73,103.1,101.97,102.11,3327550,0.0
2020-02-05,101.98,102.72,101.98,102.24,2240979,0.0
2020-02-06,102.04,102.19,101.24,101.34,1905495,0.0
2020-02-09,101.67,101.98,101.21,101.93,1122126,0.0
2020-02-10,102,102.4175,101.76,102.22,1068661,0.0
2020-02-11,101.78,102.35,101.35,101.8,1289425,0.0
2020-02-12,102.2,103.18,101.66,102.85,1102965,0.0
2020-02-13,103.15,103.88,102.92,103.75,1090554,0.0
2020-02-17,104.08,104.6307,103.835,104.34,1440938,0.0
2020-02-18,104.15,104.39,103.44,103.46,1641806,0.0
2020-02-19,102.95,103.99,102.04,102.41,3058925,0.0
2020-02-20,102.05,103.14,101.61,101.75,2526865,0.0
2020-02-23,101.63,102.3,100.03,100.05,2755423,0.0
2020-02-24,100.23,100.624,97.935,98.16,2219792,0.0
2020-02-25,98.4,99.02,97.39,97.44,2599913,0.0
2020-02-26,97.31,97.51,91.79,91.83,3680280,0.0
2020-02-27,90.03,90.03,86.42,89.26,5586419,0.0
2020-03-01,89.55,95.3063,89.335,95.09,3659283,0.0
2020-03-02,95,97.8025,94.05,95.44,5282511,0.0
2020-03-03,96.37,100.65,96.37,99.89,2819298,0.0
2020-03-04,98.37,100.18,97.72,98.8,4296266,0.0
2020-03-05,95.9,97.72,93.85,97.7,4184794,0.0
2020-03-08,92.81,99.39,92.52,94.87,6014098,0.0
2020-03-09,98.32,98.33,91.23,94.7,4755046,0.0
2020-03-10,92.91,92.96,88.04,89.73,3300521,0.0
2020-03-11,83,85.97,73.53,82.53,5957612,0.0
2020-03-12,86.43,87.15,81.71,86.47,4321516,0.0
2020-03-15,78.57,86.18,77.76,81.65,4792914,0.0
2020-03-16,83.64,95.77,83.49,91.2,5723079,0.0
2020-03-17,85.02,92.855,81.01,88.275,4415773,0.0
2020-03-18,88,88.06,79.57,80.94,4166793,0.0
2020-03-19,80.95,81.1,70.26,71.3,4649196,0.0
2020-03-22,71.02,71.84,65.135,70.01,4994325,0.0
2020-03-23,71.66,73.78,68.09,72.01,4415156,0.0
2020-03-24,71.38,76.31,69.35,73.19,4624479,0.0
2020-03-25,73.48,82.88,73.25,81.79,3199138,0.0
2020-03-26,79.79,86.59,79.1308,83.55,2736660,0.0
2020-03-29,84.87,86.45,79.83,83.76,4556470,0.0
2020-03-30,82.68,83.49,79.24,80.05,4283608,0.0
2020-03-31,77.45,78.91,73.815,74.66,3055014,0.0
2020-04-01,73.63,77.58,72.39,76.79,3739039,0.0
2020-04-02,75.83,76.72,71.2,72.5,3131680,0.0
2020-04-05,74.87,79.78,74.59,78.57,2518474,0.0
2020-04-06,80.68,81.16,77.94,78.75,3481673,0.0
2020-04-07,79.26,83.87,79,83.3,2577148,0.0
2020-04-08,83.99,88.29,83.99,86.27,3536573,0.0
2020-04-12,85.64,86.6,82.56,83.5,1625933,0.0
2020-04-13,85.53,86.38,84.65,86.26,1638864,0.0
2020-04-14,85.08,85.5,83.29,83.61,2180671,0.0
2020-04-15,84.3,84.7,82.78,84.04,1587368,0.0
2020-04-16,85.45,86.97,84.58,86.355,1973759,0.0
2020-04-19,87.32,87.32,82.83,82.91,1958896,0.0
2020-04-20,81.77,82.84,80.91,82.45,2523671,0.0
2020-04-21,83.55,85.58,83.07,85.08,2070487,0.0
2020-04-22,84.82,85.19,82.86,83.04,2148130,0.0
2020-04-23,82.77,83.617,82.5936,83.17,2135862,0.0
2020-04-26,83.78,84.3872,83.47,83.6,1624363,0.0
2020-04-27,84.72,86.565,84.2,84.62,1898717,0.0
2020-04-28,85.75,85.8,82.87,83.14,2795824,0.0
2020-04-29,83.1,83.58,81.87,83.08,2821523,0.0
2020-04-30,82.39,82.655,81.05,81.42,2477695,0.0
2020-05-03,81.19,83.265,80.46,82.99,2208596,0.0
2020-05-04,82.64,84.64,82.01,83.4,2643044,0.0
2020-05-05,84.26,84.325,78.45,78.81,4592355,0.0
2020-05-06,78.82,80.6607,78.27,78.58,3520144,0.0
2020-05-07,79.16,80.42,79,79.85,2187252,0.0
2020-05-10,79.35,79.94,78.01,79.17,2291115,0.0
2020-05-11,79.5,79.718,77.51,77.91,2917606,0.0
2020-05-12,77.49,77.85,76.71,77.71,3396951,0.0
2020-05-13,77.29,78.7,76.2335,78.1,3470833,0.0
2020-05-14,77.5,78.46,76.66,78.4,5229222,0.0
2020-05-17,79.28,80.7033,79.19,79.84,2936090,0.0
2020-05-18,79.29,79.37,77.13,77.15,2603091,0.0
2020-05-19,78.08,78.561,77.18,77.76,1854720,0.0
2020-05-20,77.59,77.82,76.89,77.36,1779265,0.0
2020-05-21,77.39,78.84,77.35,78.78,1981933,0.0
2020-05-25,79.5,80.78,79.31,79.92,2707098,0.0
2020-05-26,81.04,81.49,80.272,81.44,3445550,0.0
2020-05-27,82.62,85.62,82.62,85.1,2907184,0.0
2020-05-28,84.99,85.85,84.31,85.44,2493189,0.0
2020-05-31,85.08,86.4636,84.86,86.15,1521557,0.0
2020-06-01,86.81,86.84,85.26,86.01,1449993,0.0
2020-06-02,86.31,87.96,86.12,86.98,1687913,0.0
2020-06-03,86.39,86.54,83.38,84.39,2002639,0.0
2020-06-04,84.99,87.1,84.72,85.55,2280817,0.0
2020-06-07,85.43,88.115,85.02,87.85,1845644,0.0
2020-06-08,87.31,87.35,84.82,85.985,1564310,0.0
2020-06-09,85.83,86.901,85.295,85.4,1755360,0.0
2020-06-10,84.08,84.35,81,81.87,3577252,0.0
2020-06-11,83,83.03,81.78,81.88,453312,0.0
2020-06-14,80.16,82.17,79.7,81.77,2610479,0.0
2020-06-15,83.52,84.015,81.19,81.63,3021852,0.0
2020-06-16,82.25,82.75,80.91,82.24,1515183,0.0
2020-06-17,81.86,82.39,80.98,81.74,1575909,0.0
2020-06-18,82.62,82.62,79.66,79.73,3884168,0.0
2020-06-21,79.6,81.16,79.32,80.59,2313619,0.0
2020-06-22,81.5,81.97,80.0592,80.93,3157695,0.0
2020-06-23,80.23,80.96,79.765,80.72,3009955,0.0
2020-06-24,80.41,80.605,78.755,79.31,3201655,0.0
2020-06-25,79.31,80.23,77.15,77.99,3225098,0.0
2020-06-28,78.72,79.57,78.19,79.57,1954096,0.0
2020-06-29,79.7,80.78,79.05,79.62,1898530,0.0
2020-06-30,79.76,82.51,79.71,82,1963379,0.0
2020-07-01,82.67,83.29,82.3,82.55,1453011,0.0
2020-07-05,83.11,83.72,81.1152,82.11,1920214,0.0
2020-07-06,81.3,82.565,80.64,82.38,2612261,0.0
2020-07-07,82.18,82.9,81.714,82.44,1489129,0.0
2020-07-08,81.92,82.43,80.48,82.02,1862063,0.0
2020-07-09,82.05,84.44,82.05,84.13,2770408,0.0
2020-07-12,83.9,85.08,83.53,84.76,2933875,0.0
2020-07-13,84.6,86.06,84.44,85.36,2315234,0.0
2020-07-14,86.03,87.04,84.42,84.67,2346640,0.0
2020-07-15,84.79,85.55,84.55,85.39,1910583,0.0
2020-07-16,85.79,87.75,85.19,87.54,2506261,0.0
2020-07-19,87.54,88.381,86.61,86.72,1950100,0.0
2020-07-20,87.28,88.52,86.72,87.56,1768014,0.0
2020-07-21,87.04,89.38,86.38,89.28,2735532,0.0
2020-07-22,89.14,89.45,88.05,88.71,1831873,0.0
2020-07-23,89.07,89.93,87.65,88.04,1736950,0.0
2020-07-26,87.23,87.42,79.23,83.26,22043810,0.0
2020-07-27,83.38,85.25,83.38,84.7301,8862310,0.0
2020-07-28,85,85.26,83.84,84.82,5377254,0.0
2020-07-29,84.48,86.07,83.92,86.06,4854845,0.0
2020-07-30,85.74,86.97,85.1617,86.89,4653398,0.0
2020-08-02,86.62,86.62,85.03,85.79,3137844,0.0
2020-08-03,85.53,86.79,85.18,85.57,3895260,0.0
2020-08-04,85.84,86.12,84.5,84.8,3597470,0.0
2020-08-05,84.01,85.6,82.77,85.37,4250708,0.0
2020-08-06,84.25,87.15,84.25,86.61,3977774,0.0
2020-08-09,86.01,86.89,85.5,85.97,4763640,0.0
2020-08-10,85.2,85.27,82.87,83.3,11592941,0.0
2020-08-11,83.75,85.11,83.73,84.15,10100340,0.0
2020-08-12,83.57,84.01,83.11,83.67,1793381,0.0
2020-08-13,83.44,83.77,82.785,82.94,2454843,0.0
2020-08-16,83.27,83.315,81.21,81.21,4889196,0.0
2020-08-17,81.36,81.665,80.06,81.54,6084970,0.0
2020-08-18,81.59,81.625,80.67,80.93,2436945,0.0
2020-08-19,80.69,81.035,79.17,79.41,4268784,0.0
2020-08-20,79.2,79.69,77.99,79.09,4474886,0.0
2020-08-23,79.25,80.97,78.73,80.78,4346436,0.0
2020-08-24,80.85,80.865,79.39,79.76,2841560,0.0
2020-08-25,79.06,79.44,78.17,78.62,3403064,0.0
2020-08-26,78.8,79.36,78.2,78.37,3931892,0.0
2020-08-27,78.38,78.44,77.32,78.35,4529445,0.0
2020-08-30,78.75,80.24,77.78,78.83,6568939,0.0
2020-08-31,78.59,78.64,77.295,77.83,5650753,0.0
2020-09-01,77.81,80.51,77.71,80.3,4926856,0.0
2020-09-02,80.66,81.28,78.7317,79.56,3667157,0.0
2020-09-03,79.55,79.89,77.91,79.04,3065790,0.0
2020-09-07,79.08,79.38,77.67,78.98,3061694,0.0
2020-09-08,79.5,81.13,79.19,79.9,3333752,0.0
2020-09-09,78.31,79.3,78.14,78.51,3021714,0.0
2020-09-10,78.48,79.19,78.12,79.15,3051794,0.0
2020-09-13,79.32,81.01,79.21,80.34,3033498,0.0
2020-09-14,80.61,81.34,79.39,79.98,1285803,0.0
2020-09-15,79.84,80.98,79.61,80.45,1475354,0.0
2020-09-16,80.01,80.07,79.115,80.07,976235,0.0
2020-09-17,79.9,79.95,78.51,78.77,2520578,0.0
2020-09-20,78.26,79.54,77.79,79.36,2324200,0.0
2020-09-21,78.84,80.65,78.84,79.86,1374775,0.0
2020-09-22,79.84,80.17,78.94,79.18,2809738,0.0
2020-09-23,79.13,80.5684,78.58,80.47,2709937,0.0
2020-09-24,80.31,80.89,79.81,80.65,2516971,0.0
2020-09-27,81.06,81.53,80.46,80.69,1359849,0.0
2020-09-28,81.01,81.555,80.48,80.97,2791454,0.0
2020-09-29,81.54,82.095,81.245,81.73,3100003,0.0
2020-09-30,81.69,83.09,81.3,83.04,1721204,0.0
2020-10-01,82.73,85.61,82.22,85.31,3543663,0.0
2020-10-04,85.25,87.33,84.25,87.08,2551535,0.0
2020-10-05,86.63,89.68,86.36,88.44,3612315,0.0
2020-10-06,88.8,89.65,88.09,88.61,1959431,0.0
2020-10-07,88.72,89.82,88.371,89.37,1327022,0.0
2020-10-08,89.95,89.95,88.56,89.85,2371295,0.0
2020-10-11,89.7,91.255,88.91,90.46,1887979,0.0
2020-10-12,89.89,89.96,88.44,89.23,2606805,0.0
2020-10-13,89.32,90.05,88.59,89.37,1835949,0.0
2020-10-14,88.56,90.62,88.56,89.53,1389230,0.0
2020-10-15,89.845,91.69,89.37,91.52,1593387,0.0
2020-10-18,91.43,91.87,90.94,91.3,1584405,0.0
2020-10-19,91.9,91.9,90.02,90.73,3035981,0.0
2020-10-20,90.41,91.365,90.09,90.4,1961567,0.0
2020-10-21,90.17,92.7,89.79,92.2,2049312,0.0
2020-10-22,92.15,92.31,91.52,91.86,2561134,0.0
2020-10-25,91.46,94.21,91.46,93.6,3238248,0.0
2020-10-26,93.08,93.8,91.96,92.52,2030382,0.0
2020-10-27,92.07,93.44,90.18,90.34,2062473,0.0
2020-10-28,90.06,91.48,88.84,90.53,1805578,0.0
2020-10-29,90.6,91.14,88.75,89.95,1660532,0.0
2020-11-01,90.83,91.24,89.77,91.2,1986743,0.0
2020-11-02,92.09,92.09,90.45,90.83,2334601,0.0
2020-11-03,90.65,92.13,89.99,90.14,1863208,0.0
2020-11-04,91.08,92.83,90.58,90.65,2495729,0.0
2020-11-05,91.47,91.91,90.47,90.9,1548893,0.0
2020-11-08,92,94.21,90.03,90.21,2906107,0.0
2020-11-09,90.04,91.74,89.385,90.79,1836105,0.0
2020-11-10,90.9,92.7853,90.73,91.14,1751144,0.0
2020-11-11,90.39,90.88,88.84,89.65,1321310,0.0
2020-11-12,89.766,90.47,89.2,89.75,1370764,0.0
2020-11-15,89.27,89.81,88.005,89.24,3726184,0.0
2020-11-16,88.9,89.18,86.49,86.74,2669731,0.0
2020-11-17,87.27,87.28,84.05,84.14,2529318,0.0
2020-11-18,83.33,83.69,81.98,82.42,3945020,0.0
2020-11-19,81.79,82.79,80.81,82.48,5162492,0.0
2020-11-22,83.22,83.83,82.4,83.4,3285520,0.0
2020-11-23,84.1,84.965,83.33,84.77,1903878,0.0
2020-11-24,85.11,85.535,84.2801,85.39,1771702,0.0
2020-11-26,85.27,85.41,84.134,84.92,991913,0.0
2020-11-29,84.82,85.25,84.01,84.88,2047616,0.0
2020-11-30,85.23,86.28,84.61,85.21,2674389,0.0
2020-12-01,84.86,85.95,84.08,85.87,1437569,0.0
2020-12-02,85.59,85.6909,84.22,84.76,2008021,0.0
2020-12-03,84.59,85.03,82.64,83.39,2562574,0.0
2020-12-06,82.85,84.13,82.8,83.85,1681564,0.0
2020-12-07,83.67,84.085,82.69,83.49,1535530,0.0
2020-12-08,83.49,83.85,82.833,83.67,1862246,0.0
2020-12-09,84,84.03,82.21,82.45,2024982,0.0
2020-12-10,82.05,82.88,81.88,82.76,1362216,0.0
2020-12-13,83.8014,84.47,82.14,82.21,1880999,0.0
2020-12-14,82.7,84.43,82.155,84.29,1938367,0.0
2020-12-15,84.22,84.83,82.6,82.85,1832074,0.0
2020-12-16,83.27,84.735,83.22,83.86,1973294,0.0
2020-12-17,83.6491,84.6,82.62,83.34,3640734,0.0
2020-12-20,82.71,83.025,80.86,82.14,2419126,0.0
2020-12-21,81.94,82.05,80.9,81.43,1938925,0.0
2020-12-22,81.89,82.27,80.7,80.71,1868747,0.0
2020-12-23,80.84,81.58,80.41,81.42,653329,0.0
2020-12-27,81.74,81.9,80.67,81.27,1413071,0.0
2020-12-28,81.45,82.18,81.03,81.22,1448446,0.0
2020-12-29,81.05,81.7,81.03,81.47,1081320,0.0
2020-12-30,81.53,83.36,81.43,83.22,1364389,0.0
2021-01-03,83.33,83.44,81.205,81.54,2030509,0.0
2021-01-04,81.8,82.045,80.975,81.43,1654257,0.0
2021-01-05,81.12,82.74,80.62,82.08,2199862,0.0
2021-01-06,82.45,82.45,79.87,79.885,2397951,0.0
2021-01-07,79.67,80.02,78.61,79.15,2589466,0.0
2021-01-10,79.11,79.22,77.83,78.78,2126533,0.0
2021-01-11,77.85,78.36,76.82,77.84,2774503,0.0
2021-01-12,78.06,78.49,77.39,78.145,6952636,0.0
2021-01-13,78.06,79.035,77.14,78.83,7371432,0.0
2021-01-14,76.96,80.69,76.96,80.48,3644394,0.0
2021-01-18,80.95,81.17,79.38,80.7,2327858,0.0
2021-01-19,80.37,81.05,79.57,80.76,2255499,0.0
2021-01-20,81,81.61,80.3,80.98,2499547,0.0
2021-01-21,80.81,82.46,80.77,82.09,3288480,0.0
2021-01-24,81.58,83.1,81.35,82.59,1917370,0.0
2021-01-25,82.2,82.55,80.77,81.82,2585910,0.0
2021-01-26,81.2,82.67,80.09,80.45,2051919,0.0
2021-01-27,80.95,82.27,80.51,80.56,1738981,0.0
2021-01-28,80.1935,81.62,79.81,80.88,2532827,0.0
2021-01-31,81.1,81.75,80.01,81.18,1492611,0.0
2021-02-01,81.32,83.03,80.82,82.12,2109320,0.0
2021-02-02,82.1,82.4999,81.2,81.28,1708285,0.0
2021-02-03,81.34,82.26,81.1,82.23,1459899,0.0
2021-02-04,82.49,82.82,82.01,82.15,1175377,0.0
2021-02-07,82.37,82.39,80.4,80.99,1751761,0.0
2021-02-08,80.24,80.465,79,79.82,1848672,0.0
2021-02-09,79.99,80.45,79.44,80.01,2459594,0.0
2021-02-10,80.14,80.24,78.77,78.95,1708577,0.0
2021-02-11,78.91,79.33,78.18,78.6,1668815,0.0
2021-02-15,78.5661,78.79,77.91,78.18,1796404,0.0
2021-02-16,78.49,79.35,78.22,78.48,1788161,0.0
2021-02-17,78.51,80.69,78.51,80.49,3155996,0.0
2021-02-18,80.13,80.48,78.72,79.08,3039314,0.0
2021-02-21,78.87,79.06,75.42,76.79,2857874,0.0
2021-02-22,77.29,78.76,76.94,78.09,3289315,0.0
2021-02-23,78.17,78.25,76.85,77.1,2964626,0.0
2021-02-24,78.06,78.06,75.735,76.3,3706578,0.0
2021-02-25,76.5,77.33,74.8,74.83,3504634,0.0
2021-02-28,75.42,77.6,75.4,76.7,2634437,0.0
2021-03-01,76.8584,77.15,75.89,76.45,3451515,0.0
2021-03-02,76.23,76.46,74.96,76.32,2468888,0.0
2021-03-03,76.33,78.12,76.19,77.261,3613179,0.0
2021-03-04,77.5,79.29,77.25,78.91,3302781,0.0
2021-03-07,78.835,80.96,78.7,80.489,2593107,0.0
2021-03-08,80.87,81.18,80.31,80.61,2277355,0.0
2021-03-09,81.23,81.58,80.39,81.2,2919886,0.0
2021-03-10,80.84,81.81,79.98,79.99,2735560,0.0
2021-03-11,80.42,81.47,79.69,81.03,2393072,0.0
2021-03-14,81.06,82.33,81.05,82.28,2738034,0.0
2021-03-15,81.8,83.55,81.8,83.52,4324459,0.0
2021-03-16,83.37,83.71,81.97,82.12,2233658,0.0
2021-03-17,82.28,82.69,81.235,82.6,1957077,0.0
2021-03-18,82.87,84.12,81.97,83.67,3733749,0.0
2021-03-21,84.15,84.3482,83.135,83.66,1977362,0.0
2021-03-22,84,85.16,83.5,84.64,2063788,0.0
2021-03-23,84.21,85.473,83.8,84.99,2121049,0.0
2021-03-24,85.53,85.84,84.34,84.71,3014965,0.0
2021-03-25,84.45,85.04,83.68,84.98,2109758,0.0
2021-03-28,84.58,86.125,84.26,85.85,2078715,0.0
2021-03-29,85.52,85.52,83.7,84.68,1947058,0.0
2021-03-30,84.5233,85.09,84.13,84.7,2130209,0.0
2021-03-31,84.9,85.58,84.3,85.55,1813660,0.0
2021-04-04,85.07,86.72,85.15,86.29,1412965,0.0
2021-04-05,86.39,86.82,85.66,86.79,1334408,0.0
2021-04-06,86.92,87.16,86.29,86.68,1269228,0.0
2021-04-07,86.82,86.99,85.9982,86.08,1345420,0.0
2021-04-08,86.07,86.7,85.82,85.88,1408069,0.0
2021-04-11,86,86.72,85.725,85.99,1637396,0.0
2021-04-12,85.71,86.93,85,86.73,2009433,0.0
2021-04-13,86.4013,87.09,85.98,87.08,1803203,0.0
2021-04-14,87.08,87.92,86.83,87.8,2549139,0.0
2021-04-15,88.19,88.9,87.77,88.55,1761590,0.0
2021-04-18,88.55,89,88.07,88.68,2154411,0.0
2021-04-19,88.89,90.62,88.7,90.14,2687366,0.0
2021-04-20,90.14,90.45,89.04,89.3,2136907,0.0
2021-04-21,87.64,89.16,87.425,87.95,2434343,0.0
2021-04-22,88.4,88.4,87.36,87.67,2045797,0.0
2021-04-25,88,88.05,87.04,87.62,1160805,0.0
2021-04-26,87.36,87.91,87.08,87.19,1832700,0.0
2021-04-27,87.38,87.6,86.36,86.74,2686079,0.0
2021-04-28,86.69,88.13,86.56,88.09,2254188,0.0
2021-04-29,88.25,88.8,87.54,88.77,2221730,0.0
2021-05-02,89.29,89.5,88.46,88.68,1646876,0.0
2021-05-03,88.29,89.0599,87.73,88.38,2104325,0.0
2021-05-04,88.26,88.299,86.7,87.46,1488541,0.0
2021-05-05,87.71,88.435,87.1499,88.12,1339087,0.0
2021-05-06,87.2,88.05,86.89,87.13,2273159,0.0
2021-05-09,87.45,88.31,87.31,87.56,3512725,0.0
2021-05-10,87.58,88.1,85.83,86.43,3160681,0.0
2021-05-11,86.18,86.63,84.85,84.99,2379449,0.0
2021-05-12,85.02,87.11,84.7,86.46,1819745,0.0
2021-05-13,86.92,87.46,86.62,86.75,1819730,0.0
2021-05-16,86.47,86.9,85.15,85.46,3186096,0.0
2021-05-17,85.95,86.07,85.15,85.74,2595712,0.0
2021-05-18,85.57,86.08,84.775,85.92,1884649,0.0
2021-05-19,85.75,86.97,85.65,86.25,1586216,0.0
2021-05-20,86.52,86.87,86.2,86.67,1373089,0.0
