Date,Open,High,Low,Close,Volume,OpenInterest
2017-05-31,146.36,147,144.04,145.92,665464,0.0
2017-06-01,146.57,150.355,146.52,149.7,880843,0.0
2017-06-04,150,150.56,148.6,148.83,626348,0.0
2017-06-05,148.74,149.53,147.4,148.63,419825,0.0
2017-06-06,149.15,149.64,148.57,149.12,469518,0.0
2017-06-07,149.25,151.91,148.46,151.86,475631,0.0
2017-06-08,152.16,153.93,146.11,148.83,876896,0.0
2017-06-11,147.34,147.79,139,143.41,1800288,0.0
2017-06-12,144.17,146.03,142.04,144.37,756077,0.0
2017-06-13,145.38,145.81,142.99,144.29,645795,0.0
2017-06-14,142.95,144.17,142.01,144.01,696861,0.0
2017-06-15,144.78,145.51,144.01,145.04,1437272,0.0
2017-06-18,146.32,152.14,146.3,149.7,1240699,0.0
2017-06-19,150.08,150.84,146.77,146.96,640858,0.0
2017-06-20,147.16,149.77,147.1525,149.41,465271,0.0
2017-06-21,150.07,150.98,148.85,149.64,494807,0.0
2017-06-22,154.85,154.85,151.24,153.5,1325211,0.0
2017-06-25,153.66,154.79,151.45,151.62,516381,0.0
2017-06-26,151.15,152.83,148.94,149.34,599029,0.0
2017-06-27,150.19,152.59,149.62,152.23,531727,0.0
2017-06-28,151.5,152.09,148.011,148.62,538332,0.0
2017-06-29,148.33,150.95,148.33,150.08,398693,0.0
2017-07-02,151.06,152.23,148.95,149.03,240183,0.0
2017-07-04,151.52,152.8,149.16,151.93,378136,0.0
2017-07-05,151.12,151.48,149.5,149.78,386351,0.0
2017-07-06,150.98,152.8,150.66,151.91,327319,0.0
2017-07-09,152.1,153.48,150.56,151.58,365016,0.0
2017-07-10,151.56,152.26,150.33,151.54,526044,0.0
2017-07-11,152.07,152.93,151.14,152.48,506394,0.0
2017-07-12,153.13,153.65,150.76,152.16,291060,0.0
2017-07-13,152.14,154.82,152.12,154.3,397684,0.0
2017-07-16,155.01,157.86,154.9,156.24,692483,0.0
2017-07-17,155.99,156.75,155.11,156.03,337317,0.0
2017-07-18,157.09,159.45,156.76,159.27,661108,0.0
2017-07-19,159.5,160.54,158.1,160.19,691970,0.0
2017-07-20,160.31,160.93,158.42,158.86,620174,0.0
2017-07-23,158.67,161.81,158.65,161.22,581413,0.0
2017-07-24,161.77,161.81,158.45,158.56,793312,0.0
2017-07-25,158.66,159.929,157.37,158.69,571441,0.0
2017-07-26,160.52,160.6484,155.55,157.49,1140083,0.0
2017-07-27,168.1,173.79,160.37,172.98,1990741,0.0
2017-07-30,173.34,173.75,166.11,167.23,935209,0.0
2017-07-31,167.41,171.65,167.37,169.41,985692,0.0
2017-08-01,170.28,170.57,166.38,168,530175,0.0
2017-08-02,168.09,170.62,167.59,170.455,572847,0.0
2017-08-03,170.88,170.999,168.57,169.3,351031,0.0
2017-08-06,169.49,174.82,169.49,174.02,787461,0.0
2017-08-07,173.89,176.84,173.35,173.62,839427,0.0
2017-08-08,173.84,176.44,172.37,175.77,761032,0.0
2017-08-09,174.92,174.92,171.15,171.23,792339,0.0
2017-08-10,171.76,175.16,171.48,173.55,538718,0.0
2017-08-13,173.91,175.3569,173.68,174.15,426844,0.0
2017-08-14,174.65,178.58,174.18,177.96,579792,0.0
2017-08-15,178.89,179.7619,176.8074,178.37,443865,0.0
2017-08-16,177.9,177.9,169.13,169.33,1445322,0.0
2017-08-17,169.96,172.18,167.2738,168.56,1088931,0.0
2017-08-20,168.51,169.6399,165.179,167.95,657780,0.0
2017-08-21,167.97,173,166.64,172.51,647424,0.0
2017-08-22,172.33,173.84,170.79,172.84,687735,0.0
2017-08-23,174.02,175.96,173.35,175.27,709916,0.0
2017-08-24,175.41,176.2,171.55,172.52,463493,0.0
2017-08-27,173.02,175.925,173.02,175.13,439402,0.0
2017-08-28,173.03,174.61,172.27,173.98,521900,0.0
2017-08-29,173.55,174.905,172.91,174.84,407287,0.0
2017-08-30,175.05,177.07,173.91,176.73,608195,0.0
2017-08-31,176.81,177.4,173.88,176.35,502476,0.0
2017-09-04,176.42,179.96,176.42,179.27,780854,0.0
2017-09-05,180,180.3601,175.37,176.64,500138,0.0
2017-09-06,176.56,180.55,174.441,179.99,728179,0.0
2017-09-07,179.8,181.99,179.0832,181.48,335483,0.0
2017-09-10,186.07,186.07,181.49,184.13,515882,0.0
2017-09-11,184.54,186.1,182.55,185.67,475205,0.0
2017-09-12,185.18,185.87,183.26,183.55,527469,0.0
2017-09-13,183.415,185.485,182.1,184.86,386300,0.0
2017-09-14,184.5,185.6,183.16,184.37,559352,0.0
2017-09-17,185.95,188.97,185.055,188.29,546520,0.0
2017-09-18,189.07,190.04,186.04,187.15,452960,0.0
2017-09-19,187.83,189.01,186.54,188.77,379199,0.0
2017-09-20,188.76,189.3891,184.75,186.33,404644,0.0
2017-09-21,186.2,188.24,186.05,187.91,317764,0.0
2017-09-24,187.4,187.455,183.53,184.89,426635,0.0
2017-09-25,185.61,186.1,183.04,184.2,513778,0.0
2017-09-26,184.49,186.805,183.21,184.78,456544,0.0
2017-09-27,184.5,184.77,180.3123,183.03,596900,0.0
2017-09-28,183.6,186.62,182.06,186.21,512392,0.0
2017-10-01,187.16,187.98,185.05,187.19,500592,0.0
2017-10-02,187.75,188.38,185.2,186.44,399680,0.0
2017-10-03,186.41,186.87,184.67,185.97,407858,0.0
2017-10-04,185.44,187.49,185.21,186.58,454746,0.0
2017-10-05,186.99,191.78,186.15,187.02,769028,0.0
2017-10-08,186.83,189.28,185.485,188.13,515354,0.0
2017-10-09,188.53,189.92,188.13,188.71,453389,0.0
2017-10-10,188.22,193.185,188.22,192.46,576991,0.0
2017-10-11,192.79,194.84,192.2,192.38,487167,0.0
2017-10-12,192.58,193.94,191.35,192.81,487250,0.0
2017-10-15,193.01,195.6,192.21,193.33,861366,0.0
2017-10-16,193.46,196.04,192.65,194.26,526273,0.0
2017-10-17,194.72,196,193.62,194.26,478858,0.0
2017-10-18,194.23,196.89,191.8,196.84,613768,0.0
2017-10-19,196.67,201.7,196.67,200.91,1007602,0.0
2017-10-22,205.45,205.99,202.46,202.79,840231,0.0
2017-10-23,202.76,205.07,198.435,203.71,771914,0.0
2017-10-24,203,203.749,200.27,201.76,746510,0.0
2017-10-25,202.59,207.65,199.45,202.93,1340535,0.0
2017-10-26,225.64,239.83,223.56,235.79,2613485,0.0
2017-10-29,234.35,243.27,233.36,235.5,953303,0.0
2017-10-30,235.1,240.66,235.05,238.98,633708,0.0
2017-10-31,243,244.6,232.311,234.94,1061079,0.0
2017-11-01,235.38,237.95,233,233.44,773923,0.0
2017-11-02,233.85,242.55,233.85,241.36,788394,0.0
2017-11-05,244.02,246.83,238.59,244.43,707581,0.0
2017-11-06,245,246.84,243.66,246.41,394197,0.0
2017-11-07,246,253.65,246,252.74,817746,0.0
2017-11-08,251.8,254.19,245.531,249.65,972758,0.0
2017-11-09,249.38,251.015,246.26,249.46,662371,0.0
2017-11-12,249.29,257.6,248.29,253.72,641590,0.0
2017-11-13,251.78,256.1,251,254,615144,0.0
2017-11-14,252.24,253.64,243,249.19,1093217,0.0
2017-11-15,251.76,255.98,249.175,254.91,771038,0.0
2017-11-16,254.74,255.774,251.5,253.87,439372,0.0
2017-11-19,254.64,258.61,253.67,255.51,478370,0.0
2017-11-20,257.67,258.875,252.03,256.35,889849,0.0
2017-11-21,255.41,257.35,251.57,254.3801,541479,0.0
2017-11-23,254.32,255.729,253.44,254.64,177086,0.0
2017-11-26,255.78,263.9,255.54,262.45,750630,0.0
2017-11-27,264.4,266.4073,259,264.3,655818,0.0
2017-11-28,264.4,264.6355,254.02,258.37,855674,0.0
2017-11-29,259.96,262.85,254.24,260.81,614476,0.0
2017-11-30,259.35,261,244.82,254.15,931816,0.0
2017-12-03,257.83,257.99,222.74,225.78,2834753,0.0
2017-12-04,225.02,233.82,224.3,227.35,1457957,0.0
2017-12-05,228.16,233.738,225.74,233.01,758039,0.0
2017-12-06,236.11,242.17,232.495,241.34,800889,0.0
2017-12-07,242.72,245.81,235.054,238.43,682929,0.0
2017-12-10,237.42,239.02,232.78,233.66,687789,0.0
2017-12-11,234.8,238.6,233.88,234.4,663445,0.0
2017-12-12,234.53,237.5,234.53,235.64,440477,0.0
2017-12-13,235.81,237.9,232.84,233.85,605036,0.0
2017-12-14,235.34,235.34,231.5,233.55,893477,0.0
2017-12-17,234.35,236.92,232.67,235.53,509739,0.0
2017-12-18,235.47,236.53,234.21,235.05,362874,0.0
2017-12-19,235.86,236.29,232.66,233.68,325693,0.0
2017-12-20,234.51,235.13,217.55,218.7,1533632,0.0
2017-12-21,216.37,224.01,212.86,223.12,845477,0.0
2017-12-25,222.36,224.42,220.26,223.54,265668,0.0
2017-12-26,223.22,229.01,223.12,226.42,367663,0.0
2017-12-27,227.79,227.79,222.611,226.46,380859,0.0
2017-12-28,225.99,227.66,222.09,222.24,342601,0.0
2018-01-01,222.61,226.19,220.36,224.6,683446,0.0
2018-01-02,226.06,231.48,225.01,231.19,644936,0.0
2018-01-03,234.75,235.66,230.25,233.315,1023724,0.0
2018-01-04,234.88,243.3,234.22,241.03,931923,0.0
2018-01-07,242,250.99,241.04,248.9,1215602,0.0
2018-01-08,250,253.64,250,251.48,774377,0.0
2018-01-09,249.15,250.89,243.28,248.305,623245,0.0
2018-01-10,248,253.2,246.01,252.91,500975,0.0
2018-01-11,254.1,259.95,250.01,258.37,629560,0.0
2018-01-15,262.12,268.175,260.561,263.83,827228,0.0
2018-01-16,265.16,273.6,264.25,272.25,810230,0.0
2018-01-17,272.25,272.69,266.51,270.68,698489,0.0
2018-01-18,268.1,269.75,263.2,269.46,843937,0.0
2018-01-21,269.64,271.73,258.92,267.1,771232,0.0
2018-01-22,267,276.99,266.88,272.08,657111,0.0
2018-01-23,273.52,274.39,267.6,272.3,459071,0.0
2018-01-24,273.7,276.23,270,273.53,340561,0.0
2018-01-25,275.16,287.32,273.27,283.45,759693,0.0
2018-01-28,284.45,284.97,268.16,276.77,1119253,0.0
2018-01-29,270.45,272,245,270.08,1603748,0.0
2018-01-30,261.01,270.6,248.2101,262,3144109,0.0
2018-01-31,261.59,262.65,252.2,255.57,1264866,0.0
2018-02-01,251.57,262.57,250.86,257.3,1147002,0.0
2018-02-04,252.21,259.139,241.66,242.35,1156528,0.0
2018-02-05,232.71,245.65,228,241.46,1529782,0.0
2018-02-06,241,242.22,233.6,234.33,795057,0.0
2018-02-07,233.57,233.96,220.7,220.779,1346574,0.0
2018-02-08,223.75,232.41,219.11,229.37,1080278,0.0
2018-02-11,233.25,235,225.91,233.17,716093,0.0
2018-02-12,230.76,236.7,229.68,233.79,495008,0.0
2018-02-13,231.98,246.9,231.3482,246.34,855324,0.0
2018-02-14,250,253.71,245.39,252.82,1013436,0.0
2018-02-15,253.85,255.3899,249.04,251.45,717324,0.0
2018-02-19,250.57,259.75,250.5,255.45,669789,0.0
2018-02-20,255.36,262.87,252,252.08,773861,0.0
2018-02-21,254.16,262.33,253.26,259.68,787538,0.0
2018-02-22,261.99,266.8,258.14,265.17,632522,0.0
2018-02-25,266.8,268.4,262.42,266.58,523664,0.0
2018-02-26,265.48,267.27,263.5,263.87,388481,0.0
2018-02-27,264.9,267.78,262.44,262.54,409294,0.0
2018-02-28,258.75,259.8375,244.15,245.47,1332747,0.0
2018-03-01,243.65,254.89,241.3,253.65,761546,0.0
2018-03-04,252.84,256.54,247.6404,255.55,520599,0.0
2018-03-05,256.01,257.39,252.16,255.97,483362,0.0
2018-03-06,252.46,263.92,252.13,262.96,433971,0.0
2018-03-07,264.92,268.6899,263.57,268.19,375620,0.0
2018-03-08,270,273.22,269.99,271.72,546414,0.0
2018-03-11,272.07,277.315,271.13,275.61,577698,0.0
2018-03-12,276.56,276.98,267.29,269.74,528954,0.0
2018-03-13,271.29,274.07,269.27,272.48,385025,0.0
2018-03-14,272.23,276.14,269.7617,272.88,350871,0.0
2018-03-15,273.76,274.15,267.5741,270.37,451384,0.0
2018-03-18,268.65,274.4,262.13,265.4,535572,0.0
2018-03-19,266.92,270.67,264.77,270.39,322230,0.0
2018-03-20,270.67,271.99,267.2,270.14,385386,0.0
2018-03-21,266.55,269.8,260,260.135,483231,0.0
2018-03-22,260.13,265.84,250.28,250.92,703743,0.0
2018-03-25,254,261.87,250.15,261.52,597407,0.0
2018-03-26,263.98,264.7398,245.821,248.35,667676,0.0
2018-03-27,248.52,248.9,241.03,244.47,790233,0.0
2018-03-28,245.98,257.4668,243.08,251.13,659190,0.0
2018-04-01,251,254.8,238.17,242.64,580863,0.0
2018-04-02,244.01,248.0924,240.08,243.73,597842,0.0
2018-04-03,239.72,250.015,238.5,248.92,502271,0.0
2018-04-04,251.32,259.73,251.32,255.33,709598,0.0
2018-04-05,252.4,255.718,243.2,245.2,511419,0.0
2018-04-08,248.37,255.26,247.62,249.17,376325,0.0
2018-04-09,254.17,259.96,252.34,258.26,550289,0.0
2018-04-10,255.58,260.4587,254.525,257.07,283247,0.0
2018-04-11,259.62,264.88,258.47,263.77,425330,0.0
2018-04-12,266.22,267.21,259.5,261.73,380227,0.0
2018-04-15,264.77,268.32,263.02,265.51,326026,0.0
2018-04-16,269.17,274.52,267.78,272.72,680705,0.0
2018-04-17,274,280.23,270.57,277.04,609055,0.0
2018-04-18,265.82,267.0153,250.27,252.76,1880075,0.0
2018-04-19,253.38,256.66,245.41,247.08,919175,0.0
2018-04-22,248.63,251.37,245.0069,247.19,545786,0.0
2018-04-23,248.62,251.47,235.825,239.6,849054,0.0
2018-04-24,238.47,245.78,234.4,245.73,801809,0.0
2018-04-25,261.99,266.095,242.71,259.9,2385296,0.0
2018-04-26,259.99,260.84,251.48,257.9,699783,0.0
2018-04-29,258.63,258.63,249.52,249.87,644581,0.0
2018-04-30,249.21,252.69,247.51,251.33,388487,0.0
2018-05-01,250.4,252.93,249.17,249.47,528147,0.0
2018-05-02,249,255.41,244.4,255.14,635286,0.0
2018-05-03,251.99,260.26,246.38,258.99,751650,0.0
2018-05-06,259.25,267.04,259.23,264.98,836218,0.0
2018-05-07,263.54,266.08,260.23,265.45,521082,0.0
2018-05-08,265.49,270.6,265.15,268,545944,0.0
2018-05-09,268.01,280.25,267.13,277.69,804415,0.0
2018-05-10,278.29,288.36,277.99,286.5,1058047,0.0
2018-05-13,286.99,296.4699,284.75,286.42,965930,0.0
2018-05-14,283.53,284.26,276.81,283.79,583024,0.0
2018-05-15,283.5,292.82,281.61,288.03,678387,0.0
2018-05-16,289.52,294.91,287.73,292.76,616302,0.0
2018-05-17,293.49,299.46,292.76,298.01,622033,0.0
2018-05-20,300,304.99,299.47,302.44,656152,0.0
2018-05-21,305.5,306.11,294,297.86,634410,0.0
2018-05-22,297.68,308.67,297.17,308.2,939571,0.0
2018-05-23,309.97,318.59,308.005,317.08,1048260,0.0
2018-05-24,318.31,322.6717,316.38,318.55,877970,0.0
2018-05-28,318.19,326.815,317.86,326.18,733700,0.0
2018-05-29,327.92,333.34,327.225,331.45,610654,0.0
2018-05-30,331.7,338.5,330.21,331.97,932748,0.0
2018-05-31,333.17,335.35,325.28,333.06,694516,0.0
2018-06-03,335.54,343.88,333.22,343.09,584352,0.0
2018-06-04,343.21,346.55,341.54,346.07,610738,0.0
2018-06-05,347.25,347.969,342.831,346.3,467041,0.0
2018-06-06,346.86,347.85,333.3,339.27,860093,0.0
2018-06-07,337.03,347.4399,333,346.61,502190,0.0
2018-06-10,345.28,349.785,343.72,348.45,445410,0.0
2018-06-11,349.6,355.98,349.29,354.29,617044,0.0
2018-06-12,356,365.76,354.59,363.51,808211,0.0
2018-06-13,364.35,370.47,363.7,366.28,593759,0.0
2018-06-14,364.81,366.885,358.27,362.66,677234,0.0
2018-06-17,361.01,371.55,357.11,370.16,527826,0.0
2018-06-18,366.2,369.08,358.67,365.28,546218,0.0
2018-06-19,368.13,369.2,362.69,364.7,585512,0.0
2018-06-20,365.66,369,359.15,359.63,720505,0.0
2018-06-21,361.57,363.96,347.15,353.17,818277,0.0
2018-06-24,350,350.47,341.28,346.44,792593,0.0
2018-06-25,349.27,357.69,348.3,352.46,580524,0.0
2018-06-26,352.42,356.4741,342.27,342.27,681779,0.0
2018-06-27,340.57,345.9,334.4364,343.8,921220,0.0
2018-06-28,345.64,346.125,341.7,342.21,469040,0.0
2018-07-01,334.9,341.05,332.0133,340.28,751279,0.0
2018-07-02,341.1,344.62,337.11,338.79,328608,0.0
2018-07-04,342.18,343.229,333.57,341.38,481561,0.0
2018-07-05,341.39,349.7,338.795,347.54,364451,0.0
2018-07-08,350.58,354.12,345.44,348.98,449727,0.0
2018-07-09,350,352.83,347.22,351.42,345186,0.0
2018-07-10,346.98,352.4,345.5,348.94,267441,0.0
2018-07-11,350.31,363.0399,350.31,362.79,565521,0.0
2018-07-12,364.09,368.9715,361.285,363.46,473475,0.0
2018-07-15,365,366.32,358.02,362.28,254125,0.0
2018-07-16,359.59,371.05,357.46,370.55,345373,0.0
2018-07-17,373.86,375.325,367.81,372.3,288549,0.0
2018-07-18,369.88,373.49,365,370.31,345668,0.0
2018-07-19,371.06,378.975,369.58,375.33,501801,0.0
2018-07-22,375.5,385,368.7416,377.5,454892,0.0
2018-07-23,378.96,384.745,369.76,372.62,666678,0.0
2018-07-24,374.69,383.46,373,381.09,747947,0.0
2018-07-25,377.61,380,354.74,363.01,1146109,0.0
2018-07-26,364.51,365.55,349.128,353.83,636423,0.0
2018-07-29,353.5,356.0291,341.24,348.65,1024536,0.0
2018-07-30,348.88,358.56,341.91,356.66,1087879,0.0
2018-07-31,356.65,361.29,352.6,353.7,782308,0.0
2018-08-01,351,369.02,350.51,368.03,749234,0.0
2018-08-02,368.52,369.49,356.13,363.51,661551,0.0
2018-08-05,362.11,370.45,362.11,369.56,434360,0.0
2018-08-06,369.55,373.66,365,365.67,350014,0.0
2018-08-07,366.13,367.3507,363.31,366.28,203005,0.0
2018-08-08,366.81,371.61,363.5,366.87,371925,0.0
2018-08-09,363.71,369.67,362.48,364.54,226262,0.0
2018-08-12,364.48,369.035,361.54,362.35,283875,0.0
2018-08-13,361.28,368.8,361.28,368.69,369555,0.0
2018-08-14,366.73,368.49,349.8,350.53,993667,0.0
2018-08-15,353,355,344.345,351.19,659330,0.0
2018-08-16,350.11,358.71,342.3,357.35,640696,0.0
2018-08-19,358,358.92,351.88,352.34,317871,0.0
2018-08-20,353.01,357.4,351.5201,355.89,366886,0.0
2018-08-21,354.02,362.2,352.39,361.36,449503,0.0
2018-08-22,361,366.72,360.93,363.6,456641,0.0
2018-08-23,365.09,370.56,363.265,367.61,557560,0.0
2018-08-26,370,383.704,369.115,381.87,744810,0.0
2018-08-27,382.56,390.19,378.162,382.32,808686,0.0
2018-08-28,384.4,391.25,382.26,385.33,556272,0.0
2018-08-29,383.08,391.37,383,387.14,451510,0.0
2018-08-30,388.43,392.69,384.51,386.47,265013,0.0
2018-09-03,386.64,388.9,381.11,385.37,302434,0.0
2018-09-04,384.92,384.92,366.08,372.95,815503,0.0
2018-09-05,373.55,376.605,367.09,370.88,617693,0.0
2018-09-06,368.76,374.5175,365.2,368.71,353160,0.0
2018-09-09,370.89,376.49,367.41,374.84,444900,0.0
2018-09-10,373.36,382.97,371,382.97,506042,0.0
2018-09-11,382.9,385.24,374.2376,381.82,484544,0.0
2018-09-12,383.87,388.785,377.545,379.73,416550,0.0
2018-09-13,383.31,391.595,381.99,390.16,661852,0.0
2018-09-16,391.9,393.98,377.5648,378.37,635074,0.0
2018-09-17,378.38,386.89,378.38,385.96,413136,0.0
2018-09-18,386.9,388.6748,377.1401,379.94,481512,0.0
2018-09-19,381.16,385.48,375.93,379.84,580313,0.0
2018-09-20,381.68,384.24,378.43,380.8,305436,0.0
2018-09-23,379,391.92,377.3098,388.96,400306,0.0
2018-09-24,389.21,398.8793,389.08,392.94,495770,0.0
2018-09-25,392.73,395.16,386.04,389.22,398387,0.0
2018-09-26,391,395.16,387.68,389.97,376060,0.0
2018-09-27,391.4999,395.23,389.5722,391.22,468910,0.0
2018-09-30,392.1597,397.85,390,391.5,502055,0.0
2018-10-01,390.52,390.52,374.56,376.09,669766,0.0
2018-10-02,379.94,381,372.47,375.26,753623,0.0
2018-10-03,374.49,374.49,355.38,357.89,1229217,0.0
2018-10-04,354.81,364.79,345.24,353.11,1283471,0.0
2018-10-07,350.12,352.95,333.0813,342.81,1271105,0.0
2018-10-08,341.59,346.77,336.02,340.96,949469,0.0
2018-10-09,336.28,336.62,315.33,316.19,1588760,0.0
2018-10-10,312.3,325.37,309.18,312.89,1472829,0.0
2018-10-11,326.13,329.18,317.12,327.5,1379412,0.0
2018-10-14,326.53,327.4758,316.42,317.53,754954,0.0
2018-10-15,321.25,335.34,320.65,334.94,965654,0.0
2018-10-16,339.12,339.12,329.0052,332.83,567523,0.0
2018-10-17,331.85,333.22,317.52,323.06,751343,0.0
2018-10-18,326.29,327.71,310.455,312.92,1099671,0.0
2018-10-21,313.7,318.01,306.01,314.19,905519,0.0
2018-10-22,305.9,313.3,295.78,311.76,1210656,0.0
2018-10-23,311.08,315.9802,290.21,290.63,1217390,0.0
2018-10-24,231.23,235.5,203.1201,232.06,8408854,0.0
2018-10-25,228,237.585,218.0101,230.09,3981245,0.0
2018-10-28,234.76,235.49,212.02,218.08,2479241,0.0
2018-10-29,216.8,225.62,215,223.03,1775693,0.0
2018-10-30,226.49,229.76,220.26,221.19,1440737,0.0
2018-10-31,222.27,231.38,220.54,230.95,1263360,0.0
2018-11-01,233.53,239.475,227.02,229.78,2106803,0.0
2018-11-04,227.77,229.64,221.54,228.09,1244635,0.0
2018-11-05,227.5,231.23,225.43,229.27,791357,0.0
2018-11-06,231.72,248.5,230.77,245.34,2139139,0.0
2018-11-07,245.54,246.8,240.95,245.67,836988,0.0
2018-11-08,243.42,244.615,226.37,235.97,1550727,0.0
2018-11-11,231.97,232.99,214.62,217.26,1170320,0.0
2018-11-12,219,225.21,217.3,219.32,1034470,0.0
2018-11-13,221.9,225.1922,217.3536,220.03,937431,0.0
2018-11-14,219.52,223.45,216.01,222.8,853644,0.0
2018-11-15,220.76,228.8,218.71,225.47,955554,0.0
2018-11-18,223.85,223.95,203.7,204.44,1717802,0.0
2018-11-19,189.03,212.82,188.01,210.05,2969782,0.0
2018-11-20,213.94,219.75,212.24,215.76,1055847,0.0
2018-11-22,214.88,220.56,214.2101,218.86,528028,0.0
2018-11-25,221.92,229.365,221.1,223.38,1013823,0.0
2018-11-26,221.79,225.388,219.63,220.61,1124299,0.0
2018-11-27,222.25,236.35,222.02,235.56,1292541,0.0
2018-11-28,234.53,235.5,224.13,228.69,1085675,0.0
2018-11-29,227.69,232.97,224.72,229.86,946223,0.0
2018-12-02,234.4,235.92,228,235.71,1224852,0.0
2018-12-03,234.22,234.3643,218.31,221.02,1425693,0.0
2018-12-05,211.11,219.38,208.67,219.33,1306831,0.0
2018-12-06,217.39,220.4,208.87,210.29,935516,0.0
2018-12-09,209.79,218.17,208.99,216.6,963804,0.0
2018-12-10,220.07,223.8,218.02,220.27,1032032,0.0
2018-12-11,225.08,226.9,219.13,219.16,708869,0.0
2018-12-12,218.82,221.455,212.94,217.19,803415,0.0
2018-12-13,214.27,217.4545,212.01,215.57,1126806,0.0
2018-12-16,213.03,213.98,205.22,206.96,840379,0.0
2018-12-17,209.84,213.315,206.505,209.48,870189,0.0
2018-12-18,209.14,212.88,198.51,201.47,931070,0.0
2018-12-19,201.19,204.7,191.24,197.77,1695670,0.0
2018-12-20,199.14,201.05,193.28,199.24,1561121,0.0
2018-12-23,196.57,198.19,190.7468,193.8,477397,0.0
2018-12-25,194.71,212.2997,194.24,210.99,1087148,0.0
2018-12-26,207,211.3,201.49,211.28,679980,0.0
2018-12-27,212.86,212.86,206,208.29,669452,0.0
2018-12-30,209.89,214.1772,206.6797,208.23,583115,0.0
2019-01-01,205.32,207.16,200.54,201.675,990653,0.0
2019-01-02,200.03,200.77,183.62,184.75,2226757,0.0
2019-01-03,181.68,190.39,177.925,186.85,2141702,0.0
2019-01-06,187.41,190.77,184.505,190.11,1236108,0.0
2019-01-07,191.35,194.99,187.59,192.83,832144,0.0
2019-01-08,194.26,207,194.2584,200.23,1529273,0.0
2019-01-09,198.99,205.99,194.12,202.6,1082125,0.0
2019-01-10,201.6,201.6,195.63,198.23,918718,0.0
2019-01-13,196.54,198.3393,193.23,193.67,1286461,0.0
2019-01-14,194.9,197.5,191.93,194.92,1746943,0.0
2019-01-15,197.07,208.5099,195.38,206.4302,2026594,0.0
2019-01-16,206.87,215.849,206.78,212.53,1625431,0.0
2019-01-17,216,223.5999,212.89,219.555,2218553,0.0
2019-01-21,220.68,221.65,213.9027,215.58,1024842,0.0
2019-01-22,217,221.21,215.14,217.21,939587,0.0
2019-01-23,218.25,224.08,217.92,220.8379,811756,0.0
2019-01-24,222.61,228.97,221.48,227.18,1135706,0.0
2019-01-27,224.94,225.915,220.15,221.1,1291436,0.0
2019-01-28,222.16,223.835,216.52,221.89,1229976,0.0
2019-01-29,208.74,234.44,207.99,233.18,4150857,0.0
2019-01-30,233.57,249.24,231.76,249.05,3009754,0.0
2019-01-31,248.08,248.75,239,243.98,1455377,0.0
2019-02-03,243.91,245.23,239.7,244.6,746440,0.0
2019-02-04,241.85,246.2,241.42,243.45,1037311,0.0
2019-02-05,244,246.46,240.7,244,853433,0.0
2019-02-06,241.89,244.55,238.26,239.2,783706,0.0
2019-02-07,236.78,240.77,234.23,240.76,726193,0.0
2019-02-10,242.86,247.54,242.07,244.6,747475,0.0
2019-02-11,246.8,256.77,246.355,254.26,1399119,0.0
2019-02-12,256.99,259.932,248.841,251.96,1003884,0.0
2019-02-13,245,252.91,245,251.0199,772984,0.0
2019-02-14,253.04,255.68,251.39,254.92,692360,0.0
2019-02-18,254.96,257.59,254.01,255.36,711206,0.0
2019-02-19,255.23,256.49,250.91,253.79,1028968,0.0
2019-02-20,252.98,252.98,247.459,250.23,1028085,0.0
2019-02-21,251.52,254.24,248.85,253.93,735337,0.0
2019-02-24,255.52,263.64,255.52,262.4,1332350,0.0
2019-02-25,261.13,262.35,256.33,259.71,1145675,0.0
2019-02-26,258.23,262.16,257.29,258.35,1045763,0.0
2019-02-27,258.08,259.75,254.55,258.97,925729,0.0
2019-02-28,261.24,264.46,258.96,263.25,1284910,0.0
2019-03-03,264.37,266.21,252.3,256.31,1825368,0.0
2019-03-04,244.85,244.94,233.9,239.22,3282972,0.0
2019-03-05,237.79,240.5,229.62,231.41,2231011,0.0
2019-03-06,231,233.08,227.26,230.76,1550246,0.0
2019-03-07,228.64,231.725,224.581,230.76,1302961,0.0
2019-03-10,231.56,243.9399,231.56,243.35,1402656,0.0
2019-03-11,243.96,251.665,243,250.9,1403375,0.0
2019-03-12,251.28,254.03,247.49,252.17,964352,0.0
2019-03-13,249.93,251.4,244.545,247.6,1933410,0.0
2019-03-14,252.745,256.825,251.105,252.37,979853,0.0
2019-03-17,252.7,254.1245,248.17,253.72,984395,0.0
2019-03-18,256.43,260.93,256.03,259.38,1374111,0.0
2019-03-19,258.93,266.06,258.011,265.68,1137592,0.0
2019-03-20,265.45,281.63,265.345,280.735,1847693,0.0
2019-03-21,279.64,279.64,269.23,269.7,1181203,0.0
2019-03-24,269.75,274.3163,266,271.01,947369,0.0
2019-03-25,275.25,277.45,272.77,274.19,577430,0.0
2019-03-26,274.27,276.04,262.87,269.11,1126456,0.0
2019-03-27,270.24,274.7,266.5434,273.85,930182,0.0
2019-03-28,281.36,284.61,277.79,284.34,887649,0.0
2019-03-31,287.44,290.89,281.52,285.17,408753,0.0
2019-04-01,285.75,292.69,284.1,292.03,819847,0.0
2019-04-02,293.44,296,288.62,289.1,1063295,0.0
2019-04-03,289.92,291.1096,283.1858,287.9,462542,0.0
2019-04-04,291,301.09,291,295.88,1316427,0.0
2019-04-07,295.55,295.7,289.75,292.74,632402,0.0
2019-04-08,290,290,283.01,285.34,952965,0.0
2019-04-09,286.39,291.82,286.285,290.04,754496,0.0
2019-04-10,290.92,292.2,286.68,289.79,377947,0.0
2019-04-11,290.62,297.865,290.62,293.13,631055,0.0
2019-04-14,293.83,299.04,291.16,292.62,930412,0.0
2019-04-15,293.59,295.63,285.04,288.51,634300,0.0
2019-04-16,290.09,290.795,271.66,273.65,1713004,0.0
2019-04-17,276.33,281.5,272.36,281.49,1103407,0.0
2019-04-21,279.38,292.33,278.1475,290.64,1365904,0.0
2019-04-22,292.1,298.85,289.01,296.07,1472492,0.0
2019-04-23,296,298.32,291.725,297,1154696,0.0
2019-04-24,294.1,316,286.61,296.76,3078222,0.0
2019-04-25,298.75,318.19,297.9,318.19,1626624,0.0
2019-04-28,318.24,321.35,315.6183,317.45,1053476,0.0
2019-04-29,318.52,325.37,318,324.78,805452,0.0
2019-04-30,325.26,327.86,320.51,321.34,904944,0.0
2019-05-01,320.7,332,318.555,325.75,1048958,0.0
2019-05-02,328.86,333.17,327.27,331.089,810852,0.0
2019-05-05,320.8,329.585,317.2,329.46,1261881,0.0
2019-05-06,324.19,328.44,320.68,325.38,731729,0.0
2019-05-07,324.27,325,318.52,322.78,686158,0.0
2019-05-08,318.55,325.57,313.73,323.43,662861,0.0
2019-05-09,322.15,324.77,314,321.99,641291,0.0
2019-05-12,312.27,317.94,308.15,310.26,824460,0.0
2019-05-13,312.25,323.18,312.075,320,811828,0.0
2019-05-14,319,328.66,316.01,325.71,688571,0.0
2019-05-15,326,334.64,326,331.12,757826,0.0
2019-05-16,328.2,330.72,321.71,322.61,763463,0.0
2019-05-19,319.55,322.6909,313.58,319.55,665226,0.0
2019-05-20,322.5,326.21,319.16,319.67,518400,0.0
2019-05-21,321.04,323,315.89,318.66,486345,0.0
2019-05-22,315.13,315.82,305.5911,307.82,1093958,0.0
2019-05-23,309.59,312.9,306.8151,311.41,503094,0.0
2019-05-27,311.07,317.3434,304.31,304.76,652900,0.0
2019-05-28,302.37,302.37,293.82,297.29,1202656,0.0
2019-05-29,298.39,303.9,293.78,296.62,608101,0.0
2019-05-30,275.05,289.61,272.6,284.6,2214617,0.0
2019-06-03,288.16,298.0765,286.63,297.24,1002625,0.0
2019-06-04,301.92,303.74,295.315,302.44,737899,0.0
2019-06-05,302.03,308.59,298.48,306.35,523743,0.0
2019-06-06,309.43,314,306.63,307.55,690843,0.0
2019-06-09,309.34,319.17,309.34,314.89,655181,0.0
2019-06-10,315.41,316.705,304.545,308.955,730466,0.0
2019-06-11,309.3,312.17,304.65,311.97,377258,0.0
2019-06-12,312.82,313.88,307.26,311.29,726539,0.0
2019-06-13,312.08,312.08,305.02,305.87,808446,0.0
2019-06-16,306.66,306.66,282.4,288.68,2269993,0.0
2019-06-17,293.23,297.05,288.95,290.02,841892,0.0
2019-06-18,290.3,298.17,287.13,297.02,531094,0.0
2019-06-19,302.03,302.03,294.3,295.57,616590,0.0
2019-06-20,294.91,294.91,283.15,283.59,1229965,0.0
2019-06-23,283.5,286.75,279.46,282.15,922777,0.0
2019-06-24,282.27,283.87,274.86,276.02,831079,0.0
2019-06-25,277.24,277.24,267.36,268.08,1432621,0.0
2019-06-26,269.08,273.42,268.29,269.94,884970,0.0
2019-06-27,269.5,274.17,263.7,273.67,1068860,0.0
2019-06-30,280.64,283.33,271.245,271.67,1128033,0.0
2019-07-01,272.65,276.22,269.57,270.87,774275,0.0
2019-07-02,272.33,277.47,271.38,275.24,458567,0.0
2019-07-04,274.11,276.94,268.66,273.37,561625,0.0
2019-07-07,270.5,273.89,268.8895,272.24,438821,0.0
2019-07-08,269.63,275.92,269.63,275.38,403228,0.0
2019-07-09,278.2,287.95,278.2,286.66,928831,0.0
2019-07-10,290,290.78,280.15,282.57,554654,0.0
2019-07-11,282.6,285.17,278.725,283.92,469931,0.0
2019-07-14,283.57,286.91,280.56,284.33,447344,0.0
2019-07-15,284.65,284.9,279.99,281.17,326417,0.0
2019-07-16,281.68,286.28,281,283.96,468931,0.0
2019-07-17,283.47,288.81,281.51,283.28,781847,0.0
2019-07-18,284.57,288.36,280,281.25,679661,0.0
2019-07-21,281.43,283.26,274.01,274.32,750287,0.0
2019-07-22,274.88,276.14,269.2942,272.98,838829,0.0
2019-07-23,272,279.95,270.112,275.24,1300981,0.0
2019-07-24,219.28,219.71,197.11,200.37,9143569,0.0
2019-07-25,203.26,203.52,195.71,198.85,2788622,0.0
2019-07-28,199.18,199.64,189.64,195.97,2988600,0.0
2019-07-29,194.65,204.05,194.02,203.32,2091857,0.0
2019-07-30,208,214.5,206.27,208.96,2813064,0.0
2019-07-31,209.09,209.99,200.2601,202.34,1728879,0.0
2019-08-01,201.55,205,198.68,199.39,1349240,0.0
2019-08-04,194.4,194.4,186.29,188.36,2096548,0.0
2019-08-05,189.07,192.33,186.51,188.49,1119858,0.0
2019-08-06,186.13,186.13,181.95,183.89,1868090,0.0
2019-08-07,185.2,189.75,185.2,188.27,1007322,0.0
2019-08-08,186.14,189.37,183.06,183.3,788368,0.0
2019-08-11,181.26,182.77,178.6,179.62,1005809,0.0
2019-08-12,178.97,183.8,178.6295,182.01,769621,0.0
2019-08-13,179.22,179.86,174.09,174.3,1029542,0.0
2019-08-14,175.61,176.7799,172.62,174.37,897813,0.0
2019-08-15,175.93,178.34,175.46,177.221,981089,0.0
2019-08-18,180,181.33,176.59,177.63,1000463,0.0
2019-08-19,177.24,178.16,174.3,174.417,718527,0.0
2019-08-20,176.07,177.515,175.02,176.48,587930,0.0
2019-08-21,177.91,181.41,177.4502,178.97,851081,0.0
2019-08-22,177.84,179.15,173.8,175.03,1002588,0.0
2019-08-25,177.17,179.075,173.3,175.19,715416,0.0
2019-08-26,175.92,177.2367,173.06,173.8,600419,0.0
2019-08-27,172.5,178.825,172.11,177.2558,898805,0.0
2019-08-28,178.46,181.25,178.3,179.95,946057,0.0
2019-08-29,182,186.21,180.5535,183.11,1474318,0.0
2019-09-02,182.23,182.5,177.25,177.91,1704265,0.0
2019-09-03,180.35,180.72,174.24,176.42,1143182,0.0
2019-09-04,178.73,182.36,176.86,177,1108541,0.0
2019-09-05,178.65,179.13,174.38,175.07,1358005,0.0
2019-09-08,175.93,176.2,169.84,173.25,1655829,0.0
2019-09-09,172.89,179.35,171.32,177.8,1796026,0.0
2019-09-10,177.9,181.85,175.27,179.77,1058207,0.0
2019-09-11,181.65,184.55,174.06,174.61,1526250,0.0
2019-09-12,176.03,179.49,175,177.39,1077529,0.0
2019-09-15,176.46,179.5407,176.16,179.39,931728,0.0
2019-09-16,179.37,180.645,177.39,177.69,513158,0.0
2019-09-17,177.59,178.015,171.8465,175.8,801659,0.0
2019-09-18,176,180.89,175.75,180.26,1029741,0.0
2019-09-19,180.8,188.157,179.5,186.54,2505158,0.0
2019-09-22,186.37,186.83,182.51,183.92,1151390,0.0
2019-09-23,185.18,186.57,182.24,183.07,1568075,0.0
2019-09-24,184.51,184.51,180.37,183.72,740380,0.0
2019-09-25,183.27,185,176.63,178.99,1036282,0.0
2019-09-26,179.59,181.8382,175.175,175.72,626712,0.0
2019-09-29,176.51,181.85,176.51,180.95,734483,0.0
2019-09-30,181.22,183.34,179.53,182.3,1041834,0.0
2019-10-01,181.44,182,176.3587,179.75,876516,0.0
2019-10-02,179.9,184.86,175.52,184.76,688597,0.0
2019-10-03,184.59,187.67,180.115,181.58,1549558,0.0
2019-10-06,177.85,186.49,177.18,184.51,1571405,0.0
2019-10-07,183.43,186.07,181.2574,184.31,1454654,0.0
2019-10-08,186.08,191.56,185.65,189.17,2229539,0.0
2019-10-09,189.25,194.19,189.165,194.05,1513912,0.0
2019-10-10,195.51,202.52,194,200.31,3041411,0.0
2019-10-13,201.375,206.7,200.16,205.15,1971514,0.0
2019-10-14,208.02,209.48,205.06,209.19,1914462,0.0
2019-10-15,208.98,212.65,208.1,211.64,1533953,0.0
2019-10-16,212.23,215.2,209.22,213.92,1560551,0.0
2019-10-17,214.68,216.43,210.28,213.96,1987453,0.0
2019-10-20,214.61,215.6,209.6,210.05,1258017,0.0
2019-10-21,210.98,215.6,207.03,213.6,1085448,0.0
2019-10-22,213.19,218.14,210.73,217.26,1031968,0.0
2019-10-23,237.3,251.7,233.41,249.47,3825792,0.0
2019-10-24,245.84,246.395,240.23,243.36,1069259,0.0
2019-10-27,243.36,253.45,241.76,250.36,1084142,0.0
2019-10-28,250.04,257.63,248.26,256.11,999370,0.0
2019-10-29,255.65,255.65,247.54,252.55,764019,0.0
2019-10-30,251.32,253.41,246.16,252.45,631119,0.0
2019-10-31,254.31,261.874,253.0201,256.84,852280,0.0
2019-11-03,258.25,260.17,255.1101,258.82,741898,0.0
2019-11-04,258.87,260.2,255.15,257.8,756515,0.0
2019-11-05,257.83,260.49,255.1138,256.17,867221,0.0
2019-11-06,257.76,261.6,253.33,259,761812,0.0
2019-11-07,258.18,261.28,255.65,260.02,582636,0.0
2019-11-10,258.69,260.72,257.51,258.66,477115,0.0
2019-11-11,258.42,262.5,257.0661,258.9,488610,0.0
2019-11-12,257.32,261,255.27,259.63,347270,0.0
2019-11-13,260.26,262.025,259.0006,260.49,352456,0.0
2019-11-14,260.48,265.24,259.2,263.98,552145,0.0
2019-11-17,266.6,269.43,265,268.61,743012,0.0
2019-11-18,269.6,272.86,266.22,271.68,546125,0.0
2019-11-19,269.84,271.39,264.9595,268.9,530308,0.0
2019-11-20,269,273,267.43,272.14,426509,0.0
2019-11-21,271.07,275.74,268.7,274.4,558177,0.0
2019-11-24,276,279.88,275.03,278.19,592893,0.0
2019-11-25,277.67,281.57,277.2,277.85,419577,0.0
2019-11-26,279.01,280.72,278.08,279.61,393739,0.0
2019-11-28,278.85,279.8,276.025,277.35,209586,0.0
2019-12-01,276.54,278.99,269.54,274.47,534056,0.0
2019-12-02,271.12,276.6,266.11,276.43,441895,0.0
2019-12-03,277.26,279.5,275.82,277.7,356928,0.0
2019-12-04,279.02,279.045,273.57,274.53,385789,0.0
2019-12-05,276.45,278.49,274.11,275.73,531587,0.0
2019-12-08,275.21,277.205,273.18,273.3,376534,0.0
2019-12-09,273.05,274.16,269.5,273.64,422490,0.0
2019-12-10,273.85,278.925,273.13,275.22,456252,0.0
2019-12-11,275.9,276.34,266.29,268.4,851104,0.0
2019-12-12,268.15,268.15,257.43,266.19,877832,0.0
2019-12-15,267.34,271.98,267.34,270.01,614358,0.0
2019-12-16,269.68,270.29,266.75,268.29,537820,0.0
2019-12-17,269.48,274.03,269.06,272.62,574935,0.0
2019-12-18,272.18,276.94,271.01,273.77,479225,0.0
2019-12-19,275.32,275.32,270.1507,273.03,748968,0.0
2019-12-22,273.38,278.805,272.07,278.14,476003,0.0
2019-12-23,276.92,278.82,274.62,277.67,182681,0.0
2019-12-25,277.43,279.538,276.16,278.22,200858,0.0
2019-12-26,278.75,279.9,275.21,277.8,260689,0.0
2019-12-29,277.83,279.33,274.71,275.63,328604,0.0
2019-12-30,275.17,280.68,275.14,279.075,442572,0.0
2020-01-01,281.2,284.14,278.61,283.67,654156,0.0
2020-01-02,279.1,282.02,278.68,280.44,416886,0.0
2020-01-05,276.68,286.18,276.405,285.98,685387,0.0
2020-01-06,285.92,286.45,281.47,283.04,444720,0.0
2020-01-07,284.14,287.69,281,286.01,481791,0.0
2020-01-08,290.77,301.65,290,296.6061,1241841,0.0
2020-01-09,297.21,299.065,292.63,293.4,452665,0.0
2020-01-12,298.2,299.87,293.07,298.03,416102,0.0
2020-01-13,286.18,294.91,282.01,287.64,976352,0.0
2020-01-14,285.69,287.255,269.46,274.31,1450599,0.0
2020-01-15,271.84,285.24,271.84,284.97,878971,0.0
2020-01-16,285.69,287.77,278.64,280.7,719660,0.0
2020-01-20,280.56,282,272.29,273.22,1464575,0.0
2020-01-21,274.89,281.8,274.89,279.34,1212550,0.0
2020-01-22,280.01,280.01,269.61,270.78,1786322,0.0
2020-01-23,272.11,278.3874,269.43,269.98,1757415,0.0
2020-01-26,264,264.42,252.5,260.99,941703,0.0
2020-01-27,265.81,268.68,262.56,267.75,608715,0.0
2020-01-28,266.19,268.45,261.51,262.22,1180095,0.0
2020-01-29,248.74,264.45,248.35,262.91,1714822,0.0
2020-01-30,260.96,261.49,251.5184,256.93,1119828,0.0
2020-02-02,257.5,259.615,251.88,253.01,983611,0.0
2020-02-03,256.93,257.86,254.12,256.6,772057,0.0
2020-02-04,260.05,269.34,258,267.53,991238,0.0
2020-02-05,267.99,267.99,261.44,266.9,500864,0.0
2020-02-06,265,265,258.09,258.43,523040,0.0
2020-02-09,257.75,259.35,253.21,258.9,727421,0.0
2020-02-10,259.51,265.845,259.03,264.39,534642,0.0
2020-02-11,265.18,276.105,265.18,273.63,778293,0.0
2020-02-12,271.11,275.2,265.47,272.96,476200,0.0
2020-02-13,274.25,277.48,270.03,274.88,688102,0.0
2020-02-17,274,274,264.7,269.825,613222,0.0
2020-02-18,271.26,277.68,271.26,277.1,443723,0.0
2020-02-19,277.24,277.24,270,272.45,532586,0.0
2020-02-20,270.8,270.8,258.5,260.25,694426,0.0
2020-02-23,245.36,248.99,238.5,240.18,1304360,0.0
2020-02-24,241.45,242.5109,229.25,229.6,1054652,0.0
2020-02-25,232.69,236.685,226.75,227.6,623391,0.0
2020-02-26,222.25,234.4,217.07,223.67,947972,0.0
2020-02-27,215.33,220.4699,211.01,218.49,1472273,0.0
2020-03-01,218.91,230.49,212.94,230.46,1211520,0.0
2020-03-02,229.44,238.68,222,224.55,986646,0.0
2020-03-03,228.32,234.99,225.1415,234.67,802024,0.0
2020-03-04,229.54,236.58,226.52,230.69,999872,0.0
2020-03-05,220,226.58,218.8,225.04,843321,0.0
2020-03-08,205.4337,221.5,202.95,216.78,2309734,0.0
2020-03-09,221.56,229.67,216.85,228.16,916200,0.0
2020-03-10,221.43,223.15,199.46,202.16,1495303,0.0
2020-03-11,182.23,194.4,174.565,180.01,1735063,0.0
2020-03-12,190,195.97,179.05,195.85,1101203,0.0
2020-03-15,170.65,172.904,161.38,161.39,1393880,0.0
2020-03-16,165.43,171.68,147.08,169.25,3525920,0.0
2020-03-17,158.79,163.825,135,146.26,1378013,0.0
2020-03-18,141.29,146.79,127.88,141.94,1773066,0.0
2020-03-19,144.95,157.94,142.62,144.84,1605189,0.0
2020-03-22,146.25,148.66,133,137.72,1518483,0.0
2020-03-23,149.53,165.8,146.54,165.36,1331452,0.0
2020-03-24,170.37,194.48,168.01,183.82,1963279,0.0
2020-03-25,182.9,200.62,182.495,191.71,1422587,0.0
2020-03-26,181,182.01,173.39,177.06,1061046,0.0
2020-03-29,174.69,180.79,170.33,179.95,1121659,0.0
2020-03-30,177.99,182.5449,169.76,173.94,899797,0.0
2020-03-31,164.09,170.62,153.19,157.18,1429958,0.0
2020-04-01,155.07,160.7,150.38,152.06,2426586,0.0
2020-04-02,151.37,158.96,151.37,154.19,1194827,0.0
2020-04-05,167.05,177.88,164.04,176.75,1390205,0.0
2020-04-06,189.7,194.745,172.44,174.55,1353311,0.0
2020-04-07,176.84,185.94,174.43,184.42,1690832,0.0
2020-04-08,183.87,197.99,181.86,193.18,1635606,0.0
2020-04-12,189.34,190.43,178.9,185.72,993647,0.0
2020-04-13,189.53,193.44,187.0351,190,1530681,0.0
2020-04-14,182.11,186.87,181.17,183.95,1509657,0.0
2020-04-15,185.77,187.57,178.7,180.19,3018401,0.0
2020-04-16,188.37,193.38,183.9901,193,5001986,0.0
2020-04-19,189.77,205,188.39,196.71,3812595,0.0
2020-04-20,191.08,193.82,184.67,187.2,2956130,0.0
2020-04-21,190.9,197.255,187.64,190.02,3852446,0.0
2020-04-22,190.34,195.99,187.755,188.57,1939615,0.0
2020-04-23,189.71,194.22,186.65,191.97,2167295,0.0
2020-04-26,193.45,196.99,192.41,196.52,1782732,0.0
2020-04-27,201.52,207.95,198.25,203.5,1360109,0.0
2020-04-28,206.41,227.44,205.6,220.6,3968350,0.0
2020-04-29,215,219.94,206.404,214.96,2281297,0.0
2020-04-30,208.08,209.0248,201.01,203.26,2408822,0.0
2020-05-03,199.4,210.31,197.135,210.13,1044578,0.0
2020-05-04,214.81,219.9873,207.58,208.61,2350734,0.0
2020-05-05,210.31,218.58,209.02,215.92,976917,0.0
2020-05-06,218.41,221.99,210.5,213.59,2407168,0.0
2020-05-07,217.29,217.76,207.02,209.96,780007,0.0
2020-05-10,207.71,217.65,206.43,214.31,850739,0.0
2020-05-11,216.37,216.64,206.47,206.47,1995842,0.0
2020-05-12,204.19,205.07,197.54,201.17,1113408,0.0
2020-05-13,196.66,206.26,195.56,206.16,814616,0.0
2020-05-14,201.08,205.645,199.56,203.69,841398,0.0
2020-05-17,213.25,234.34,210,229.24,3463102,0.0
2020-05-18,229.42,229.98,224.29,224.36,1071866,0.0
2020-05-19,227.98,240.722,226.15,236.345,2527126,0.0
2020-05-20,235,240.09,232.23,236.08,1459168,0.0
2020-05-21,237.23,245.5013,235.35,243.73,1698842,0.0
2020-05-25,252.3,255.65,244.65,247.93,1055123,0.0
2020-05-26,251.36,252.36,238.44,251.38,989202,0.0
2020-05-27,253.08,254.98,248.0101,249.23,758426,0.0
2020-05-28,247.67,252.85,242.6,246.11,1933950,0.0
2020-05-31,247.34,250.85,243.8,250.55,1504962,0.0
2020-06-01,253.09,263.82,251,263.78,2266404,0.0
2020-06-02,265,272.94,263.13,268.34,1633404,0.0
2020-06-03,268.11,271,258.83,260.04,1584930,0.0
2020-06-04,267.85,288.875,267.05,288.24,1745940,0.0
2020-06-07,286.31,292.0399,285.21,289.96,1055535,0.0
2020-06-08,286,287.5056,279.42,279.82,2431844,0.0
2020-06-09,280,283.9099,266.61,267.59,2277040,0.0
2020-06-10,254.44,255,237.2401,238.215,1473438,0.0
2020-06-11,250.64,257.34,248.37,248.675,1056022,0.0
2020-06-14,244.96,259.83,241.5732,258.99,1298342,0.0
2020-06-15,268.23,273.83,260.02,264.79,731155,0.0
2020-06-16,269.1,269.1,261.12,262.25,830506,0.0
2020-06-17,261.09,268,258.39,264.61,668092,0.0
2020-06-18,269.06,271.06,257.045,261,1544293,0.0
2020-06-21,261.85,262.43,255.79,260.71,482318,0.0
2020-06-22,263.11,268.8799,262.965,267.43,575034,0.0
2020-06-23,261.97,265.57,253.29,257.76,925061,0.0
2020-06-24,255.44,258.31,251.11,257.44,571918,0.0
2020-06-25,258.03,265.9,254.69,263.39,1029017,0.0
2020-06-28,265.34,268,259.16,266.47,503621,0.0
2020-06-29,266.67,275.81,264.37,274.44,745533,0.0
2020-06-30,275.95,280.605,272.56,273.89,580788,0.0
2020-07-01,279.15,285.6,276.65,280.07,638421,0.0
2020-07-05,284.15,288.13,279.9401,282.46,629442,0.0
2020-07-06,281.88,284.49,274.41,274.88,383315,0.0
2020-07-07,274.35,279.29,272.25,278.54,445864,0.0
2020-07-08,278.67,279.81,268.77,274.3,542131,0.0
2020-07-09,273.6,274,269.93,273.29,731044,0.0
2020-07-12,274.93,279.46,269.45,270.36,585991,0.0
2020-07-13,269.04,299.96,267.63,299.62,1492433,0.0
2020-07-14,303.52,321.49,302,314.48,1797759,0.0
2020-07-15,308.81,313.7696,305.87,309.205,582087,0.0
2020-07-16,312.83,326.36,310.3326,322.36,935436,0.0
2020-07-19,310.47,315.46,309.0391,313.04,847238,0.0
2020-07-20,316.12,319.2,312.19,315.5,648609,0.0
2020-07-21,315,319.5,312.49,317.71,688245,0.0
2020-07-22,305.5,314.4,296.73,299.34,1567302,0.0
2020-07-23,298.06,303.3,293.93,298.22,766376,0.0
2020-07-26,296.4,309.46,294.57,308.76,600533,0.0
2020-07-27,307.87,308.47,299.06,299.44,400663,0.0
2020-07-28,299.07,306.49,299.07,300.06,743840,0.0
2020-07-29,296.83,296.83,289.73,295.83,714011,0.0
2020-07-30,297.43,297.6,288.5301,294.01,471143,0.0
2020-08-02,296.01,297.7505,287,287.25,443409,0.0
2020-08-03,286.65,289.29,279.83,288.37,768704,0.0
2020-08-04,289.7,299.66,287.23,298.48,665657,0.0
2020-08-05,294.52,301.9,292.34,301.81,544605,0.0
2020-08-06,301.1,309.1,299.99,305.95,767465,0.0
2020-08-09,306.43,307.065,298.86,302.91,428310,0.0
2020-08-10,304.95,311.43,302.6,303.83,646665,0.0
2020-08-11,306.27,309.75,303.875,307.89,294939,0.0
2020-08-12,308.56,316.28,306.99,312.11,407882,0.0
2020-08-13,311.01,312.89,305.715,306.92,288884,0.0
2020-08-16,310.67,314.89,308.815,309.29,509436,0.0
2020-08-17,310.87,311,304.5807,306,380163,0.0
2020-08-18,307.48,308.45,301.07,301.5,346821,0.0
2020-08-19,300,302.1,295.23,297.37,388511,0.0
2020-08-20,296.27,299.84,293.63,294.29,387715,0.0
2020-08-23,297.31,303.35,293.13,295.44,564957,0.0
2020-08-24,296.03,297.265,289.515,296.85,514910,0.0
2020-08-25,294.12,301.93,291.23,300.63,592936,0.0
2020-08-26,300.27,310.35,299.26,305.82,700605,0.0
2020-08-27,306,306.24,299.8,300.23,350319,0.0
2020-08-30,300.21,300.94,295.03,296.64,404892,0.0
2020-08-31,297.1,307.25,293.33,305.17,628351,0.0
2020-09-01,307.72,324.88,306.635,324.42,776031,0.0
2020-09-02,324.45,325,310.68,314.67,712083,0.0
2020-09-03,318,318,299.33,308.96,771971,0.0
2020-09-07,299.99,313.8146,299.03,309.22,810925,0.0
2020-09-08,310.07,328.84,310.07,323.89,874945,0.0
2020-09-09,331.11,333.065,325.495,327.95,914562,0.0
2020-09-10,328.95,333,314,317.73,623550,0.0
2020-09-13,319.49,326.595,319.49,323.53,342684,0.0
2020-09-14,326.93,339.58,324.73,335.21,646901,0.0
2020-09-15,338.23,340.29,328.74,330,526234,0.0
2020-09-16,323.37,329.26,319.02,328.16,502138,0.0
2020-09-17,329.6,333.13,314.97,320.84,677282,0.0
2020-09-20,314.79,322.56,302.04,322.53,553982,0.0
2020-09-21,326.76,327.02,313.98,322.09,393687,0.0
2020-09-22,322.04,325,307.38,308.02,482618,0.0
2020-09-23,306.15,316.43,297.44,311.89,686342,0.0
2020-09-24,310.03,320.95,307.17,317.93,382091,0.0
2020-09-27,324.93,328.78,320.99,322.86,423904,0.0
2020-09-28,323.9,328.92,320,320.17,368484,0.0
2020-09-29,321.32,332.88,320.29,327.33,434052,0.0
2020-09-30,332.345,332.345,313.86,317.9,732933,0.0
2020-10-01,312.01,319.13,310.03,314.66,431601,0.0
2020-10-04,317.63,320.31,312.72,319.53,529730,0.0
2020-10-05,323.285,327.9127,315.24,316.08,374464,0.0
2020-10-06,320.4,327.0947,320.4,323.41,409179,0.0
2020-10-07,325.59,328.56,321.86,327.41,291788,0.0
2020-10-08,331.39,331.855,325.18,328.68,293138,0.0
2020-10-11,334.85,339.77,330.9,335.74,442793,0.0
2020-10-12,334.48,336.26,329.015,330.68,424481,0.0
2020-10-13,333.53,337.2,328.39,333.11,459056,0.0
2020-10-14,330.11,338.12,330,336.67,472778,0.0
2020-10-15,338.89,343,335.075,336.7,417132,0.0
2020-10-18,339,343.21,322.87,326.85,516271,0.0
2020-10-19,330.14,339.68,327.91,334.67,478125,0.0
2020-10-20,334.2,338.675,329.1,335,484525,0.0
2020-10-21,424.32,459,424,453.23,4901907,0.0
2020-10-22,451.34,470.43,444.77,469.96,1772532,0.0
2020-10-25,462.7339,475.37,447.93,454.28,1405768,0.0
2020-10-26,455.35,469.91,450.92,455,684713,0.0
2020-10-27,447.81,450.475,439,439.07,667015,0.0
2020-10-28,436.6,442.86,428.88,436.56,623137,0.0
2020-10-29,432,435.9,417.36,426.08,602254,0.0
2020-11-01,432.1,458.43,430.3683,458.43,1113177,0.0
2020-11-02,460.23,465.66,453.16,465,643505,0.0
2020-11-03,472.23,484.5,471.01,483.49,805257,0.0
2020-11-04,486.47,498.6687,486.47,491.91,760073,0.0
2020-11-05,490.45,491.5,476.12,477.85,547112,0.0
2020-11-08,501,507.05,476.79,476.99,704815,0.0
2020-11-09,484.48,484.48,457.605,464.15,555157,0.0
2020-11-10,464.7,469.59,456.475,461.69,426353,0.0
2020-11-11,455.72,464.85,449.03,452.3,521288,0.0
2020-11-12,455.77,461.17,452.25,457.73,258437,0.0
2020-11-15,463.24,466.75,450.89,457.6,398399,0.0
2020-11-16,452,456.405,444.75,451.73,460854,0.0
2020-11-17,449.06,455.15,442.87,444.62,427916,0.0
2020-11-18,443.54,447.14,439.71,440.76,356788,0.0
2020-11-19,443.39,452.565,439.86,446.18,480504,0.0
2020-11-22,452.15,479.54,449.465,476.72,711175,0.0
2020-11-23,483.01,486,465.46,475,473338,0.0
2020-11-24,470.69,474.6089,465.76,474.27,295047,0.0
2020-11-26,470.92,477.17,468.14,475.53,205941,0.0
2020-11-29,472.4,483.8775,471.31,481.29,498704,0.0
2020-11-30,487.46,508.96,485.6,500.12,1016546,0.0
2020-12-01,496.57,507.64,491.785,505.48,506364,0.0
2020-12-02,506.24,516.295,505.305,511.87,512604,0.0
2020-12-03,511.96,524.88,510.32,521.85,584375,0.0
2020-12-06,521.9,524.61,515.5,518.39,410859,0.0
2020-12-07,516.75,518.17,509.27,516.2,379937,0.0
2020-12-08,516.24,520.88,507.305,509.01,355868,0.0
2020-12-09,506.89,511.32,499.5739,508.39,313203,0.0
2020-12-10,507,509.5,498.255,507,231957,0.0
2020-12-13,510.9,522.34,502.31,503.59,341221,0.0
2020-12-14,511.8,519.06,502.6,515.93,291083,0.0
2020-12-15,511.08,520.38,510.27,516.3301,229193,0.0
2020-12-16,522,527.25,516.95,526.22,286317,0.0
2020-12-17,533.01,535,521.65,529.64,443299,0.0
2020-12-20,518.09,531.6049,513.34,530.12,270237,0.0
2020-12-21,531.99,536.6,527.6,536.6,263467,0.0
2020-12-22,540.52,543.654,524.99,525.56,242857,0.0
2020-12-23,528.14,529.2139,521.13,528.02,143132,0.0
2020-12-27,532.32,532.74,518.84,520.76,195701,0.0
2020-12-28,524.92,525.77,512.8,520.45,172647,0.0
2020-12-29,522.29,527.9699,519.75,524,204633,0.0
2020-12-30,526.87,535.4,523.33,534.55,236013,0.0
2021-01-03,549.61,560,519.7,525.96,518477,0.0
2021-01-04,526.97,544.07,526.7657,543.4,280762,0.0
2021-01-05,534.33,546.48,531.46,540.88,338988,0.0
2021-01-06,547.78,561.35,544.27,557.76,427001,0.0
2021-01-07,561.63,579.5,559,570.46,401035,0.0
2021-01-10,565.01,566.1,551.8254,557.68,300322,0.0
2021-01-11,552.34,562.39,548.41,552.65,280409,0.0
2021-01-12,551.26,553.76,543.91,551.63,241230,0.0
2021-01-13,546.51,561.12,543.01,554.63,255388,0.0
2021-01-14,553.19,569.655,548,567.23,467460,0.0
2021-01-18,574.72,574.72,545.075,557.41,418576,0.0
2021-01-19,568.84,575.92,560.07,563.9,336887,0.0
2021-01-20,563.97,565.32,543.32,543.81,350902,0.0
2021-01-21,546.85,546.85,531.17,533.72,618662,0.0
2021-01-24,533.39,540.74,510.105,539.5,495993,0.0
2021-01-25,541.27,545,530.06,535.22,430143,0.0
2021-01-26,519.33,527.6869,507.77,510.18,804564,0.0
2021-01-27,509.36,547.57,509.36,536.58,618720,0.0
2021-01-28,525.16,530.545,517.545,524.32,382709,0.0
2021-01-31,539.93,544.745,527.02,543.13,475189,0.0
2021-02-01,551.78,567.825,548.01,558.05,646050,0.0
2021-02-02,557.4938,557.4938,541.17,545.28,601824,0.0
2021-02-03,607.5,634.46,600.95,615.15,1653659,0.0
2021-02-04,622.09,624.54,614.01,619.76,579853,0.0
2021-02-07,622.19,630.04,595.78,602.03,569258,0.0
2021-02-08,601.39,618.84,601.39,614.46,367741,0.0
2021-02-09,618.07,618.07,598.21,605.79,407615,0.0
2021-02-10,611.77,611.77,591.15,599,428987,0.0
2021-02-11,601.86,609.99,595.16,609.73,348262,0.0
2021-02-15,612.69,615.7642,604.07,614.22,299172,0.0
2021-02-16,603.67,611.96,589,599.55,357276,0.0
2021-02-17,596.07,600.09,584.55,594.52,235984,0.0
2021-02-18,595.91,601.93,593.15,599.17,317719,0.0
2021-02-21,590.37,596.89,578.12,579.51,508929,0.0
2021-02-22,563.28,572.61,552.9143,567.97,690450,0.0
2021-02-23,560.13,577.44,553.845,573.73,598641,0.0
2021-02-24,578.87,581.67,547.73,556.1,580775,0.0
2021-02-25,561.46,574.9799,554.2,567.11,910522,0.0
2021-02-28,567.5737,577.8,557.79,565.11,953427,0.0
2021-03-01,565,576.35,558,563.25,785871,0.0
2021-03-02,559,560,525.7731,527.19,726206,0.0
2021-03-03,523.7,535.21,510,521.41,976844,0.0
2021-03-04,525,539.94,504.03,536.39,800302,0.0
2021-03-07,532.28,538.2,494.45,496.07,825103,0.0
2021-03-08,511.16,527.0219,511.16,515.87,628606,0.0
2021-03-09,527.44,534.82,509.21,511.79,481880,0.0
2021-03-10,529.31,544.92,523.9,544.01,603666,0.0
2021-03-11,538.65,538.65,529.225,536.44,342088,0.0
2021-03-14,551.09,560.18,540.61,558.58,658499,0.0
2021-03-15,566.41,566.65,539.11,542.22,416374,0.0
2021-03-16,532.38,546.49,527.26,540.01,507060,0.0
2021-03-17,527.91,533.41,512.25,514.11,702512,0.0
2021-03-18,520.97,533.81,513.02,528.88,602352,0.0
2021-03-21,532.34,538.91,528.19,530.7,320377,0.0
2021-03-22,528.32,531.93,517.18,518.88,411821,0.0
2021-03-23,521,522.49,504.58,506.63,415936,0.0
2021-03-24,502.06,520.24,498,516.88,440564,0.0
2021-03-25,518.81,528.78,511.97,528.285,351331,0.0
2021-03-28,523.19,526.7899,502.23,515.48,450054,0.0
2021-03-29,516.22,526.11,511.13,524.03,281970,0.0
2021-03-30,532,545.21,529.25,542.03,438821,0.0
2021-03-31,546.24,557.15,544,545.05,433720,0.0
2021-04-04,550.33,554.49,544.51,547.95,262968,0.0
2021-04-05,551.54,563.96,547.56,553.82,327128,0.0
2021-04-06,556.01,559.38,545.95,552.78,240626,0.0
2021-04-07,558.87,577.9199,556.82,575.94,749346,0.0
2021-04-08,576.52,592.99,575,592.52,815497,0.0
2021-04-11,593.59,602.07,585.66,601.5,454851,0.0
2021-04-12,602.49,608.02,591.63,595.63,308330,0.0
2021-04-13,595.7,604.165,589.26,595.57,318888,0.0
2021-04-14,598.57,608.2,598.57,606.58,362744,0.0
2021-04-15,607.14,608,599.02,606.33,336492,0.0
2021-04-18,608.31,609.9999,593.67,604.32,329001,0.0
2021-04-19,603.85,604.5,588.29,596.27,317208,0.0
2021-04-20,595.63,618,593.18,616.07,339774,0.0
2021-04-21,621.52,627.525,609.75,615.31,343501,0.0
2021-04-22,616,624.79,616,620.12,336257,0.0
2021-04-25,620.98,625.61,613.55,616.91,331355,0.0
2021-04-26,620.41,625.79,613.73,621.77,303720,0.0
2021-04-27,616.12,623.11,611.65,612.28,435855,0.0
2021-04-28,643.16,647.2,590.44,605.3,1187868,0.0
2021-04-29,597.38,615.75,594.22,595.45,564077,0.0
2021-05-02,598.65,610.12,595.6,599.65,534746,0.0
2021-05-03,594.18,594.18,560.5,582.48,951562,0.0
2021-05-04,587,587.24,568.26,569.07,402907,0.0
2021-05-05,570.08,584.95,560.58,584.44,460287,0.0
2021-05-06,586.08,604,586.08,597.72,620147,0.0
2021-05-09,596.61,596.16,551.28,554.93,726850,0.0
2021-05-10,539.91,570.12,536.23,566.36,692023,0.0
2021-05-11,553.42,557.575,547.51,548.96,497552,0.0
2021-05-12,558.62,559.95,546.02,553.56,350667,0.0
2021-05-13,562.55,572.5,555.975,568.99,273195,0.0
2021-05-16,562.1,567.53,554.97,559.48,309587,0.0
2021-05-17,567.1,582.71,565.51,569.511,505343,0.0
2021-05-18,557.42,572.31,551.01,571.48,451404,0.0
2021-05-19,575,590.53,574.19,587.9,306002,0.0
2021-05-20,593.79,601.385,587.81,591.75,440425,0.0
