Date,Open,High,Low,Close,Volume,OpenInterest
2017-06-01,46.22,46.86,45.9,46.79,8177400,0.0
2017-06-04,46.63,47.24,46.51,46.72,5694513,0.0
2017-06-05,46.57,47.21,46.48,46.57,6712990,0.0
2017-06-06,46.7,47.34,46.62,47.26,6869764,0.0
2017-06-07,47.4,47.47,46.93,47.43,6058837,0.0
2017-06-08,47.62,47.86,43.41,44.74,18151526,0.0
2017-06-11,44.14,44.5,42.316,44.34,18236457,0.0
2017-06-12,44.94,45.5,44.28,44.85,10149817,0.0
2017-06-13,45.08,45.285,43.37,43.98,9457560,0.0
2017-06-14,43.25,43.67,42.83,43.17,10211987,0.0
2017-06-15,43.19,43.9,43.055,43.11,8037666,0.0
2017-06-18,43.7,44.39,43.63,44.27,8151410,0.0
2017-06-19,44.3,44.59,43.3,43.36,7683522,0.0
2017-06-20,43.41,43.82,43.09,43.61,8373348,0.0
2017-06-21,43.69,43.92,43.08,43.34,5427393,0.0
2017-06-22,43.45,44.3,43.41,44.09,6693105,0.0
2017-06-25,44.47,44.65,42.91,43.25,8610934,0.0
2017-06-26,43,43.1,41.83,41.9,11270268,0.0
2017-06-27,41.89,42.775,41.42,42.68,12780766,0.0
2017-06-28,42.35,42.46,40.79,41.44,11019538,0.0
2017-06-29,41.81,42.02,41.09,41.3,7324941,0.0
2017-07-02,41.33,41.96,40.98,41.01,5580467,0.0
2017-07-04,41.28,42.23,41.25,42.12,9494360,0.0
2017-07-05,41.71,42.59,41.56,42.12,10455782,0.0
2017-07-06,42.37,43.795,42.36,43.53,9186239,0.0
2017-07-09,43.6,44.5,43.51,44.22,8885935,0.0
2017-07-10,44.21,45.5,44.04,45.4,12018031,0.0
2017-07-11,45.67,45.98,44.84,45.29,8824609,0.0
2017-07-12,45.28,45.6569,44.9915,45.3,7624766,0.0
2017-07-13,45.38,46.13,45.35,46.1201,6884516,0.0
2017-07-16,46.2,46.45,45.68,46.15,6801766,0.0
2017-07-17,46.02,46.63,45.68,46.62,4830568,0.0
2017-07-18,46.78,47.21,46.7446,47.17,7284789,0.0
2017-07-19,47.08,47.34,46.37,47.26,6558330,0.0
2017-07-20,46.84,47,46.23,46.82,6636201,0.0
2017-07-23,46.67,47.02,46.56,46.79,6898071,0.0
2017-07-24,46.64,46.665,45.85,46.4,6377959,0.0
2017-07-25,46.6,47.47,46.52,47.45,7636904,0.0
2017-07-26,47.5,47.59,45.3,46.03,14816438,0.0
2017-07-27,45.9,46,44.91,45.245,8322862,0.0
2017-07-30,45.43,45.48,44.01,44.32,8942676,0.0
2017-07-31,44.44,44.79,44.015,44.1,8417343,0.0
2017-08-01,44.35,44.44,42.51,42.71,13854781,0.0
2017-08-02,42.7,43.115,42.31,42.71,10236016,0.0
2017-08-03,42.84,43.14,42.36,42.8,5598072,0.0
2017-08-06,42.85,44.045,42.85,43.95,6305970,0.0
2017-08-07,44.05,44.52,43.73,43.9,7606380,0.0
2017-08-08,43.39,44.025,43.06,43.81,4921192,0.0
2017-08-09,43.41,43.58,41.94,42.04,9863901,0.0
2017-08-10,42.08,43.14,41.98,43.09,6686983,0.0
2017-08-13,43.7,44.24,43.59,43.78,7999216,0.0
2017-08-14,43.85,44.35,43.6,43.89,5267914,0.0
2017-08-15,44.32,44.616,43.76,44.465,7181333,0.0
2017-08-16,44.33,44.4,43,43.13,11261579,0.0
2017-08-17,44.77,45.25,43.66,44.3,18648521,0.0
2017-08-20,44.13,44.26,43.0211,43.3,10429541,0.0
2017-08-21,43.62,44.53,43.61,44.44,7591764,0.0
2017-08-22,44.2,44.2,43.83,44.02,7051501,0.0
2017-08-23,44.3,44.31,43.25,43.73,7511500,0.0
2017-08-24,43.79,43.95,43.12,43.31,4845133,0.0
2017-08-27,43.36,43.721,43.36,43.64,4599353,0.0
2017-08-28,43.02,44.19,42.933,44.03,5735030,0.0
2017-08-29,44,45.49,43.99,45.47,7418188,0.0
2017-08-30,45.43,45.47,44.84,45.12,6267295,0.0
2017-08-31,45.19,45.2964,44.76,45.09,4463487,0.0
2017-09-04,44.63,44.96,43.87,44.48,7186760,0.0
2017-09-05,44.7,44.955,44.21,44.735,6745709,0.0
2017-09-06,44.94,45.4,44.59,45.22,6976542,0.0
2017-09-07,45.2,45.25,44.12,44.34,5887182,0.0
2017-09-10,44.89,45.79,44.85,45.58,6813976,0.0
2017-09-11,45.84,46.02,45.37,45.65,6304646,0.0
2017-09-12,46.1,46.42,45.53,46.12,6458844,0.0
2017-09-13,45.98,47.36,45.78,47.06,10462876,0.0
2017-09-14,46.92,47.69,46.87,47.12,10389217,0.0
2017-09-17,47.8,48.5272,47.74,48.04,9574150,0.0
2017-09-18,48.03,48.5,47.58,48.265,7818506,0.0
2017-09-19,48.37,48.37,46.78,47.28,9029405,0.0
2017-09-20,47.31,47.53,46.76,47.14,6406363,0.0
2017-09-21,46.89,47.92,46.84,47.76,4985769,0.0
2017-09-24,47.52,47.64,45.97,46.325,9526261,0.0
2017-09-25,46.56,46.86,45.58,45.92,8036312,0.0
2017-09-26,46.73,49.71,46.68,48.84,18029957,0.0
2017-09-27,48.95,50.88,48.65,50.63,18579377,0.0
2017-09-28,50.59,52.28,50.56,52.1,18108785,0.0
2017-10-01,52.21,52.63,51.62,52.08,13401293,0.0
2017-10-02,52.21,52.36,51.26,51.845,9559488,0.0
2017-10-03,51.74,52,51.15,51.595,6858664,0.0
2017-10-04,51.65,51.74,50.77,51.43,8035119,0.0
2017-10-05,51.2,52.41,51.15,52.38,7290412,0.0
2017-10-08,52.69,53.0434,52.21,52.68,6777565,0.0
2017-10-09,53.05,53.07,51.79,52.59,6957432,0.0
2017-10-10,52.39,53.375,52.3,53.22,6313058,0.0
2017-10-11,53.19,54.13,53.04,53.31,11289328,0.0
2017-10-12,53.53,54.045,53.237,53.95,8200144,0.0
2017-10-15,54.28,55.09,54.28,55.05,8573088,0.0
2017-10-16,54.97,55.28,54.28,55.125,9010433,0.0
2017-10-17,55.29,55.61,54.67,55.34,8297265,0.0
2017-10-18,54.69,55.34,54.15,55.33,6047368,0.0
2017-10-19,55.84,56.235,55.73,56.09,6859564,0.0
2017-10-22,56.49,56.73,55.8,56.38,8959511,0.0
2017-10-23,56.61,56.66,55.86,56.38,5640855,0.0
2017-10-24,56.24,56.38,54.571,55.31,9112551,0.0
2017-10-25,55.66,56.43,55.59,55.91,6301964,0.0
2017-10-26,56.26,56.82,55.5,56.68,9003525,0.0
2017-10-29,56.47,56.6,55.58,55.9,6246047,0.0
2017-10-30,56.08,56.68,55.69,56.43,6173208,0.0
2017-10-31,57,57.3408,55.2,55.72,8705098,0.0
2017-11-01,55.7,56.38,55.11,56.25,5485727,0.0
2017-11-02,56.26,56.55,55.92,56.55,4350090,0.0
2017-11-05,56.69,56.72,55.7,56.32,5736500,0.0
2017-11-06,56.37,57.21,56.31,56.47,6610479,0.0
2017-11-07,56.47,57.13,56.22,56.92,5729139,0.0
2017-11-08,56.48,56.58,54.8008,55.49,8746526,0.0
2017-11-09,55.65,56.51,55.31,56.33,6232996,0.0
2017-11-12,56.39,57.09,56.1,57.02,7040884,0.0
2017-11-13,56.83,56.9,55.8,56.42,6885533,0.0
2017-11-14,56.24,56.54,55.46,55.77,7855164,0.0
2017-11-15,56.36,58,56.26,57.84,12227023,0.0
2017-11-16,60.46,60.89,56.085,56.48,24615267,0.0
2017-11-19,56.66,58.2199,56.66,57.615,11672628,0.0
2017-11-20,58,58.86,58,58.8,8384406,0.0
2017-11-21,58.94,59,57.5,57.68,6323003,0.0
2017-11-23,57.85,58.13,57.67,57.91,3047529,0.0
2017-11-26,56.92,57.33,56.27,56.95,6340952,0.0
2017-11-27,57.06,57.63,56.76,57.34,6060568,0.0
2017-11-28,56.86,57.06,51.59,52.91,22214326,0.0
2017-11-29,53.71,53.755,52.33,52.77,11484822,0.0
2017-11-30,52,52.7154,50.371,51.9,13417195,0.0
2017-12-03,52.06,52.34,49.27,49.77,17267386,0.0
2017-12-04,49.45,51.9,48.25,50.07,18044745,0.0
2017-12-05,49.55,51.269,49.095,51.01,14165850,0.0
2017-12-06,51.69,52.59,51.33,52.29,12881687,0.0
2017-12-07,53,53.79,51.19,51.42,13473166,0.0
2017-12-10,51.57,52.2,50.97,51.62,8275258,0.0
2017-12-11,51.5,51.74,50.41,50.47,8248667,0.0
2017-12-12,50.81,51.08,50.57,50.76,11115296,0.0
2017-12-13,51,51.81,50.57,51.31,7726853,0.0
2017-12-14,51.32,52.88,51.15,52.56,9490477,0.0
2017-12-17,53.22,53.54,52.76,53.41,10944571,0.0
2017-12-18,52.85,53.43,52.33,52.95,8839134,0.0
2017-12-19,54.12,54.25,52.92,53.29,8650786,0.0
2017-12-20,53.18,53.31,51.81,51.9,8176096,0.0
2017-12-21,51.75,52.24,51.3,52.08,5754187,0.0
2017-12-25,51.22,51.43,50.42,51.045,6588387,0.0
2017-12-26,51.34,51.83,50.97,51.68,4922696,0.0
2017-12-27,51.89,52.15,51.501,51.7,4537115,0.0
2017-12-28,51.82,51.94,51.06,51.13,5401609,0.0
2018-01-01,51.74,53.06,51.22,53.04,8250753,0.0
2018-01-02,53.54,54.2779,53.1855,53.93,9225781,0.0
2018-01-03,54.5,54.94,53.98,54.29,8051272,0.0
2018-01-04,54.65,54.91,54.22,54.56,9149039,0.0
2018-01-07,55.01,56.45,54.97,55.92,10444218,0.0
2018-01-08,56.17,56.18,54.04,54.86,11866514,0.0
2018-01-09,54.09,54.11,52.56,53.31,12507439,0.0
2018-01-10,53.47,53.53,52.6199,53.2,9064400,0.0
2018-01-11,53.24,53.9999,53.08,53.43,7498727,0.0
2018-01-15,54.82,55.4,54.01,54.49,11885918,0.0
2018-01-16,55.71,57.52,55.47,57.34,14980671,0.0
2018-01-17,56.75,58.63,56.68,57.39,12308539,0.0
2018-01-18,57.66,57.72,56.22,57.39,8941912,0.0
2018-01-21,57.47,57.53,56.87,57.46,7487826,0.0
2018-01-22,57.83,58.18,57.18,57.78,7273418,0.0
2018-01-23,57.32,57.42,56.36,56.89,9876643,0.0
2018-01-24,58.18,58.73,55.46,55.76,12746823,0.0
2018-01-25,56.42,57.12,55.93,57.11,9033517,0.0
2018-01-28,56.73,56.92,54.82,55.33,10218216,0.0
2018-01-29,54.28,54.33,53.21,53.39,12353428,0.0
2018-01-30,53.68,54.14,52.91,53.64,10029111,0.0
2018-01-31,53.16,54.18,52.93,53.28,7780787,0.0
2018-02-01,52.57,52.79,50.52,50.7,14425045,0.0
2018-02-04,49.98,51.465,48.31,48.31,15020107,0.0
2018-02-05,47.42,50.26,46.4,50.25,17820858,0.0
2018-02-06,49.87,50.58,48.67,48.69,11854813,0.0
2018-02-07,49,49.15,45.74,45.75,16611768,0.0
2018-02-08,46.84,48.5,45.13,48.02,19325963,0.0
2018-02-11,48.94,49.88,48.41,49.49,14056184,0.0
2018-02-12,49.26,49.65,48.5,49.55,11435758,0.0
2018-02-13,49.4,52.12,49.1502,51.9691,17468068,0.0
2018-02-14,52.16,54,50.58,54,23888440,0.0
2018-02-15,53.8,56.09,53.67,55.02,24339052,0.0
2018-02-19,54.74,57.36,54.351,56.67,18098508,0.0
2018-02-20,57.06,57.34,56.08,56.13,14088493,0.0
2018-02-21,56.49,56.98,55.81,56.07,12538945,0.0
2018-02-22,56.49,57.13,56.31,56.999,11241370,0.0
2018-02-25,57.515,58.995,57.34,58.81,12298230,0.0
2018-02-26,58.64,58.9,57.63,57.65,11161638,0.0
2018-02-27,57.9,58.769,57.58,57.58,10135265,0.0
2018-02-28,57.54,58.44,56.12,57.07,14529209,0.0
2018-03-01,55.9,58.14,55.12,58.03,12656100,0.0
2018-03-04,57.31,58.42,57.11,57.63,11426568,0.0
2018-03-05,58.32,60.18,58.1,59.99,17866030,0.0
2018-03-06,59.15,60.09,58.6,59.42,15054780,0.0
2018-03-07,59.75,59.91,59,59.37,9083783,0.0
2018-03-08,59.71,61.76,59.47,61.61,14651260,0.0
2018-03-11,61.91,62.4,60.88,60.97,13667087,0.0
2018-03-12,61.38,62.24,59.485,59.685,13227749,0.0
2018-03-13,59.99,60.71,59.385,60.24,10281042,0.0
2018-03-14,60.35,61.24,59.59,60.28,10430371,0.0
2018-03-15,60.38,60.52,59.2301,59.43,10340675,0.0
2018-03-18,58.82,59.08,57.47,58.5,11204384,0.0
2018-03-19,58.42,59.52,58.32,59.23,6712564,0.0
2018-03-20,59.53,61.57,59.46,60.77,13576384,0.0
2018-03-21,59.67,60.62,58.9,58.98,12586815,0.0
2018-03-22,58.67,58.83,55.37,55.38,16115952,0.0
2018-03-25,57.24,58.52,56.61,58.47,12055056,0.0
2018-03-26,59,59.22,54.84,55.45,13730115,0.0
2018-03-27,55,55.43,53.731,54.05,14283386,0.0
2018-03-28,54.57,56.61,54.19,55.62,9735306,0.0
2018-04-01,55.27,55.53,52.42,52.89,16535679,0.0
2018-04-02,53.5,54.44,53.01,53.98,9018545,0.0
2018-04-03,52.48,55.76,52.29,55.56,10012708,0.0
2018-04-04,55.9,56.21,53.8643,54.3,10665809,0.0
2018-04-05,53.26,53.87,51.92,52.35,12150500,0.0
2018-04-08,52.92,54.9833,52.8,53.01,9518286,0.0
2018-04-09,54.61,55.26,53.8,54.79,8590640,0.0
2018-04-10,54.49,55.9125,54.35,54.96,8133413,0.0
2018-04-11,55.3,56.67,55.16,56.43,7607528,0.0
2018-04-12,56.88,57.04,55.687,56.07,5617513,0.0
2018-04-15,56.44,57.24,56.18,56.88,6672424,0.0
2018-04-16,57.2,58.4,57.17,57.86,8387055,0.0
2018-04-17,56,56.4,54.57,54.73,14945026,0.0
2018-04-18,53.65,54.18,50.8,51.18,20982902,0.0
2018-04-19,51.08,52.04,50.68,51.1,13381233,0.0
2018-04-22,51.53,51.74,49.93,50.19,9777229,0.0
2018-04-23,50.68,51.05,48.18,48.71,14453968,0.0
2018-04-24,48.76,49.47,47.74,49.15,11404335,0.0
2018-04-25,50.02,50.66,49.55,50.5,10154639,0.0
2018-04-26,51.04,51.39,49.235,49.39,9177728,0.0
2018-04-29,49.52,49.95,49.17,49.66,9453456,0.0
2018-04-30,49.74,50.95,49.51,50.9,9623612,0.0
2018-05-01,50.64,51.28,50.37,50.53,8576098,0.0
2018-05-02,50.27,50.91,49.88,50.71,9750643,0.0
2018-05-03,50.39,52.69,50.18,52.56,10535640,0.0
2018-05-06,52.77,52.9,52.15,52.56,8674246,0.0
2018-05-07,52.7,53.49,52.6,53.46,9575586,0.0
2018-05-08,53.53,54.17,53.26,54.15,7689482,0.0
2018-05-09,54.49,55.62,54.32,55.52,8298679,0.0
2018-05-10,55.43,55.89,54.55,54.83,8619210,0.0
2018-05-13,55.77,56.94,55.23,55.26,10782224,0.0
2018-05-14,54.68,54.87,53.48,54.1001,10781620,0.0
2018-05-15,54.55,55.46,54.46,55.16,8473595,0.0
2018-05-16,54.68,54.98,53.46,53.98,15261953,0.0
2018-05-17,50.17,50.46,48.53,49.5052,45491726,0.0
2018-05-20,50.706,51.365,49.37,49.99,18776636,0.0
2018-05-21,50.57,51.33,50,50.24,13133151,0.0
2018-05-22,49.81,50.8,49.73,50.35,12109927,0.0
2018-05-23,50.59,50.91,49.8601,50.77,8739815,0.0
2018-05-24,50.73,51.33,50.4,50.85,9922939,0.0
2018-05-28,51.1,52.25,51.042,52.03,13581907,0.0
2018-05-29,52.33,52.49,51.445,51.58,11268684,0.0
2018-05-30,51.31,51.6099,50.62,50.78,10876720,0.0
2018-05-31,51.3,52.27,51.11,52.26,9642238,0.0
2018-06-03,52.35,52.47,51.89,52.29,7418228,0.0
2018-06-04,52.66,53.23,52.32,52.91,10788498,0.0
2018-06-05,52.93,52.93,52.11,52.53,7949484,0.0
2018-06-06,51.61,51.82,50.4,51.25,14344972,0.0
2018-06-07,50.44,51.215,50.23,51.15,8326054,0.0
2018-06-10,51.14,51.22,49.5648,49.88,16957153,0.0
2018-06-11,50.07,50.875,49.83,50.86,13653757,0.0
2018-06-12,50.3,51.59,50.25,50.97,13674074,0.0
2018-06-13,51.01,51.04,49.62,49.69,13952865,0.0
2018-06-14,49.14,49.7,48.76,49.3,14652251,0.0
2018-06-17,48.88,49,48.15,48.33,11417720,0.0
2018-06-18,47.56,48.81,47.201,48.54,10444854,0.0
2018-06-19,48.75,48.975,48.14,48.58,7484520,0.0
2018-06-20,49.52,49.79,48.6648,48.99,10529694,0.0
2018-06-21,49.35,49.4,47.73,47.94,10224272,0.0
2018-06-24,47,47.325,46.0833,46.79,12357247,0.0
2018-06-25,47.19,47.34,46.555,46.67,12870048,0.0
2018-06-26,46.89,47.19,45.26,45.26,12670141,0.0
2018-06-27,44.94,45.49,44.57,45.295,11592199,0.0
2018-06-28,45.73,46.8161,45.69,46.19,12011861,0.0
2018-07-01,45.1,45.71,44.92,45.68,8031095,0.0
2018-07-02,45.73,45.88,44.74,44.8,6375448,0.0
2018-07-04,45.41,45.68,44.985,45.44,6877811,0.0
2018-07-05,45.46,46.22,44.89,46.14,8221169,0.0
2018-07-08,46.26,46.65,45.515,46.52,8182773,0.0
2018-07-09,46.49,46.92,46.26,46.73,7524585,0.0
2018-07-10,46.06,46.216,44.98,45.21,11746292,0.0
2018-07-11,45.34,45.89,45.34,45.68,7626569,0.0
2018-07-12,45.59,46.23,45.5,46.13,5213145,0.0
2018-07-15,46.04,46.66,45.96,46.32,6184030,0.0
2018-07-16,45.95,47.46,45.95,47.3,7728427,0.0
2018-07-17,48.97,49.15,47.84,48.28,13472732,0.0
2018-07-18,47.71,48,46.56,46.66,9789184,0.0
2018-07-19,46.56,47.095,46.21,46.77,5827371,0.0
2018-07-22,46.3,46.54,45.43,46.42,6206780,0.0
2018-07-23,46.61,47.27,45.83,45.92,6186180,0.0
2018-07-24,45.79,46.07,45.1315,45.96,8232792,0.0
2018-07-25,46,47.305,45.97,47.17,9573242,0.0
2018-07-26,48.63,49.475,47.88,48.31,15808509,0.0
2018-07-29,48.28,48.43,47.61,47.92,8777205,0.0
2018-07-30,48.36,49.06,48.16,48.63,8676350,0.0
2018-07-31,48.89,48.97,47.77,47.97,7561713,0.0
2018-08-01,47.39,48.83,47.11,48.1,8384705,0.0
2018-08-02,48.19,48.86,47.85,48.84,6249255,0.0
2018-08-05,49.08,49.79,48.9,49.4799,7908312,0.0
2018-08-06,49.79,49.97,49.08,49.64,5891070,0.0
2018-08-07,49.6,50.39,49.45,50.18,7810461,0.0
2018-08-08,48.95,49.58,48.16,49.16,8222685,0.0
2018-08-09,48.18,48.66,47.905,48.14,6954691,0.0
2018-08-12,48.06,48.6,47.66,48.26,5375233,0.0
2018-08-13,48.42,48.89,48.23,48.38,5240731,0.0
2018-08-14,47.85,48.1,47.17,47.5,9300224,0.0
2018-08-15,47.99,48.23,47.15,47.45,11046501,0.0
2018-08-16,44.8,44.82,42.6202,43.76,49475357,0.0
2018-08-19,43.8,44.15,43.0201,43.53,14312328,0.0
2018-08-20,43.34,44.23,42.85,43.77,14741321,0.0
2018-08-21,43.52,43.5544,42.97,43,10246205,0.0
2018-08-22,42.81,43.3,42.65,42.78,8418107,0.0
2018-08-23,42.84,43.06,42.52,42.73,7713117,0.0
2018-08-26,42.96,44.2,42.75,43.75,11089933,0.0
2018-08-27,43.23,43.64,42.95,43.4025,12525193,0.0
2018-08-28,43.31,43.38,42.8601,43.09,13004485,0.0
2018-08-29,42.9,43.5,42.89,43.15,7861066,0.0
2018-08-30,43.12,43.3,42.83,43.02,7587011,0.0
2018-09-03,42.84,43,42.045,42.62,13009095,0.0
2018-09-04,42.3,42.58,41.92,42.5,10554356,0.0
2018-09-05,42,42.2,40.24,40.26,20973860,0.0
2018-09-06,40,40.4,39.63,39.86,10406198,0.0
2018-09-09,40.26,40.2803,39.4,39.61,11289554,0.0
2018-09-10,39.03,39.46,38.51,39.19,13133955,0.0
2018-09-11,38.13,38.76,37.39,38.39,13885542,0.0
2018-09-12,38.78,39.145,38.62,38.89,10457869,0.0
2018-09-13,39.05,39.58,38.905,39.09,9218486,0.0
2018-09-16,38.95,39.17,38.64,38.7,10465822,0.0
2018-09-17,38.93,39.5,38.765,39.19,9257729,0.0
2018-09-18,39.38,39.47,38.85,39.04,7991166,0.0
2018-09-19,39.33,39.84,39.285,39.39,11755010,0.0
2018-09-20,39.3102,39.957,39.18,39.63,14955953,0.0
2018-09-23,39.06,39.29,38.86,39.09,9025668,0.0
2018-09-24,39.15,39.23,38.51,38.58,8755047,0.0
2018-09-25,38.3265,38.87,38.24,38.26,9650214,0.0
2018-09-26,38.31,38.74,38.07,38.35,6779415,0.0
2018-09-27,38.28,39.34,38.12,38.65,10982848,0.0
2018-09-30,38.19,38.77,38.05,38.34,8698954,0.0
2018-10-01,38.32,39.36,38.27,38.9,7867735,0.0
2018-10-02,39.15,39.65,38.69,38.92,6063237,0.0
2018-10-03,38.57,38.71,37.5,37.89,9613333,0.0
2018-10-04,37.82,38.05,36.98,37.24,9352407,0.0
2018-10-07,37,37.3,36.31,36.58,8661246,0.0
2018-10-08,36.53,36.58,35.69,35.73,11598561,0.0
2018-10-09,35,35.69,34.09,34.44,20686348,0.0
2018-10-10,34.36,34.8,32.78,32.79,30404240,0.0
2018-10-11,33.85,34.34,33.11,33.69,14674638,0.0
2018-10-14,33.44,33.85,33.05,33.42,9153701,0.0
2018-10-15,33.9,34.8,33.72,34.76,11042168,0.0
2018-10-16,35.85,35.88,34.89,34.96,14208392,0.0
2018-10-17,34.72,34.72,33.77,33.91,9791117,0.0
2018-10-18,34.17,34.81,33.89,34.29,11558366,0.0
2018-10-21,34.39,34.54,33.15,33.53,11916211,0.0
2018-10-22,32.11,33.94,32.11,33.55,14420316,0.0
2018-10-23,33.1,33.61,31.78,31.82,12727925,0.0
2018-10-24,32.21,32.94,32.09,32.64,10895418,0.0
2018-10-25,31.71,32.99,31.57,32.34,11203996,0.0
2018-10-28,32.65,32.75,30.53,31.13,13308777,0.0
2018-10-29,31.2,32.46,31.1,32.43,12975961,0.0
2018-10-30,32.9,33.26,32.22,32.87,11002827,0.0
2018-10-31,32.98,35.445,32.91,35.35,12783978,0.0
2018-11-01,35.81,36.02,34.72,35.26,10083436,0.0
2018-11-04,35.32,35.39,33.75,34.32,7044274,0.0
2018-11-05,34.16,34.92,34.1,34.88,5850685,0.0
2018-11-06,35.26,35.27,34.53,35.26,6171237,0.0
2018-11-07,34.8,35.615,34.75,34.95,7935141,0.0
2018-11-08,34.5,34.63,33.83,34.27,6147777,0.0
2018-11-11,33.73,33.8,32.46,32.6166,8815716,0.0
2018-11-12,32.95,34.06,32.7,33.48,9677077,0.0
2018-11-13,33.8,34.39,33.2,33.58,8753019,0.0
2018-11-14,33.32,35.5,33.24,35.0246,13762837,0.0
2018-11-15,32.15,35.82,32.07,35.4,26657427,0.0
2018-11-18,35.24,35.67,34.28,34.43,13731773,0.0
2018-11-19,33.34,36.92,33.14,35.77,24457788,0.0
2018-11-20,36.17,36.34,35.125,35.2,11148119,0.0
2018-11-22,34.86,35.61,34.8,35.05,4830183,0.0
2018-11-25,35.57,36.05,35.13,36,9754723,0.0
2018-11-26,35.65,36.6,35.3726,36.01,10412212,0.0
2018-11-27,36.36,37.13,35.55,37.12,10884741,0.0
2018-11-28,36.79,37.09,36.28,36.54,7275581,0.0
2018-11-29,36.47,37.28,36.33,37.25,10376956,0.0
2018-12-02,38.3,38.6414,37.78,38.36,12231910,0.0
2018-12-03,38,38.065,35.1533,35.42,18720170,0.0
2018-12-05,34.63,34.8762,33.98,34.69,15760293,0.0
2018-12-06,34.45,34.83,33.59,33.65,11762532,0.0
2018-12-09,33.64,34.31,33.45,34.17,9815398,0.0
2018-12-10,34.76,35.38,33.96,34.01,10964149,0.0
2018-12-11,34.59,34.99,33.95,34.21,8549623,0.0
2018-12-12,34.45,34.56,33.535,33.695,8594525,0.0
2018-12-13,33.19,33.51,32.63,32.64,9730939,0.0
2018-12-16,32.52,33.7622,32.515,32.66,10321228,0.0
2018-12-17,33.07,34.315,32.89,33.27,11594949,0.0
2018-12-18,32.73,33.76,31.36,31.53,13378095,0.0
2018-12-19,31.9,32.25,30.78,30.9,14859937,0.0
2018-12-20,30.89,31.83,30.25,30.3,17797189,0.0
2018-12-23,30,30.32,28.96,28.99,9506796,0.0
2018-12-25,29.38,30.67,28.79,30.67,11887981,0.0
2018-12-26,30.22,31.56,30.1225,31.555,9929523,0.0
2018-12-27,31.66,33.06,31.66,32.325,11405904,0.0
2018-12-30,32.71,33,32.2,32.56,7901070,0.0
2019-01-01,32.04,33.79,32.0025,33.46,9930122,0.0
2019-01-02,32.73,33.25,31.53,31.58,19053844,0.0
2019-01-03,32.26,33.85,32.21,33.685,13342709,0.0
2019-01-06,33.8,34.7965,33.635,34.33,8952682,0.0
2019-01-07,34.7199,34.7199,32.67,32.915,10986646,0.0
2019-01-08,33.32,34.84,33.29,34.265,10187354,0.0
2019-01-09,34.08,34.82,33.89,34.755,6175412,0.0
2019-01-10,34.42,35.315,34.19,34.755,5594070,0.0
2019-01-13,34.34,34.34,33.41,33.93,6679210,0.0
2019-01-14,34.09,34.325,33.4,33.7101,5594505,0.0
2019-01-15,33.92,34.27,33.56,33.665,5531187,0.0
2019-01-16,33.5,34.71,33.25,34.5199,8639417,0.0
2019-01-17,34.96,36.32,34.63,35.625,9879369,0.0
2019-01-21,35.32,35.37,34.12,34.33,7593719,0.0
2019-01-22,34.71,34.94,33.705,34.345,8190186,0.0
2019-01-23,36.18,37.915,36.01,37.8301,19124681,0.0
2019-01-24,38.53,39.48,38.31,39.16,15823546,0.0
2019-01-27,37.62,38.95,37.52,38.74,10327913,0.0
2019-01-28,39.27,39.35,37.84,38.29,7662188,0.0
2019-01-29,38.61,40,38.49,39.595,10691500,0.0
2019-01-30,39.28,39.75,38.72,39.1,9115545,0.0
2019-01-31,39.08,39.97,39.08,39.315,9526831,0.0
2019-02-03,39.16,39.31,38.45,38.855,10925578,0.0
2019-02-04,38.88,39.29,38.6,39.11,11828585,0.0
2019-02-05,39.29,40.71,39.2,40.25,19467914,0.0
2019-02-06,39.73,40.325,39.56,39.885,12004345,0.0
2019-02-07,39.3,39.76,38.73,39.73,8622764,0.0
2019-02-10,39.97,40.19,39.33,39.895,9011759,0.0
2019-02-11,40.38,40.8895,40.28,40.745,7763871,0.0
2019-02-12,40.96,41.235,40.7199,40.88,7479933,0.0
2019-02-13,40.7,41.22,40.51,40.79,11487679,0.0
2019-02-14,40,40.2,38.59,39.125,20560312,0.0
2019-02-18,39,39.71,39,39.285,10711245,0.0
2019-02-19,39.15,39.36,38.88,39,8563867,0.0
2019-02-20,39,39.26,38.5334,38.84,6423636,0.0
2019-02-21,38.89,39.44,38.8,39.43,6842110,0.0
2019-02-24,39.92,40.08,39.62,39.66,6691129,0.0
2019-02-25,39.53,39.87,39.4827,39.59,5394565,0.0
2019-02-26,39.3,39.3199,38.3,38.79,13121237,0.0
2019-02-27,38.48,38.61,37.92,38.33,8192391,0.0
2019-02-28,38.66,38.94,38.06,38.56,6804905,0.0
2019-03-03,38.97,40.18,38.41,39.08,18974166,0.0
2019-03-04,39.18,39.25,38.76,38.93,10339819,0.0
2019-03-05,38.88,38.94,37.66,38.07,10748453,0.0
2019-03-06,37.95,37.95,37.05,37.57,8909289,0.0
2019-03-07,36.835,37.84,36.8,37.74,7190456,0.0
2019-03-10,37.95,38.89,37.81,38.51,6165383,0.0
2019-03-11,38.7,39.03,38.32,38.71,5599455,0.0
2019-03-12,38.94,39.1,38.555,38.6,5499928,0.0
2019-03-13,38.7,39.825,38.7,38.93,8127557,0.0
2019-03-14,40.735,41.026,40.3,40.39,9773959,0.0
2019-03-17,40.41,40.71,39.91,40,6171684,0.0
2019-03-18,40.2,40.74,40.175,40.38,5807821,0.0
2019-03-19,40.38,40.62,39.36,39.55,6289845,0.0
2019-03-20,39.75,41.99,39.75,41.32,11688877,0.0
2019-03-21,41.04,41.21,39.81,39.85,8163428,0.0
2019-03-24,39.69,40.13,39.065,39.41,5373552,0.0
2019-03-25,39.83,40.4769,39.19,39.63,7532496,0.0
2019-03-26,39.67,39.91,38.57,38.94,6891578,0.0
2019-03-27,38.92,39.195,38.24,38.5,7638798,0.0
2019-03-28,39.06,39.845,39,39.65,7469882,0.0
2019-03-31,40.3,41.17,40.21,41.13,4007728,0.0
2019-04-01,41.12,41.215,40.61,40.99,7910199,0.0
2019-04-02,41.66,43.01,41.62,42.44,11722821,0.0
2019-04-03,42.07,42.83,42.02,42.62,7619537,0.0
2019-04-04,43,43.39,42.69,43.04,6162989,0.0
2019-04-07,42.93,43.01,42.11,42.91,5834435,0.0
2019-04-08,42.55,42.5965,41.66,42.01,6604763,0.0
2019-04-09,41.91,42.335,41.7285,42.18,4968632,0.0
2019-04-10,42.43,42.94,42.285,42.48,6176955,0.0
2019-04-11,43,43.36,42.77,42.99,4086489,0.0
2019-04-14,42.75,43.13,42.33,42.71,4667669,0.0
2019-04-15,43.05,44.15,43.05,43.72,8918230,0.0
2019-04-16,44.35,44.53,43.57,43.885,7275348,0.0
2019-04-17,44.01,44.27,43.79,43.95,5318723,0.0
2019-04-21,43.86,43.98,43.27,43.79,4080406,0.0
2019-04-22,43.8,43.99,43.4,43.83,5100799,0.0
2019-04-23,43.91,45.64,43.88,44.47,9786714,0.0
2019-04-24,45.5,45.75,44.3,44.44,8370236,0.0
2019-04-25,43.6,44.71,43.33,44.66,6435157,0.0
2019-04-28,44.57,44.91,44.2,44.23,4549172,0.0
2019-04-29,44.15,44.58,43.72,44.075,9126616,0.0
2019-04-30,44.04,44.67,43.38,43.4,8509139,0.0
2019-05-01,43.18,44.25,42.86,43.69,12114250,0.0
2019-05-02,44.03,44.1484,43.61,43.96,6776860,0.0
2019-05-05,42.41,43.15,41.79,43.13,10793876,0.0
2019-05-06,42.26,42.42,41.2,42.06,8746530,0.0
2019-05-07,41.7,42.2,41.26,41.58,6778895,0.0
2019-05-08,40.77,41.19,39.846,40.94,10617929,0.0
2019-05-09,40.82,41.19,39.7899,40.81,8136503,0.0
2019-05-12,39.26,39.64,38.67,39.07,9431502,0.0
2019-05-13,39.53,40.39,39.4,40,6990178,0.0
2019-05-14,40.41,41.86,40.11,41.51,10677378,0.0
2019-05-15,41.3,42.19,40.96,41.66,9838780,0.0
2019-05-16,43.35,44.36,42.565,42.715,18427249,0.0
2019-05-19,41.8,42.76,40.2247,40.36,19609370,0.0
2019-05-20,41.18,41.36,40.82,41.28,7866096,0.0
2019-05-21,40.75,40.88,40.15,40.5,5453349,0.0
2019-05-22,39.65,40.08,39.15,39.94,7486170,0.0
2019-05-23,40.27,40.395,39.45,39.49,6653496,0.0
2019-05-27,39.81,40.0313,39,39,7165728,0.0
2019-05-28,38.72,39.55,38.4,39.37,9288815,0.0
2019-05-29,39.45,40.4,39.29,39.74,6563833,0.0
2019-05-30,39.2,39.9628,38.68,38.68,7005412,0.0
2019-06-02,38.97,39.66,38.54,38.78,7091404,0.0
2019-06-03,39.52,40.645,39.275,40.43,12218535,0.0
2019-06-04,40.8,41.17,40.16,40.58,9276872,0.0
2019-06-05,40.54,41.49,40.49,41.4,7298676,0.0
2019-06-06,41.6,41.8755,41.08,41.5,5602294,0.0
2019-06-09,42,43.545,41.79,43.15,8586925,0.0
2019-06-10,43.91,44.55,43.635,43.745,9538905,0.0
2019-06-11,42.64,42.69,41.36,41.49,8941285,0.0
2019-06-12,41.61,42.02,41.15,41.67,11350568,0.0
2019-06-13,40.9,41.49,40.56,41.24,13514288,0.0
2019-06-16,41.11,41.2,40.2441,40.5,11473185,0.0
2019-06-17,40.93,42.6,40.84,42.32,9912948,0.0
2019-06-18,42.69,42.8387,42.24,42.54,8346580,0.0
2019-06-19,43.74,43.99,43,43.22,7705217,0.0
2019-06-20,42.9,43.2,42.61,42.95,9134587,0.0
2019-06-23,42.91,42.93,42.24,42.34,9065434,0.0
2019-06-24,42.25,42.7,41.9,41.98,8364763,0.0
2019-06-25,43,43.8,42.93,43.58,9034259,0.0
2019-06-26,43.89,44.87,43.79,44.71,8116208,0.0
2019-06-27,45.23,45.39,44.675,44.92,7336024,0.0
2019-06-30,46.63,47.55,45.22,45.69,10444724,0.0
2019-07-01,45.11,45.22,44.12,44.66,12787106,0.0
2019-07-02,44.52,44.775,44.36,44.68,4589683,0.0
2019-07-04,44.24,44.42,43.56,43.98,5766478,0.0
2019-07-07,43.15,43.75,43.06,43.46,8641653,0.0
2019-07-08,43.23,44.06,42.88,43.96,11480523,0.0
2019-07-09,44.5,45.43,44.445,44.71,6123505,0.0
2019-07-10,45.07,45.37,44.37,45.26,7360229,0.0
2019-07-11,45.36,46.545,45.36,46.5,8043847,0.0
2019-07-14,46.85,47.43,45.92,46.29,6117322,0.0
2019-07-15,46,46.23,45.5,46,5822224,0.0
2019-07-16,46.26,46.47,45.62,46.22,8067974,0.0
2019-07-17,46.47,48.64,46.38,48.175,13616604,0.0
2019-07-18,48.31,48.49,47.66,47.8,8131443,0.0
2019-07-21,49.32,50.8,49.21,50.73,19404930,0.0
2019-07-22,50.64,51.32,50.12,51.03,8562473,0.0
2019-07-23,50.91,52.42,50.76,52.16,9365821,0.0
2019-07-24,51.72,51.79,50.67,50.82,7146746,0.0
2019-07-25,50.89,51.1,50.46,50.74,4700270,0.0
2019-07-28,50.46,50.77,50.06,50.68,3995936,0.0
2019-07-29,50.06,51.0458,49.91,50.74,4100568,0.0
2019-07-30,50.53,50.59,48.6862,49.36,7150070,0.0
2019-07-31,49.44,51.05,47.91,48.47,10437412,0.0
2019-08-01,48,48.005,47.19,47.57,6237085,0.0
2019-08-04,46.2,46.2,44.97,45.45,10278401,0.0
2019-08-05,46.42,46.97,45.675,46.32,6411759,0.0
2019-08-06,46.04,46.86,45.75,46.67,6756652,0.0
2019-08-07,47.09,47.95,46.89,47.85,5110539,0.0
2019-08-08,47.54,47.54,46.56,47.15,4489240,0.0
2019-08-11,46.98,47.09,46.23,46.45,5847833,0.0
2019-08-12,46.43,48.25,46.07,48.06,8095523,0.0
2019-08-13,46.95,47.245,46.39,46.7,5893432,0.0
2019-08-14,47,47.31,46.5,47.1575,7058962,0.0
2019-08-15,45.96,46.99,44.62,46.62,16340915,0.0
2019-08-18,47.6,47.93,46.8,47.1,8002203,0.0
2019-08-19,46.93,47.14,46.505,46.72,6515574,0.0
2019-08-20,47.2,47.52,46.73,46.83,4650966,0.0
2019-08-21,47.14,47.28,46.44,47.04,3600493,0.0
2019-08-22,46.51,46.84,44.815,45.13,9904257,0.0
2019-08-25,46,46.17,45.44,45.61,4941246,0.0
2019-08-26,46,46.24,45.11,45.51,4924221,0.0
2019-08-27,45.4,46.04,44.88,45.9,4096012,0.0
2019-08-28,46.66,47.42,46.6,47.32,6098094,0.0
2019-08-29,47.55,48.09,47.3941,48.02,6580555,0.0
2019-09-02,47.64,47.77,47.16,47.61,6297078,0.0
2019-09-03,48.57,49.56,48.4,49.52,8983875,0.0
2019-09-04,50.46,51.73,50.27,50.35,9722146,0.0
2019-09-05,50.47,50.5,49.8,50.09,6092701,0.0
2019-09-08,50.29,50.795,49.96,50.66,5887741,0.0
2019-09-09,50.38,50.49,49.62,50.18,6353045,0.0
2019-09-10,50.43,51.57,50.01,51.55,7051201,0.0
2019-09-11,51.65,51.86,51.04,51.25,5300314,0.0
2019-09-12,51.74,51.98,51.04,51.35,5294411,0.0
2019-09-15,50.725,51.475,50.28,50.94,4046030,0.0
2019-09-16,50.55,51.26,50.4275,51.19,4682171,0.0
2019-09-17,51.26,52.1,51.03,52.09,6849010,0.0
2019-09-18,52.49,52.6,51.3716,51.68,5328209,0.0
2019-09-19,51.9,52.02,50.87,50.92,7857830,0.0
2019-09-22,50.85,51.97,50.8,51.77,3971815,0.0
2019-09-23,52.02,52.58,50.87,51.15,5691186,0.0
2019-09-24,50.65,52.12,50.5,51.94,4903959,0.0
2019-09-25,52.17,52.46,51.81,52.15,4062345,0.0
2019-09-26,51.12,51.46,49.15,49.42,9420719,0.0
2019-09-29,49.75,50.22,49.26,49.9,5427836,0.0
2019-09-30,50.41,51,49.775,49.99,6722072,0.0
2019-10-01,49.37,49.88,49.21,49.46,5625682,0.0
2019-10-02,49.42,49.765,48.78,49.65,5937663,0.0
2019-10-03,50.01,50.9,49.89,50.87,7662630,0.0
2019-10-06,50.82,51.11,50.58,50.63,7595588,0.0
2019-10-07,50.15,50.28,49.075,49.29,9847887,0.0
2019-10-08,50.12,51.17,50,50.83,11399427,0.0
2019-10-09,50.67,51.6,50.64,51.01,9459738,0.0
2019-10-10,52.16,52.39,51.71,51.74,11976430,0.0
2019-10-13,51.81,52.125,51.79,51.93,6420136,0.0
2019-10-14,52.07,53.14,51.875,52.9,14751309,0.0
2019-10-15,51.88,52.8,51.35,51.55,14919695,0.0
2019-10-16,52.46,53.25,51.84,52.15,9323485,0.0
2019-10-17,52.22,52.41,51.04,51.68,12129880,0.0
2019-10-20,52.28,52.705,51.99,52.63,4976695,0.0
2019-10-21,52.65,52.71,51.94,51.99,3829499,0.0
2019-10-22,51.29,51.45,50.24,50.53,7813020,0.0
2019-10-23,52.94,55.12,52.75,55.08,16964305,0.0
2019-10-24,54.9,55.84,54.53,55.72,7689962,0.0
2019-10-27,56.03,57.29,56,56.94,8179972,0.0
2019-10-28,56.68,57.09,55.4,55.52,5614684,0.0
2019-10-29,55.33,55.44,54.67,55.215,3876655,0.0
2019-10-30,55.19,55.19,53.56,54.28,5675993,0.0
2019-10-31,54.93,55.47,54.41,55.45,5177028,0.0
2019-11-03,56,56.4,55.34,55.74,3811361,0.0
2019-11-04,56.09,56.285,55.57,55.875,3289972,0.0
2019-11-05,55.6,55.88,54.91,55.805,3526991,0.0
2019-11-06,56.31,56.49,55.625,55.94,3485880,0.0
2019-11-07,55.7,56.135,55.13,56.01,3057007,0.0
2019-11-10,55.77,56.73,55.55,56.6,4970439,0.0
2019-11-11,57,57.25,56.2,56.42,4739841,0.0
2019-11-12,56.11,57.385,56.01,57.13,5278604,0.0
2019-11-13,57.14,57.2,56.505,56.94,5652521,0.0
2019-11-14,60.325,62.9208,60.22,62.04,27008604,0.0
2019-11-17,61.89,63.07,61.36,62.37,9508637,0.0
2019-11-18,62.29,62.67,60.845,60.92,8611221,0.0
2019-11-19,60.03,60.43,59.085,59.64,10331955,0.0
2019-11-20,56.64,58.45,55.65,56.435,13042252,0.0
2019-11-21,56.56,57.1399,55.435,55.94,8002153,0.0
2019-11-24,56.62,58.42,56.56,58.3,8517273,0.0
2019-11-25,58.27,58.418,57.075,57.57,6365688,0.0
2019-11-26,57.89,58.39,57.74,58.3,5356738,0.0
2019-11-28,58.09,58.295,57.72,57.9,2399666,0.0
2019-12-01,58.14,58.14,56.48,56.7,5485646,0.0
2019-12-02,55.18,55.91,54.95,55.34,6629267,0.0
2019-12-03,56.41,56.54,55.59,56.1,5542845,0.0
2019-12-04,56.33,56.53,55.65,55.83,4059582,0.0
2019-12-05,56.75,57.4884,56.48,56.59,5162819,0.0
2019-12-08,57.12,57.23,56.55,56.6,3715326,0.0
2019-12-09,57.17,57.17,56.46,56.64,5387764,0.0
2019-12-10,56.82,59.13,56.7,59.05,7992437,0.0
2019-12-11,59.02,60.475,59.01,60.36,8363032,0.0
2019-12-12,60.01,60.81,59.78,59.87,5410252,0.0
2019-12-15,61,61.43,59.93,59.96,5523417,0.0
2019-12-16,60.45,60.895,60.23,60.8,6860592,0.0
2019-12-17,60.82,61.41,60.37,60.38,4405646,0.0
2019-12-18,60.57,60.7,59.88,60.68,4257676,0.0
2019-12-19,61.21,61.98,60.7,61.82,8782471,0.0
2019-12-22,61.95,62,61.03,61.08,4297384,0.0
2019-12-23,61.37,61.52,60.94,61.5,1429571,0.0
2019-12-25,61.61,61.6815,61.04,61.32,2319572,0.0
2019-12-26,61.59,61.68,60.83,61.18,2210489,0.0
2019-12-29,61.35,61.4,60.19,60.94,2858884,0.0
2019-12-30,60.68,61.08,60.1,61.04,2772043,0.0
2020-01-01,62,62.65,61.7,62.21,5661395,0.0
2020-01-02,60.69,61.73,60.56,61.21,4183508,0.0
2020-01-05,59.85,60.4568,59.3,59.89,6256660,0.0
2020-01-06,60.27,62.1,60.14,61.59,6725322,0.0
2020-01-07,61.7,62.2,61.25,61.57,3683792,0.0
2020-01-08,62.28,62.85,61.21,61.97,4318208,0.0
2020-01-09,62.53,62.714,61.2,61.46,3657503,0.0
2020-01-12,61.48,61.95,61.34,61.805,3546126,0.0
2020-01-13,62.09,63.545,62.08,62.35,7157731,0.0
2020-01-14,62.13,62.365,61.35,61.93,5335302,0.0
2020-01-15,62.59,63.23,62.47,63.21,4819060,0.0
2020-01-16,63.79,63.81,62.525,62.84,5259665,0.0
2020-01-20,62.74,63.89,62.65,63.17,9533225,0.0
2020-01-21,63.7,64.6,63.62,63.88,9882919,0.0
2020-01-22,64.13,64.26,63.13,63.89,11489897,0.0
2020-01-23,64.8,64.93,61.61,61.98,13992410,0.0
2020-01-26,59.95,60.45,58.82,59.03,7203574,0.0
2020-01-27,59.72,60.35,58.92,60.19,5066521,0.0
2020-01-28,60.07,60.66,59.49,59.82,5177966,0.0
2020-01-29,61.54,62.03,59.42,60.201,9130791,0.0
2020-01-30,59.82,59.85,57.53,57.99,8417360,0.0
2020-02-02,58.68,60.25,58.66,59.72,6733915,0.0
2020-02-03,61.41,63.65,61.1987,63.01,10734832,0.0
2020-02-04,63.98,64.42,62.87,63.805,7344891,0.0
2020-02-05,64.02,64.16,63.05,63.21,4281481,0.0
2020-02-06,62.84,62.98,61.63,61.72,4966352,0.0
2020-02-09,61.08,62.96,61.08,62.94,4423995,0.0
2020-02-10,63.6,64.7,63.34,64.45,5197924,0.0
2020-02-11,64.93,65.68,64.62,65.4,9395309,0.0
2020-02-12,66.75,69.44,65.95,67.3401,19498722,0.0
2020-02-13,67.46,67.9,66.55,66.83,7580106,0.0
2020-02-17,64.23,66,63.85,65.14,9524154,0.0
2020-02-18,66.5,67.735,66.27,67.41,7906863,0.0
2020-02-19,67,67.35,65.22,66.42,6299447,0.0
2020-02-20,65.91,66.13,63.625,64.27,8461752,0.0
2020-02-23,61.13,61.85,60.4,61.08,10233957,0.0
2020-02-24,61.92,62.28,58.48,58.85,9064746,0.0
2020-02-25,59.58,60.76,59.31,59.78,9470463,0.0
2020-02-26,57.2,58.5,56.4,56.99,14258639,0.0
2020-02-27,54.19,58.18,54.08,58.17,13259254,0.0
2020-03-01,58.7,60.19,57,60.17,9163274,0.0
2020-03-02,59.97,61.38,57.56,58.02,12535254,0.0
2020-03-03,59.44,60.65,58.27,60.52,6628654,0.0
2020-03-04,58.56,60.44,58.26,59.14,8542085,0.0
2020-03-05,57,58.48,56.25,57.78,8013961,0.0
2020-03-08,52.81,55.33,52,52.05,17850512,0.0
2020-03-09,54.4,56.16,52.565,56.16,8715420,0.0
2020-03-10,54.28,54.99,51.41,52.47,11628744,0.0
2020-03-11,48.775,50.36,45.1,45.11,16319164,0.0
2020-03-12,48.35,51.23,45.35,50.89,13201804,0.0
2020-03-15,44.05,46.7,40.41,40.54,11972092,0.0
2020-03-16,41.76,46.07,39.77,44.86,28591376,0.0
2020-03-17,40.57,41.76,36.64,39.55,15568231,0.0
2020-03-18,38.68,42.07,36.858,40.18,11586163,0.0
2020-03-19,41.49,43.26,37.8,37.93,12750763,0.0
2020-03-22,38.64,41.54,37.92,40.17,13618280,0.0
2020-03-23,44.24,46.24,43.03,45.17,14488475,0.0
2020-03-24,44.93,48.22,43.7668,44.7,10015943,0.0
2020-03-25,46.23,49.39,45.34,49.27,10398328,0.0
2020-03-26,47.7,48.13,44.84,45.03,9377063,0.0
2020-03-29,45.4,47.51,45.33,47.3,6753109,0.0
2020-03-30,47.17,47.28,45.15,45.91,8705287,0.0
2020-03-31,43.83,46.18,42.83,43.28,8843672,0.0
2020-04-01,42.5,44.46,42.13,43.23,15664694,0.0
2020-04-02,43.46,43.62,41.58,42.27,8156015,0.0
2020-04-05,44.84,46.45,44.64,46.15,10177733,0.0
2020-04-06,48,48.97,46.3,47.55,10372127,0.0
2020-04-07,48.63,51.615,48.515,51.47,13047632,0.0
2020-04-08,52,52.74,48.68,49.59,10243707,0.0
2020-04-12,49.3,49.97,48.37,49.89,5013787,0.0
2020-04-13,51.41,52.84,51.08,52.48,13149156,0.0
2020-04-14,51.31,51.31,49.745,50.36,11614042,0.0
2020-04-15,51.87,52.57,50.8,52.26,21213811,0.0
2020-04-16,53.635,53.9,52.27,53.19,26326133,0.0
2020-04-19,52.1,52.49,50.61,50.62,17561012,0.0
2020-04-20,49.9,50.05,48.21,48.27,23545398,0.0
2020-04-21,50.1,52.37,49.8068,52.14,23928510,0.0
2020-04-22,51.75,52.22,50.59,50.85,12591846,0.0
2020-04-23,51.22,51.88,49.935,51.75,15428968,0.0
2020-04-26,52.4,52.72,50.65,51.04,11665589,0.0
2020-04-27,51.91,52.12,50.26,50.42,6904898,0.0
2020-04-28,51.83,54.645,51.42,54.34,14664530,0.0
2020-04-29,53.45,53.88,49.64,49.65,10972620,0.0
2020-04-30,48.08,48.36,46.37,46.89,24352114,0.0
2020-05-03,46.56,47.64,46.22,47.58,6612724,0.0
2020-05-04,48.8262,50.75,48.53,48.83,15065972,0.0
2020-05-05,49.99,51.16,49.54,50.52,7358600,0.0
2020-05-06,51.46,51.8,50.91,51.26,10747202,0.0
2020-05-07,52.41,53.89,52.24,53.85,6911307,0.0
2020-05-10,54.1265,54.405,53.37,54,6669839,0.0
2020-05-11,54.4,54.59,52.31,52.325,11483890,0.0
2020-05-12,52.5,52.86,50.4,51.5,6941177,0.0
2020-05-13,50.75,54.65,49.66,54.5,12466267,0.0
2020-05-14,53.16,53.47,51.17,52.05,18554062,0.0
2020-05-17,53.53,54.65,52.41,54.34,18276834,0.0
2020-05-18,54.5,56.995,54.03,55.47,9563615,0.0
2020-05-19,56.5,58.16,56.32,56.87,17085204,0.0
2020-05-20,56.84,56.92,54.845,55.08,10804488,0.0
2020-05-21,55.02,55.17,53.72,54.39,11669500,0.0
2020-05-25,56.31,56.83,54.96,55.12,6075311,0.0
2020-05-26,55.5907,56.44,53.315,56.43,8057750,0.0
2020-05-27,56.12,56.68,54.35,54.67,6158997,0.0
2020-05-28,55,56.375,54.46,56.3,13723212,0.0
2020-05-31,55.63,56.465,55.19,55.68,9909190,0.0
2020-06-01,56,56.22,54.75,55.8,12075052,0.0
2020-06-02,56.69,58.25,56.41,57.8,13789624,0.0
2020-06-03,57.16,59.2,57.1,58.16,13257252,0.0
2020-06-04,59.71,61.11,59.62,60.275,7043166,0.0
2020-06-07,59.93,60.47,59.09,59.88,4427277,0.0
2020-06-08,59.02,60.26,58.93,59.83,8401598,0.0
2020-06-09,60.2,60.57,59.46,59.86,7842178,0.0
2020-06-10,58.26,58.59,55.35,55.4,7858725,0.0
2020-06-11,57.51,58.01,56.44,56.44,3328754,0.0
2020-06-14,54.92,57.231,54.52,57.02,10453210,0.0
2020-06-15,58.96,60.1304,57.9,58.59,8359117,0.0
2020-06-16,58.73,60.43,58.54,59.99,13245600,0.0
2020-06-17,59.57,60.72,59.57,60.39,4876031,0.0
2020-06-18,61.4,62.33,60.41,60.94,13916757,0.0
2020-06-21,60.52,61.3864,59.58,61.29,4126820,0.0
2020-06-22,61.93,61.98,60.44,60.81,4761262,0.0
2020-06-23,60.33,60.89,59.15,59.95,5861350,0.0
2020-06-24,59.6,60.07,58.606,59.98,5555949,0.0
2020-06-25,59.57,60.14,58.02,58.37,4914660,0.0
2020-06-28,58.44,59.06,57.56,59.06,4056768,0.0
2020-06-29,59.12,60.94,59.069,60.44,4695134,0.0
2020-06-30,60.4254,60.78,59.54,59.68,4280104,0.0
2020-07-01,60.5,61.645,60.34,61,4558600,0.0
2020-07-05,62.39,63.705,62.29,63.46,6281271,0.0
2020-07-06,63.38,63.83,62.03,62.16,4196228,0.0
2020-07-07,62.9,63.1756,62.02,62.8,3399703,0.0
2020-07-08,63.08,63.7,62.24,63.49,5500853,0.0
2020-07-09,63.28,63.49,62.045,62.59,4518255,0.0
2020-07-12,63.01,63.78,61.41,61.51,5234379,0.0
2020-07-13,60.8,62.63,60.07,62.54,5509256,0.0
2020-07-14,62.75,62.84,61.3,62.1,4503465,0.0
2020-07-15,61.61,62.62,61.5,62.302,3231215,0.0
2020-07-16,62.85,62.85,61.95,62.29,2969880,0.0
2020-07-19,62.61,63.9,61.88,63.72,3777984,0.0
2020-07-20,64.12,64.84,63.26,63.83,4972301,0.0
2020-07-21,63.58,64.61,63.52,64.22,3908285,0.0
2020-07-22,64.33,65.33,63.44,63.63,3257525,0.0
2020-07-23,60.37,61.35,59.62,60.63,9432322,0.0
2020-07-26,61.63,63.065,61.11,63.01,6001873,0.0
2020-07-27,62.53,62.95,61.9,62.3,3933353,0.0
2020-07-28,62.67,63.66,62.17,63.25,4116219,0.0
2020-07-29,63.23,64.43,62.987,64.41,5077286,0.0
2020-07-30,64.79,64.79,63.12,64.33,4905452,0.0
2020-08-02,64.79,65.59,64.68,65.01,3711541,0.0
2020-08-03,65,65.2,64.18,64.86,4718594,0.0
2020-08-04,64.8726,65.25,64.42,64.87,3979773,0.0
2020-08-05,63.87,64.17,62.6,63.62,6756263,0.0
2020-08-06,63.69,65.01,62.78,63.59,6476314,0.0
2020-08-09,63.94,65.28,63.88,65.25,4792532,0.0
2020-08-10,65.32,66.12,64.23,64.46,6438911,0.0
2020-08-11,64.99,66.67,64.7,66.49,5269316,0.0
2020-08-12,66.36,66.6,64.61,65.06,8745491,0.0
2020-08-13,67.39,69.9,66.5,67.63,22344897,0.0
2020-08-16,68.1,68.23,66.77,66.97,6291080,0.0
2020-08-17,67.39,67.39,66.07,66.42,5676540,0.0
2020-08-18,66.57,66.73,65.69,65.86,4353182,0.0
2020-08-19,64.71,64.82,63.28,63.78,7818032,0.0
2020-08-20,63.1,63.28,61.92,62.28,9804724,0.0
2020-08-23,63.36,63.8,62.68,63.71,7102919,0.0
2020-08-24,64.11,64.65,63.43,64.06,4329734,0.0
2020-08-25,64.05,64.26,63.49,63.76,5135859,0.0
2020-08-26,64.29,64.29,61.29,62.02,7997583,0.0
2020-08-27,62.06,63.1,61.97,63.07,4324378,0.0
2020-08-30,62.44,62.61,61.4184,61.56,5254417,0.0
2020-08-31,61.98,62.1,61.23,61.9,7015440,0.0
2020-09-01,62.49,65.3,62.37,65.07,10066316,0.0
2020-09-02,64.19,64.37,61.05,61.46,9557086,0.0
2020-09-03,61.21,61.83,58.5498,60.95,13318004,0.0
2020-09-07,57.07,57.79,55.32,55.645,19158020,0.0
2020-09-08,56.61,56.98,54.51,55.19,14921622,0.0
2020-09-09,55.49,56.25,54.94,55.11,8529491,0.0
2020-09-10,55.61,56.31,54.675,55,8181229,0.0
2020-09-13,56.23,57.115,56.12,56.45,7233119,0.0
2020-09-14,57.23,57.88,56.48,57.2,6683946,0.0
2020-09-15,57.49,58.195,56.38,56.44,7141360,0.0
2020-09-16,54.82,56.63,54.69,56.33,6244708,0.0
2020-09-17,56.79,56.8,55.195,56.16,8294948,0.0
2020-09-20,55.21,57.36,54.15,57.33,7473601,0.0
2020-09-21,57.96,58.11,56.71,57.87,6588455,0.0
2020-09-22,58.1,58.88,57.01,57.27,7731718,0.0
2020-09-23,56.94,58.82,56.76,57.81,5731409,0.0
2020-09-24,57.49,58.38,56.65,58.22,5579547,0.0
2020-09-27,58.34,59.85,58.25,59.31,6260486,0.0
2020-09-28,59.44,60.25,59.15,59.67,4501381,0.0
2020-09-29,59.4069,60.183,58.99,59.44,5961801,0.0
2020-09-30,60.37,61.01,59.51,60.64,6330692,0.0
2020-10-01,59.09,59.66,58.19,58.21,5672323,0.0
2020-10-04,58.93,60.63,58.76,60.61,4792765,0.0
2020-10-05,60.33,62.16,60.17,60.37,5480957,0.0
2020-10-06,61.5,61.79,60.915,61.12,4244719,0.0
2020-10-07,61.7,62.697,61.37,62.59,4463596,0.0
2020-10-08,63.29,63.81,63.06,63.29,5239514,0.0
2020-10-11,64.06,65.12,63.98,64.68,5853751,0.0
2020-10-12,65.05,65.42,64.155,64.68,5778006,0.0
2020-10-13,64.9,65.18,63.43,63.96,4597344,0.0
2020-10-14,62.4,63.685,62.02,63.51,5140291,0.0
2020-10-15,63.76,63.93,62.405,63,5610975,0.0
2020-10-18,63.17,63.62,61.8141,62.05,3745160,0.0
2020-10-19,62.67,63.01,62.02,62.25,3199816,0.0
2020-10-20,62.4,62.84,61.91,62.08,3582992,0.0
2020-10-21,61.73,62.15,60.87,61.7,5144210,0.0
2020-10-22,61.7,62.17,60.66,60.94,5281951,0.0
2020-10-25,60.325,60.5,58.65,59.51,4664627,0.0
2020-10-26,59.66,59.99,58.77,58.82,3371244,0.0
2020-10-27,57.77,58.22,56.87,57.32,6203053,0.0
2020-10-28,57.23,60.23,56.95,59.51,4704832,0.0
2020-10-29,58.74,59.28,58.26,59.23,4989416,0.0
2020-11-01,59.95,60.475,59.53,60.34,5623202,0.0
2020-11-02,61.06,62.44,60.99,61.82,8762693,0.0
2020-11-03,63.44,65.19,62.13,64.86,7726145,0.0
2020-11-04,66,70.06,65.91,69.99,11164246,0.0
2020-11-05,68.9,70.86,68.35,70.51,6940088,0.0
2020-11-08,73.2,75.93,71.26,71.3,7653062,0.0
2020-11-09,70.95,71.49,69.1,69.4,5890030,0.0
2020-11-10,70.2032,71.7,69.8849,71.15,6925428,0.0
2020-11-11,70.86,71.15,69.43,69.8,6900299,0.0
2020-11-12,72.27,73.94,71.505,72.37,7932577,0.0
2020-11-15,72.97,74.53,72.58,74.49,7244774,0.0
2020-11-16,73.76,74.57,73.06,74.38,4796082,0.0
2020-11-17,74.69,76.67,74.59,75.7,9853570,0.0
2020-11-18,75.26,77.51,74.51,77.32,7984466,0.0
2020-11-19,77.2,78.57,76.68,76.72,6733058,0.0
2020-11-22,76.9718,80.58,76.9718,80.51,7596042,0.0
2020-11-23,81,83.14,79.82,83.0099,8607299,0.0
2020-11-24,82.895,83.02,81.07,81.12,5040120,0.0
2020-11-26,81.81,83.53,81.68,82.65,2762552,0.0
2020-11-29,82,82.59,80.7075,82.48,5123143,0.0
2020-11-30,83.05,84.62,82.88,84.28,5919343,0.0
2020-12-01,83.69,85.59,83.61,85.3,4520741,0.0
2020-12-02,85.74,87.03,85.685,86.12,4080031,0.0
2020-12-03,86.92,88.92,86.65,88.89,5070762,0.0
2020-12-06,89.27,89.46,87.8225,89.15,4676079,0.0
2020-12-07,89.23,90.26,89.04,89.74,3713614,0.0
2020-12-08,89.565,90.1,87.18,87.81,5593371,0.0
2020-12-09,87,88.61,86.46,87.88,4532115,0.0
2020-12-10,87.05,88.59,86.59,88.31,4834163,0.0
2020-12-13,88.4993,90.52,88.32,88.5,5306768,0.0
2020-12-14,89.9,90.605,87.95,88.51,5054628,0.0
2020-12-15,88.31,89.25,87.29,88.54,3313519,0.0
2020-12-16,89.125,89.24,87.13,87.47,3737268,0.0
2020-12-17,87.66,88.15,85.3366,86.1,6661423,0.0
2020-12-20,84.385,86.53,83.8,86.42,3972950,0.0
2020-12-21,86.55,86.61,85.54,85.63,3406492,0.0
2020-12-22,86.3,86.5,83.96,84.03,3646195,0.0
2020-12-23,84.74,85.39,84.2,85.33,1184021,0.0
2020-12-27,86.3665,86.74,84.56,84.88,2652198,0.0
2020-12-28,85.02,85.1197,83.53,84.26,2519024,0.0
2020-12-29,85.38,87.57,85.16,86.98,5837782,0.0
2020-12-30,86.99,87.06,85.17,86.26,4928735,0.0
2021-01-03,87.24,89.3,86.15,86.87,6569399,0.0
2021-01-04,86.4,89.62,86.4,89.61,5917088,0.0
2021-01-05,88.29,91.9,88.28,90.83,8178419,0.0
2021-01-06,92.1265,95.0599,91.99,94.57,7545334,0.0
2021-01-07,96.29,97.8,94.8799,95.57,7955703,0.0
2021-01-10,94.62,98.3,94.18,97.97,6548707,0.0
2021-01-11,98.53,100.87,98.2,100.01,6204285,0.0
2021-01-12,100.49,100.49,97.96,98.04,4433132,0.0
2021-01-13,102.83,106.6,102.7,105.81,10548388,0.0
2021-01-14,105.16,105.42,101.15,103.15,7243103,0.0
2021-01-18,105.1,109.58,104.39,109.23,8019755,0.0
2021-01-19,110.11,110.875,105.16,107.84,8949721,0.0
2021-01-20,109.11,109.28,106.27,107.98,5689681,0.0
2021-01-21,108.0532,109.7536,106.25,106.28,5321443,0.0
2021-01-24,107.51,110.1,107,108.17,7626234,0.0
2021-01-25,108.8503,108.895,105.27,105.53,4913899,0.0
2021-01-26,102.1,104.06,98.08,98.48,8226052,0.0
2021-01-27,101.19,103.35,99.97,101.15,6251681,0.0
2021-01-28,100.23,100.46,96.07,96.64,6786915,0.0
2021-01-31,99.246,102.15,97.68,101.16,7380065,0.0
2021-02-01,102.99,103.94,101.77,103.59,4249294,0.0
2021-02-02,104.32,104.41,99.82,99.82,4700972,0.0
2021-02-03,100.21,103.73,100.21,103.26,5738655,0.0
2021-02-04,104.855,105.2,100.69,100.7,4967626,0.0
2021-02-07,101.85,106.25,101.76,106.2,5521602,0.0
2021-02-08,106.2067,107.36,104.7805,105.37,4115018,0.0
2021-02-09,106.94,108.2,105.03,105.87,4568195,0.0
2021-02-10,107.4336,114.3,107.29,112.99,11329021,0.0
2021-02-11,113,117.82,111.69,116.7,7481019,0.0
2021-02-15,118.51,121.132,117.69,118.31,8083553,0.0
2021-02-16,116.46,117.06,112.09,115.64,6742844,0.0
2021-02-17,114,115.63,112.44,113.29,7019375,0.0
2021-02-18,121.61,124.5,118.9,119.6,19594318,0.0
2021-02-21,117.97,119.8699,114.62,115.23,6658863,0.0
2021-02-22,112.86,117.8,110.69,116.14,8870482,0.0
2021-02-23,115.05,123.02,114.42,122.82,8876366,0.0
2021-02-24,121.17,121.22,113.6,113.85,9842083,0.0
2021-02-25,116.53,120.25,113.44,118.19,8888553,0.0
2021-02-28,121.18,122.48,119.46,122.35,5989679,0.0
2021-03-01,121.84,121.91,117.235,117.5,5369145,0.0
2021-03-02,118.28,119.85,115.1,115.46,6388950,0.0
2021-03-03,115.3384,116.49,107.13,108.13,11337063,0.0
2021-03-04,111.59,114.34,105.65,113.48,8313886,0.0
2021-03-07,112.8,114.12,105.5,105.63,10861476,0.0
2021-03-08,110.26,114.95,109.41,114.26,10017153,0.0
2021-03-09,115.8,116.5,112.58,112.65,8234014,0.0
2021-03-10,117.26,117.85,115.64,117.25,5837654,0.0
2021-03-11,114.55,116.45,113.33,114.3,6098705,0.0
2021-03-14,114.63,115.43,113.1,114.88,5997390,0.0
2021-03-15,117.03,121.2714,116.92,118.52,9516223,0.0
2021-03-16,116.19,121.14,114.9,119.94,6308143,0.0
2021-03-17,117.86,118.78,114.11,114.23,7713823,0.0
2021-03-18,114.51,117.06,112.14,114.75,7456443,0.0
2021-03-21,117.6048,121.48,116.97,119.41,9767041,0.0
2021-03-22,119.91,120.2,115.56,116.43,6973141,0.0
2021-03-23,122.65,125.8,120.42,121.01,18697891,0.0
2021-03-24,118.76,120.48,116.22,119.72,9635930,0.0
2021-03-25,119.67,128.98,119.1722,128.72,12267059,0.0
2021-03-28,127.04,127.83,123.47,125.75,8725631,0.0
2021-03-29,124.89,127.9,123.858,126.54,6953189,0.0
2021-03-30,129.97,135.5,129,133.62,15977531,0.0
2021-03-31,138.14,142.36,137.2009,141.6,14627000,0.0
2021-04-04,145.56,146,141.74,143.11,13127161,0.0
2021-04-05,143.88,145.3,136.95,139.58,16852545,0.0
2021-04-06,140.41,141.87,136.82,139.11,12371389,0.0
2021-04-07,140.58,141.6828,138.21,139.35,8893335,0.0
2021-04-08,138.32,140.18,137.49,138.92,7822348,0.0
2021-04-11,137.86,138.73,134.515,134.98,10214291,0.0
2021-04-12,136.626,136.99,133.2,135.1,7301255,0.0
2021-04-13,134.67,137.14,133.24,134.15,6939894,0.0
2021-04-14,135.95,136.14,132.85,134.41,7284334,0.0
2021-04-15,133.73,134.74,133.01,133.73,6740226,0.0
2021-04-18,133.35,135.28,128.7,130.87,11041653,0.0
2021-04-19,129.3833,131.67,128.31,128.65,6788397,0.0
2021-04-20,130.08,135.16,129,135.06,10801581,0.0
2021-04-21,134.79,135.74,130.45,131.75,10427913,0.0
2021-04-22,133.49,135.17,132.75,134.86,6870733,0.0
2021-04-25,134.86,138.67,134.2,137.28,6626674,0.0
2021-04-26,138.04,138.25,135.55,136.78,4467241,0.0
2021-04-27,136.87,136.915,134.57,135.73,5439394,0.0
2021-04-28,137.21,137.6,133.09,135.39,6032659,0.0
2021-04-29,132.22,134.4,131.4,132.72,6716248,0.0
2021-05-02,134.23,135.61,131.7,132.85,7017174,0.0
2021-05-03,130,130.68,125.32,128.7,12726772,0.0
2021-05-04,131.64,132.52,128.76,130.28,6330625,0.0
2021-05-05,129.6,131.89,127.76,131.74,6304820,0.0
2021-05-06,132.56,134.095,131.64,132.89,6633341,0.0
2021-05-09,131.915,131.915,124.51,124.72,9187699,0.0
2021-05-10,119.99,124.34,117.62,123.55,14264084,0.0
2021-05-11,119.56,121.01,114.39,114.92,16986843,0.0
2021-05-12,118.41,121.47,117.89,119.92,12642404,0.0
2021-05-13,121.78,125.8,120.26,124.75,10665770,0.0
2021-05-16,122.01,123.62,120.37,123.57,7090313,0.0
2021-05-17,125.14,125.388,121.69,121.81,5955652,0.0
2021-05-18,118.42,125.08,117.79,124.88,9093425,0.0
2021-05-19,126.61,130.67,125.24,130.27,15658462,0.0
2021-05-20,129.85,130.6899,127.02,128.65,13096987,0.0
