Date,Open,High,Low,Close,Volume,OpenInterest
2017-06-01,157.27,159.62,154.43,154.64,2328207,0.0
2017-06-04,155.75,161.12,153.78,160.22,3428545,0.0
2017-06-05,160.13,160.919,154.92,155.01,1985179,0.0
2017-06-06,155.29,157.46,155.22,157.08,2427363,0.0
2017-06-07,157.38,162.78,156.83,162.66,2312174,0.0
2017-06-08,162.75,166.1369,162.63,164.06,2939727,0.0
2017-06-11,165,167.23,159.38,160.21,2838855,0.0
2017-06-12,159.68,160.4,159.12,159.77,1833734,0.0
2017-06-13,159.69,161.17,159.31,160.42,1842506,0.0
2017-06-14,159.65,164.15,158.01,164.04,2057480,0.0
2017-06-15,163.7,164.1,157.53,162.41,2995184,0.0
2017-06-18,163.1,165.22,162.69,165.1,2057625,0.0
2017-06-19,165.43,168.06,161.56,161.58,2703191,0.0
2017-06-20,162.36,171.76,161.54,171.46,4128344,0.0
2017-06-21,172.44,175.45,167.9,168.89,4232417,0.0
2017-06-22,168.34,169.2,166.12,167.61,3352274,0.0
2017-06-25,168.46,174.1348,167.5,168.75,2190619,0.0
2017-06-26,168.13,173.92,165.94,166.01,1874692,0.0
2017-06-27,166.54,174.5394,165.97,174.09,1944046,0.0
2017-06-28,174.49,174.72,166.2,167.7,1742241,0.0
2017-06-29,169.02,172.93,167.34,167.35,1590561,0.0
2017-07-02,167.79,169.44,167.79,167.9,909147,0.0
2017-07-04,167.24,173.6601,167.05,169.32,1930270,0.0
2017-07-05,168.19,172.75,166.45,166.85,1729828,0.0
2017-07-06,166.78,170.8501,165.76,166.57,1852776,0.0
2017-07-09,166.72,172.47,166.14,172.21,1203011,0.0
2017-07-10,174.18,174.64,167.67,168.41,1348010,0.0
2017-07-11,173.71,174.24,167.93,168.36,1358595,0.0
2017-07-12,168.36,174.2,168.17,170.08,2339596,0.0
2017-07-13,170.46,177.68,169.47,177.13,2099451,0.0
2017-07-16,176.84,178.325,172.13,172.37,1983086,0.0
2017-07-17,172,177.06,171.15,172.45,1291590,0.0
2017-07-18,172.93,178.6665,171.5,174.1,1778161,0.0
2017-07-19,173.97,175.6,173.8,174.24,2219158,0.0
2017-07-20,174.72,179.972,174.07,175.1,1939301,0.0
2017-07-23,175.08,181.46,173.6,181.06,1626959,0.0
2017-07-24,182.05,182.6,175.36,175.76,2537987,0.0
2017-07-25,171.04,173.81,170.25,170.9,4380005,0.0
2017-07-26,170.06,173.86,167.23,172.15,3783796,0.0
2017-07-27,172.19,173.53,168,169.59,1827287,0.0
2017-07-30,169.5,175.8033,169.24,169.56,1724499,0.0
2017-07-31,169.85,175.11,168.73,174.14,1521511,0.0
2017-08-01,173.57,174.345,168.96,169.52,1574934,0.0
2017-08-02,169.49,174.71,168.34,174.19,1179236,0.0
2017-08-03,174.27,174.82,172.9,173.81,1404529,0.0
2017-08-06,173.87,174.52,168.4,169.63,876653,0.0
2017-08-07,169.06,174.619,168.11,168.77,1410863,0.0
2017-08-08,168.17,173.68,167.74,168.63,1457221,0.0
2017-08-09,167.27,167.8,163.84,164.32,2098700,0.0
2017-08-10,165,169.65,164.24,169.44,1172642,0.0
2017-08-13,170.28,172.01,166.6,166.8,1191509,0.0
2017-08-14,167.22,170.8713,166.01,166.3,1092266,0.0
2017-08-15,166.63,172.455,166.39,167.66,1055297,0.0
2017-08-16,166.98,168.8499,164.15,164.15,1485380,0.0
2017-08-17,163.76,168.16,162.93,167.25,1291107,0.0
2017-08-20,167.46,168.569,163.84,168.17,880382,0.0
2017-08-21,168.86,170.94,166.1,166.36,1358956,0.0
2017-08-22,165.97,169.4186,165.09,168.99,903579,0.0
2017-08-23,169.28,170.69,168.57,169.95,1116947,0.0
2017-08-24,170.82,171.57,169.4,169.75,846066,0.0
2017-08-27,170.94,172.64,167.38,168.04,1262110,0.0
2017-08-28,166.94,172.1,166.64,168.48,955178,0.0
2017-08-29,168.38,174.81,167.74,169.87,1642110,0.0
2017-08-30,169.93,174.73,169.93,173.9,2784450,0.0
2017-08-31,174.26,175.81,173.44,174.82,1890171,0.0
2017-09-04,174.12,176.41,171.54,172.89,1334742,0.0
2017-09-05,173.64,179.08,172.5,178.4,1526010,0.0
2017-09-06,178.5,182.77,176.58,176.77,2256922,0.0
2017-09-07,176.97,181.87,175.59,176.7,1301734,0.0
2017-09-10,178.63,185.755,178.52,182.43,2812335,0.0
2017-09-11,182.93,191.04,182.71,191,2924799,0.0
2017-09-12,185.77,188.91,183.63,185.57,2193990,0.0
2017-09-13,184.78,190.92,183.73,189.43,1432583,0.0
2017-09-14,189.66,189.66,186.31,187.34,3060622,0.0
2017-09-17,187.79,187.9,182.09,182.41,1540689,0.0
2017-09-18,182.74,186.5455,181.76,182.26,1342144,0.0
2017-09-19,182.03,188.55,182.03,188.16,1749824,0.0
2017-09-20,188.32,188.96,186.5,186.67,1395251,0.0
2017-09-21,185.48,186.315,180.09,185.655,1634268,0.0
2017-09-24,185.55,188.03,181.66,182.23,1575281,0.0
2017-09-25,182.41,186.5,181.32,181.56,1423219,0.0
2017-09-26,181.03,185.13,179.9,184.87,1682929,0.0
2017-09-27,184.29,187.82,181.5,185.46,1852471,0.0
2017-09-28,185.7,186.2,180.06,182.39,2025784,0.0
2017-10-01,182.98,187.26,181.92,187.14,1871889,0.0
2017-10-02,188.05,188.22,182.7,183.15,1043368,0.0
2017-10-03,182.48,187.91,181.96,184.48,1151766,0.0
2017-10-04,184.96,185.89,180.32,182.78,3351517,0.0
2017-10-05,182.4,186.8,181.36,181.77,1304480,0.0
2017-10-08,181.75,185.41,180.39,181.42,1074469,0.0
2017-10-09,181.47,185.12,180.49,181.74,1528173,0.0
2017-10-10,181.24,181.46,178.7,180.14,2047494,0.0
2017-10-11,179.39,182.949,178.07,178.78,1492813,0.0
2017-10-12,178.66,183.34,178.04,183.01,1427660,0.0
2017-10-15,183.11,184.2,177.25,177.94,1322598,0.0
2017-10-16,178.03,182.95,177.15,182.13,2885391,0.0
2017-10-17,183.76,186.72,182.07,182.22,1909510,0.0
2017-10-18,181.83,184.94,180.36,184.11,1866050,0.0
2017-10-19,184.14,184.72,177.97,178.97,2245025,0.0
2017-10-22,179.19,181.465,176.37,176.6,1793529,0.0
2017-10-23,177.33,180.6581,173.39,176.44,2487609,0.0
2017-10-24,175.23,176.15,172.74,173.63,2722944,0.0
2017-10-25,167.19,173.62,166.03,172.67,4492708,0.0
2017-10-26,171.41,175.81,169.55,175.24,2478632,0.0
2017-10-29,175.31,176.8,169.9,170.79,1658899,0.0
2017-10-30,170.36,175.238,170.36,171.4,1962334,0.0
2017-10-31,171.62,176.58,170.9,175.43,1740487,0.0
2017-11-01,174.91,175.38,167.55,168.65,3002700,0.0
2017-11-02,168.35,173.2737,167.88,169.66,1837588,0.0
2017-11-05,169.09,171.53,167.36,170.8,1977672,0.0
2017-11-06,170.61,174.75,169.34,169.7,2268677,0.0
2017-11-07,170.23,173.989,169.43,169.8,1333296,0.0
2017-11-08,169.07,174.23,168.42,174,1457969,0.0
2017-11-09,173.15,173.4777,171.19,172.34,1363995,0.0
2017-11-12,171.58,172.94,167.42,167.76,1494920,0.0
2017-11-13,167.17,167.75,164.64,166.42,1871306,0.0
2017-11-14,166.45,169.4105,164.63,165.69,2091056,0.0
2017-11-15,166.39,171.15,166.23,170.74,1997485,0.0
2017-11-16,170.69,171.09,167.18,167.43,1396360,0.0
2017-11-19,167.33,169.735,165.94,166.24,1528298,0.0
2017-11-20,166.77,169.89,166.32,169.86,1919711,0.0
2017-11-21,169.86,170.7299,169.33,169.93,1110040,0.0
2017-11-23,169.5,170.76,167.38,167.55,556091,0.0
2017-11-26,168.02,169.94,167.04,167.15,1247093,0.0
2017-11-27,168,168.09,166.88,167.69,1872398,0.0
2017-11-28,168.38,171.33,167.97,169.63,2227559,0.0
2017-11-29,170.03,176.06,170.03,175.65,2115736,0.0
2017-11-30,174.16,177.83,171.39,177.23,2337178,0.0
2017-12-03,178.33,180.74,175.82,175.99,3437844,0.0
2017-12-04,176.31,179.88,175.25,175.97,2582062,0.0
2017-12-05,176.74,177.6601,172.84,173.56,1711409,0.0
2017-12-06,173.02,175.71,171.77,173.97,1792044,0.0
2017-12-07,174.43,175.105,171.56,172.76,2392814,0.0
2017-12-10,173.46,177.69,172.4,176.8,1105778,0.0
2017-12-11,174.16,176.36,171.5,176.26,1592978,0.0
2017-12-12,176.87,178.22,174.52,174.7,1564702,0.0
2017-12-13,174.76,175.77,172.4,174.92,1539482,0.0
2017-12-14,176.14,176.39,172.97,174.37,2838724,0.0
2017-12-17,175.37,177.0562,173.33,173.48,1562330,0.0
2017-12-18,173.17,177.28,172.68,176.95,1565540,0.0
2017-12-19,177.6,179.17,174.36,174.43,1356730,0.0
2017-12-20,174.89,177.5401,173.79,174.01,1279694,0.0
2017-12-21,173.95,177.12,173.12,176.42,987550,0.0
2017-12-25,176.18,176.92,175.5,176.08,782263,0.0
2017-12-26,176.51,177.1,173.78,176.22,984323,0.0
2017-12-27,176.77,177,172.47,172.6,1001582,0.0
2017-12-28,172.57,176.06,171.11,171.27,1180463,0.0
2018-01-01,172.71,177.06,171.8,176.99,1516864,0.0
2018-01-02,176.91,181.4405,175.76,177.62,2018320,0.0
2018-01-03,177.93,179.7756,176.07,176.87,1344509,0.0
2018-01-04,178.2,178.24,176.41,177.92,1367557,0.0
2018-01-07,177.83,180.18,176.49,177.87,1420824,0.0
2018-01-08,177.76,184.53,177.36,183.42,2207534,0.0
2018-01-09,179.98,183.58,177.65,180.1,1851943,0.0
2018-01-10,180.13,182.18,178.39,181.93,1483202,0.0
2018-01-11,182.47,184.77,181.58,182.25,2176111,0.0
2018-01-15,182.83,186.69,182.14,182.74,2429086,0.0
2018-01-16,184.86,186.43,183.08,185.17,2583093,0.0
2018-01-17,184.61,185.71,182.7,184.76,2110691,0.0
2018-01-18,185.51,189.7,184.77,189.28,2255256,0.0
2018-01-21,189.73,192.57,189.43,192.33,2234203,0.0
2018-01-22,193,196.03,188.7,189.09,2300851,0.0
2018-01-23,189.81,191.18,186.62,187.75,1843000,0.0
2018-01-24,188.52,188.91,186.06,187.21,1567144,0.0
2018-01-25,188.21,196.76,188.15,195.96,2324347,0.0
2018-01-28,196.19,199.75,194.92,195.01,3515814,0.0
2018-01-29,192.94,193.51,187.68,188.38,2622227,0.0
2018-01-30,188.65,189.35,182.1,183.24,3269269,0.0
2018-01-31,182.26,185.8232,179.63,182.76,2768965,0.0
2018-02-01,180.69,190.93,180.25,187.01,5751262,0.0
2018-02-04,184.09,185.85,172.07,172.11,4848995,0.0
2018-02-05,175.44,177.54,169.42,176.67,5435020,0.0
2018-02-06,176.25,180.99,174.79,174.79,4362871,0.0
2018-02-07,175.24,177.69,170.39,170.51,4059948,0.0
2018-02-08,171.56,173.65,167.57,170.84,4465107,0.0
2018-02-11,171.85,173.99,170.38,172.23,2886942,0.0
2018-02-12,171.14,176.7,169.86,175.94,2194571,0.0
2018-02-13,173.92,178.93,173.92,178.15,3319045,0.0
2018-02-14,178.54,183.5,178.44,182.19,2811971,0.0
2018-02-15,182.38,185.39,181.38,183.56,2962511,0.0
2018-02-19,182.89,184.2265,181.51,181.58,2301230,0.0
2018-02-20,181.78,184.07,180.99,181.03,2591520,0.0
2018-02-21,181.07,185.16,181.07,182.49,2596046,0.0
2018-02-22,183.63,186.79,182.7701,186.69,2546781,0.0
2018-02-25,187.47,190.37,186.46,187.06,3286532,0.0
2018-02-26,187.36,188.62,184.21,184.37,3274169,0.0
2018-02-27,184.44,186.37,182.26,183.79,2634448,0.0
2018-02-28,184.2,185.57,179.04,181.89,4096817,0.0
2018-03-01,179.95,184.43,179.66,183.66,7378830,0.0
2018-03-04,185.05,190.69,185,190.14,7674548,0.0
2018-03-05,188.21,190.45,185.47,188.89,7741086,0.0
2018-03-06,188.29,188.77,184.99,186.09,3881173,0.0
2018-03-07,186.44,187.61,184.54,185.73,2890000,0.0
2018-03-08,186.48,189.83,184.82,189.64,3823017,0.0
2018-03-11,188.14,188.93,186.88,187.85,4682513,0.0
2018-03-12,188.15,190.83,187.19,188.3,3801607,0.0
2018-03-13,189.73,191.15,188.36,189.11,2197027,0.0
2018-03-14,188.59,189.42,186.47,188.3,2521369,0.0
2018-03-15,188.33,190.13,185.83,186.8,4469328,0.0
2018-03-18,185.85,186.48,180.665,182.56,2431710,0.0
2018-03-19,183.06,184.02,181.1675,182.03,1721665,0.0
2018-03-20,181.43,184.04,180.11,180.2,1750132,0.0
2018-03-21,178.54,179.7,175.69,176.08,2329396,0.0
2018-03-22,176.57,177.81,168.05,168.13,3033928,0.0
2018-03-25,171.19,175.87,168.81,175.19,2679380,0.0
2018-03-26,176.16,176.36,168.54,169.84,2624197,0.0
2018-03-27,170.28,171.17,166.72,169.15,3136045,0.0
2018-03-28,169.69,171.84,168.35,170.47,2568634,0.0
2018-04-01,169.92,170.58,162.06,164.78,3314397,0.0
2018-04-02,165.69,169.22,163.82,168.22,2319131,0.0
2018-04-03,166.17,172.95,165.88,172.19,2450323,0.0
2018-04-04,172.8,173.19,169.78,171.9,1931261,0.0
2018-04-05,170.86,171.72,164.96,166.85,2273355,0.0
2018-04-08,167.94,171.67,166.74,168.32,2124592,0.0
2018-04-09,169.58,172.55,168.81,171.8,1820096,0.0
2018-04-10,171.8,174.07,170.7,171.09,1526870,0.0
2018-04-11,171.36,173.31,169.85,171.021,2595399,0.0
2018-04-12,172.11,172.4,169.58,170.17,1637894,0.0
2018-04-15,171.43,172.63,169.76,170.07,1698786,0.0
2018-04-16,171.65,175.6321,170.24,174.91,2224775,0.0
2018-04-17,174.61,175.73,173.06,175.15,1581173,0.0
2018-04-18,174.47,175.4,171.34,171.61,1515444,0.0
2018-04-19,171.76,172.5779,169.25,170.25,1901287,0.0
2018-04-22,170.32,176.97,169.95,173.32,2515661,0.0
2018-04-23,174.24,174.44,170.53,171.91,3098238,0.0
2018-04-24,172.33,174.1,169.04,173.49,3554292,0.0
2018-04-25,174.08,176.483,171.7901,174.03,2476609,0.0
2018-04-26,173.58,177.6217,173.52,176.1,1781341,0.0
2018-04-29,176.56,178.74,173.02,173.14,1851135,0.0
2018-04-30,170.83,172.66,166.7,167.98,3684427,0.0
2018-05-01,167.96,170.32,166.96,168.13,2911116,0.0
2018-05-02,168,169.05,164.8,165.12,3038335,0.0
2018-05-03,164.59,169.5,163.94,166.69,2315237,0.0
2018-05-06,167.29,168.63,166.32,168.06,1736828,0.0
2018-05-07,168.81,170.5,166.21,167.2,2166279,0.0
2018-05-08,167.38,169.82,165.81,168.34,2038303,0.0
2018-05-09,168.96,171.39,168.06,169.46,1638187,0.0
2018-05-10,169.07,174.35,168.72,172.56,2479771,0.0
2018-05-13,172.77,176.44,171.71,175.88,2651226,0.0
2018-05-14,173.36,174.1934,169.82,172.45,3005109,0.0
2018-05-15,171.35,174.59,170.62,173.8,1739205,0.0
2018-05-16,173.3001,175.43,172.52,174.66,1508466,0.0
2018-05-17,176.51,177.34,174.69,176.3,2527541,0.0
2018-05-20,177.12,177.94,175.9,176.47,1840747,0.0
2018-05-21,176.71,179.57,176.51,178.39,1989948,0.0
2018-05-22,177.14,179.99,176.663,179.98,1484656,0.0
2018-05-23,180,180.2599,176.99,177.95,1740532,0.0
2018-05-24,177.96,179.08,177.6,178.25,1252802,0.0
2018-05-28,176.99,178.38,175.7701,177.41,1600559,0.0
2018-05-29,178.25,181.78,178.01,180.24,2551930,0.0
2018-05-30,180.06,180.95,178.38,179.63,2065023,0.0
2018-05-31,180.75,184.77,180.36,183.63,2127509,0.0
2018-06-03,183.18,185.965,182.83,185.44,1644755,0.0
2018-06-04,182.8,184.71,179.794,181.73,2649911,0.0
2018-06-05,182.01,184.15,180.87,183.61,1251962,0.0
2018-06-06,183.47,184.05,182.51,183.3,1481700,0.0
2018-06-07,183.89,185.645,183.6,184.29,1547225,0.0
2018-06-10,184.14,184.82,182.93,184.61,1496000,0.0
2018-06-11,184.27,185.12,183.41,185.07,1151496,0.0
2018-06-12,185.42,186.57,183.45,183.69,1435716,0.0
2018-06-13,184.25,186.07,182.7,185.8,1293096,0.0
2018-06-14,186.47,186.74,184.02,185.01,2625814,0.0
2018-06-17,184.31,184.5,182.38,183.92,1398547,0.0
2018-06-18,182.83,186.34,182.83,186.2,1587863,0.0
2018-06-19,186.25,187.51,184.74,186.51,1698417,0.0
2018-06-20,185.89,186.51,184.415,186,1286672,0.0
2018-06-21,186.31,188.09,184.83,185,1839220,0.0
2018-06-24,185.01,186.69,184.07,185.34,1840653,0.0
2018-06-25,185.34,185.95,183.98,184.64,1371848,0.0
2018-06-26,184.92,187.36,183.47,183.53,1529676,0.0
2018-06-27,183.16,184.58,181.7,183.34,1421309,0.0
2018-06-28,183.59,186.05,183.585,184.58,1277998,0.0
2018-07-01,184.09,185.46,182.7,185.37,1461200,0.0
2018-07-02,186.23,187.4,185.57,185.75,895727,0.0
2018-07-04,186.14,188.17,185.61,187.38,946571,0.0
2018-07-05,188.57,191.49,188.01,191.05,1756519,0.0
2018-07-08,191.5,194.39,191.17,194.18,2038457,0.0
2018-07-09,194.13,196.1489,192.54,195.71,1687686,0.0
2018-07-10,194.6,195.19,192.52,193.14,1296320,0.0
2018-07-11,194.18,194.26,192.56,194.09,1334306,0.0
2018-07-12,194.99,196.75,193.38,195.9,1474038,0.0
2018-07-15,195.71,196.57,194.11,194.89,1092307,0.0
2018-07-16,192.41,194.9,192.1115,193.92,1477658,0.0
2018-07-17,193.25,194,192.05,192.81,1424818,0.0
2018-07-18,191.76,192.85,190.29,191.75,1647390,0.0
2018-07-19,191.48,191.48,189.49,190.48,1556811,0.0
2018-07-22,189.77,190.965,189.16,189.93,1237801,0.0
2018-07-23,191.25,193.2,190.5,191.44,1843683,0.0
2018-07-24,191.62,193.46,190.765,193.05,1748059,0.0
2018-07-25,195.03,195.59,192.68,194.22,2427720,0.0
2018-07-26,196,196.2184,189.57,192.43,3511429,0.0
2018-07-29,190.68,192.21,189.94,190.65,1792266,0.0
2018-07-30,191.14,197.49,190.8725,196.53,3342213,0.0
2018-07-31,196.35,196.98,194.7,195.85,2119276,0.0
2018-08-01,194.64,197.42,192.73,196.32,1884764,0.0
2018-08-02,196.27,198.41,196.1,198,2013982,0.0
2018-08-05,197.44,199.83,196.52,197.6,1517463,0.0
2018-08-06,197.69,200.9,197.64,200.42,1694558,0.0
2018-08-07,198.5,198.5,195.07,196.19,2471438,0.0
2018-08-08,195.43,196.324,193.83,193.93,2589782,0.0
2018-08-09,193.3,195.18,192.2618,194.43,1540957,0.0
2018-08-12,194.69,196.32,193.72,195.6,1404144,0.0
2018-08-13,195.94,196.96,194.89,195.78,934342,0.0
2018-08-14,194.83,195.48,192.89,195.23,1619580,0.0
2018-08-15,194.46,197.13,192.73,196.48,2041279,0.0
2018-08-16,196.24,198.51,195.28,197.42,1750815,0.0
2018-08-19,197.89,198.5,196.87,197.54,1200772,0.0
2018-08-20,197.93,198.4,196.73,197.32,1212006,0.0
2018-08-21,197.15,198.75,195.8337,197.86,1452849,0.0
2018-08-22,197.37,197.7499,195.62,196.61,945864,0.0
2018-08-23,196.88,197.5,195.5954,196.66,873402,0.0
2018-08-26,197.52,198.655,196.79,198.61,1353600,0.0
2018-08-27,199.02,199.83,198,198.63,987276,0.0
2018-08-28,197.79,200,196.92,199.74,1470260,0.0
2018-08-29,199.58,200.69,198.7,200.38,1448878,0.0
2018-08-30,199.83,200.4684,198.39,199.81,1687883,0.0
2018-09-03,199.25,199.75,195.33,196.74,1823917,0.0
2018-09-04,197.13,198.67,196.85,197.8,1224275,0.0
2018-09-05,197.55,198.59,195.12,196.16,1138184,0.0
2018-09-06,195.43,197.55,194.7535,196.37,2202635,0.0
2018-09-09,197.36,203.69,196.39,202.53,3293216,0.0
2018-09-10,201.54,203,199.27,199.49,2383414,0.0
2018-09-11,199.68,201.5,198.14,199.5,1591636,0.0
2018-09-12,200.24,203.09,199.4083,202.93,1921328,0.0
2018-09-13,203.185,204.42,200,200.58,2272724,0.0
2018-09-16,200.67,201.45,199.51,200.81,1841891,0.0
2018-09-17,199.98,203.87,199.2,202.34,1904065,0.0
2018-09-18,202.09,204.4,201.57,203.2,2086207,0.0
2018-09-19,204.14,205.25,203.02,205.18,2102113,0.0
2018-09-20,205.69,206.6234,204.17,205.09,1869234,0.0
2018-09-23,204.53,207.67,204.11,207.21,2402543,0.0
2018-09-24,208.06,208.895,206.26,206.46,1942518,0.0
2018-09-25,207.02,208.88,206.42,206.83,2067265,0.0
2018-09-26,207.39,210.19,206.84,208.96,1918245,0.0
2018-09-27,208.54,208.8,206.77,207.3,1542045,0.0
2018-09-30,207.73,209.34,206.62,206.91,2439775,0.0
2018-10-01,206.67,208.1,206.64,207.67,1756360,0.0
2018-10-02,208.01,208.09,206.64,206.84,1829216,0.0
2018-10-03,206.32,207.15,200.81,203.47,2813868,0.0
2018-10-04,205.48,206.09,201.83,203.99,1565312,0.0
2018-10-07,203.53,206.13,203.23,205.6,1605312,0.0
2018-10-08,205.75,208.08,204.49,206,2126567,0.0
2018-10-09,205,206.35,200.77,201.23,2342951,0.0
2018-10-10,201.55,202.96,192.38,193.87,3596710,0.0
2018-10-11,195.62,198.085,194.15,197.36,2271640,0.0
2018-10-14,196.2,198.41,195,195.53,1597391,0.0
2018-10-15,196.9109,202.68,196.65,202.34,2118229,0.0
2018-10-16,201.36,203.31,198.94,202.78,1706868,0.0
2018-10-17,203.17,204.51,200.2803,202.8,1508980,0.0
2018-10-18,202.74,205.12,201.45,201.8,1742392,0.0
2018-10-21,201.5,201.8,197.47,197.99,1817620,0.0
2018-10-22,196.3,199.09,193.72,197.64,1877894,0.0
2018-10-23,196.94,197.959,187.37,187.6,3194156,0.0
2018-10-24,188.66,190.5,181.31,187.98,4089875,0.0
2018-10-25,185.4,187.33,183.275,186.01,3831330,0.0
2018-10-28,189.32,190.91,184.8011,188.24,2856230,0.0
2018-10-29,189.43,191,187.0269,189.361,2847484,0.0
2018-10-30,189.08,195.33,189.04,192.74,3053572,0.0
2018-10-31,192.99,194.38,190.96,192.82,1998050,0.0
2018-11-01,194.29,195.345,185.825,186.99,3084359,0.0
2018-11-04,187.68,190.72,187.55,189.9,1864154,0.0
2018-11-05,190.21,192.7,189.5235,190.73,1530776,0.0
2018-11-06,192.81,197.66,192.01,197.54,2461855,0.0
2018-11-07,197.54,198.28,195.2789,196.01,1471436,0.0
2018-11-08,195.55,196.91,192.18,193.15,1493665,0.0
2018-11-11,193.65,194.72,190.48,191.59,1419440,0.0
2018-11-12,192.91,194.82,191.03,191.55,1512707,0.0
2018-11-13,192.03,193.4,189.66,190.28,2225233,0.0
2018-11-14,188.34,192.63,187.1201,192.49,2210062,0.0
2018-11-15,192.36,195.24,191.69,194.26,3268665,0.0
2018-11-18,194.92,196.77,192.87,194.91,2342902,0.0
2018-11-19,196.32,198.68,192.76,196.51,2892417,0.0
2018-11-20,195.17,197.55,192.61,192.94,1830969,0.0
2018-11-22,191.25,194.48,190.7727,192.64,1143640,0.0
2018-11-25,194.94,196.31,192.49,194.32,1843097,0.0
2018-11-26,193.16,197.23,191.87,197.21,1730710,0.0
2018-11-27,196.96,202.02,196.06,201.43,2068749,0.0
2018-11-28,199.78,204,199.53,202.39,1595126,0.0
2018-11-29,202.15,208.34,201.79,208.33,2802874,0.0
2018-12-02,208.1,208.3,200.377,202.96,3538236,0.0
2018-12-03,204.6,205.74,197.29,197.695,2824501,0.0
2018-12-05,195.72,199.01,193.2,199.01,2675420,0.0
2018-12-06,197.89,198.3959,191.05,191.5,2543547,0.0
2018-12-09,193.03,194.79,188.19,194.09,2408643,0.0
2018-12-10,195.91,198.41,194.34,196.18,2046959,0.0
2018-12-11,198.09,199.44,196.3,196.42,2288585,0.0
2018-12-12,196.77,197.66,195.22,197.4,1718040,0.0
2018-12-13,195.04,196.1499,191.66,192.02,2449016,0.0
2018-12-16,192.24,194.45,188.64,190.06,2255516,0.0
2018-12-17,191.44,191.94,184.41,187.07,2505078,0.0
2018-12-18,187.02,191.76,182.53,185.43,2996367,0.0
2018-12-19,185.06,186.54,182.72,185.02,2856415,0.0
2018-12-20,183.85,187.61,179.2103,180.01,5464181,0.0
2018-12-23,179.5,182.93,178.29,178.4,1867482,0.0
2018-12-25,179.04,188.03,178.88,187.95,2313860,0.0
2018-12-26,185.36,190.38,183.62,190.36,2133575,0.0
2018-12-27,191.63,194.59,190.06,190.66,1962239,0.0
2018-12-30,191.93,195.8,191.61,193.54,1973234,0.0
2019-01-01,192.52,193.2,188.95,191.55,2457500,0.0
2019-01-02,192.15,194.18,188.9,189.17,3242693,0.0
2019-01-03,191.46,196.515,190.84,195.53,3214100,0.0
2019-01-06,194.76,199.36,194,198.17,2268748,0.0
2019-01-07,200,201.12,196.68,200.64,2287637,0.0
2019-01-08,202.36,202.9,199.63,199.99,2250710,0.0
2019-01-09,200.37,203.52,199.47,202.72,2175186,0.0
2019-01-10,200.48,200.99,198,200.7475,2410955,0.0
2019-01-13,199.49,200,196.66,196.99,2417043,0.0
2019-01-14,196.3,199.99,196.04,199.24,2387429,0.0
2019-01-15,199.3,200.44,197.595,198.6601,2753037,0.0
2019-01-16,198.38,202.53,197.98,201.86,1823314,0.0
2019-01-17,203.33,204.33,201.04,203.67,2609320,0.0
2019-01-21,202.62,203.48,200.78,201.37,2141574,0.0
2019-01-22,201.99,203.95,200.13,201.39,1523105,0.0
2019-01-23,201.61,202.4,199.735,201.14,1644607,0.0
2019-01-24,201.95,202.23,196.88,198.45,3755758,0.0
2019-01-27,194.97,194.97,190.014,191.73,3710458,0.0
2019-01-28,192.18,193.67,190.8,192.03,2372830,0.0
2019-01-29,188.89,189.755,179.65,184.775,6851997,0.0
2019-01-30,184.78,187.6,183.91,187.41,3021065,0.0
2019-01-31,186.51,187.83,185.56,187.06,1944587,0.0
2019-02-03,186.96,187.14,184.29,186.0734,2220750,0.0
2019-02-04,186.2,189.06,185.72,188.49,2975739,0.0
2019-02-05,188.31,191.87,188.11,190.76,2785847,0.0
2019-02-06,190.67,190.67,182.67,184.045,3580827,0.0
2019-02-07,183.41,185.71,183.41,185.67,2016554,0.0
2019-02-10,186.79,187.11,185.51,185.91,2208844,0.0
2019-02-11,187.33,188.96,186.43,188.37,1987042,0.0
2019-02-12,189.22,190.12,188.3969,188.81,1677025,0.0
2019-02-13,187.59,187.795,185.76,186.73,2295062,0.0
2019-02-14,188.065,189.1,185.99,188.12,3025533,0.0
2019-02-18,187.79,188.47,186.86,186.97,1855982,0.0
2019-02-19,187.14,189.22,186.48,186.98,2310844,0.0
2019-02-20,186.39,187.4,184.75,185.51,2671287,0.0
2019-02-21,185.89,188.86,185.81,187.49,2397839,0.0
2019-02-24,188.66,190.47,187.89,189.81,2568599,0.0
2019-02-25,189.56,191.65,189.36,190.08,2074340,0.0
2019-02-26,188.74,192.19,188.66,191.47,1616707,0.0
2019-02-27,191.38,191.63,189.73,190.09,1882724,0.0
2019-02-28,191.39,192.0608,190.47,191.14,1899149,0.0
2019-03-03,191.82,192.12,187.41,189.78,1906942,0.0
2019-03-04,190,190.67,188.79,188.8,1569225,0.0
2019-03-05,188.88,189.37,182.4321,183.14,3636181,0.0
2019-03-06,182.92,183.16,180.6,181.45,2888206,0.0
2019-03-07,180.6,181.31,179.01,180.88,2360769,0.0
2019-03-10,181.84,184.6,181.4,184.21,2103874,0.0
2019-03-11,184.61,184.95,183.52,184.18,2172213,0.0
2019-03-12,185,188.34,184.185,187.37,2084196,0.0
2019-03-13,187.46,188.86,185.89,187.83,2096834,0.0
2019-03-14,190.4,191.64,188.81,191.26,2430611,0.0
2019-03-17,191.08,192.52,190.19,191.31,1786224,0.0
2019-03-18,191.93,192.74,190.9177,191.5,1689124,0.0
2019-03-19,191.5,192.77,189.87,191.12,1701413,0.0
2019-03-20,189.73,192.37,189.18,191.91,1896056,0.0
2019-03-21,190.96,192.865,186.55,186.68,2595391,0.0
2019-03-24,186.64,187.78,185.04,186.6,2152509,0.0
2019-03-25,187.55,189.59,187.0301,188.28,2025872,0.0
2019-03-26,188.25,188.595,185.22,186.34,1731245,0.0
2019-03-27,187.08,187.89,186,187.56,1475965,0.0
2019-03-28,189.37,191,188.4982,189.96,1990700,0.0
2019-03-31,191.14,192.07,190.52,191.79,926914,0.0
2019-04-01,191.81,192.82,191.2,192.44,1755107,0.0
2019-04-02,193.18,193.87,191.7101,192.97,1556811,0.0
2019-04-03,192.85,194.43,190.99,192.32,1513225,0.0
2019-04-04,193.88,196.87,193.3,195.47,1906271,0.0
2019-04-07,194.53,195.31,192.56,194.9,1317325,0.0
2019-04-08,193.81,194,192.51,193,1539537,0.0
2019-04-09,194.15,195,192.34,193.89,1443309,0.0
2019-04-10,194.57,194.79,190.65,192.12,1859994,0.0
2019-04-11,193.02,193.48,190.79,191.47,1685621,0.0
2019-04-14,191.84,193.18,189.85,191.27,1707226,0.0
2019-04-15,192.27,192.57,187.44,188.05,2335226,0.0
2019-04-16,188.35,188.74,181.53,182.46,4761716,0.0
2019-04-17,183.24,183.49,176.8504,177.46,7168016,0.0
2019-04-21,177.1,177.57,174.8652,176.37,2782109,0.0
2019-04-22,176.94,180.65,175.75,179.74,2829090,0.0
2019-04-23,180.14,180.83,178.26,178.29,2302663,0.0
2019-04-24,177.08,181.02,175.92,180.48,2144340,0.0
2019-04-25,180.7,181.85,180.03,181.58,2062150,0.0
2019-04-28,181.45,182.47,179.59,181.18,2198985,0.0
2019-04-29,181.63,182.04,177.88,179.17,3288918,0.0
2019-04-30,175.25,178.5,171.25,176.25,5367698,0.0
2019-05-01,176.06,178.3,174.3,176.52,2549229,0.0
2019-05-02,176.93,177.77,176.47,177.33,2427102,0.0
2019-05-05,175.49,177.24,173.88,177.09,2106929,0.0
2019-05-06,175.14,176.41,172.5,173.9,2182999,0.0
2019-05-07,173.5,175.5,171.7,172.12,2722529,0.0
2019-05-08,171.24,173.18,169.44,172.86,2541444,0.0
2019-05-09,172.46,172.46,168.44,171.86,2339412,0.0
2019-05-12,169.3,169.6,167.17,167.56,2665933,0.0
2019-05-13,167.68,169.7222,167.3,167.81,2157505,0.0
2019-05-14,167.23,170.6,166.3,169.88,2446450,0.0
2019-05-15,169.4,172.02,169.344,169.92,2335013,0.0
2019-05-16,169.27,171.24,169.11,169.81,1961208,0.0
2019-05-19,168.5,170.3966,168.15,168.34,1820144,0.0
2019-05-20,169.77,170.02,168.53,169.75,1916941,0.0
2019-05-21,169.35,172.05,168.58,171.25,2251482,0.0
2019-05-22,172,173.06,170.49,172.1,2580539,0.0
2019-05-23,172.62,173.77,171.09,171.28,1944902,0.0
2019-05-27,171.56,172.77,168.76,168.77,1809569,0.0
2019-05-28,168,169.76,167.33,169.18,2211064,0.0
2019-05-29,169.44,170.05,168.2,169.09,1486371,0.0
2019-05-30,168.06,168.87,166.68,166.7,1839142,0.0
2019-06-02,172,176.81,170.5642,172.29,4981448,0.0
2019-06-03,174.03,175.36,170.56,174.77,3700706,0.0
2019-06-04,175.65,175.77,173.09,174.56,2061866,0.0
2019-06-05,174.78,176.06,174.09,174.5,1921438,0.0
2019-06-06,175.63,176,173.28,175.52,1669263,0.0
2019-06-09,175.95,176.16,174.05,175.58,1559641,0.0
2019-06-10,176.27,177.15,174.2,174.6,1781713,0.0
2019-06-11,175.3,176.69,174.16,175.64,1573123,0.0
2019-06-12,175.83,177.45,175.23,176.755,2596484,0.0
2019-06-13,176.97,177.9,175.55,176.09,2682794,0.0
2019-06-16,176.04,178.55,175.4,178.47,1483665,0.0
2019-06-17,179.27,182.82,179.12,181.66,2629830,0.0
2019-06-18,181.48,183.12,180.64,182.77,1916226,0.0
2019-06-19,184.78,185.29,182.11,184.02,2155503,0.0
2019-06-20,183.89,187.13,182.91,187.04,3712783,0.0
2019-06-23,186.07,187,184.7,184.83,2064646,0.0
2019-06-24,184.6,186.78,183.17,184.45,1855320,0.0
2019-06-25,184.71,184.94,182.74,183.17,1674206,0.0
2019-06-26,183.35,185.44,183.03,183.99,1803949,0.0
2019-06-27,184.57,186.1,183.66,184.22,1573850,0.0
2019-06-30,186.88,187.3,185.1,186.32,1669722,0.0
2019-07-01,186.03,186.67,184.1981,186.67,1572210,0.0
2019-07-02,187.58,189.415,187.195,188.61,1533237,0.0
2019-07-04,187.43,188.88,185.24,185.95,1765180,0.0
2019-07-07,184.66,185.01,180.52,182.25,2136299,0.0
2019-07-08,181.21,182.27,180.51,181.59,1932899,0.0
2019-07-09,182.17,183.29,181.03,182.26,1517334,0.0
2019-07-10,180.86,181,175.95,178,3234801,0.0
2019-07-11,177.82,178.09,174.19,174.91,3981270,0.0
2019-07-14,174.9,177.44,174.61,176.12,2779834,0.0
2019-07-15,176.34,177.77,175.91,177.48,1917071,0.0
2019-07-16,178.14,179.45,177.01,177.04,1447954,0.0
2019-07-17,177.13,180.43,176.8,179.53,1676469,0.0
2019-07-18,180.67,181.58,178.19,178.33,2371924,0.0
2019-07-21,177.83,178.81,175.72,175.86,2206854,0.0
2019-07-22,176.43,176.77,175.52,176.01,1838698,0.0
2019-07-23,176.02,176.75,174.88,175.77,1561704,0.0
2019-07-24,175.78,176.5,173.77,174.15,1692898,0.0
2019-07-25,174.27,175.51,173.12,175.37,2605846,0.0
2019-07-28,175.27,177.16,174.84,176.08,1710061,0.0
2019-07-29,174.92,176.72,174.27,176.54,1625610,0.0
2019-07-30,180,188,177.898,186.62,6427763,0.0
2019-07-31,186.4,189.46,184.139,185.99,3045737,0.0
2019-08-01,186,187.86,185.01,187.22,2270515,0.0
2019-08-04,185.58,185.96,180.52,181.48,2930877,0.0
2019-08-05,181.1,184.6,180.03,184.45,2479266,0.0
2019-08-06,183.04,184.14,179.61,183.57,2017413,0.0
2019-08-07,183.47,185.42,183.05,185.33,1948217,0.0
2019-08-08,185.15,200,182.82,196.4,7642230,0.0
2019-08-11,197.9,208.78,197.25,205.75,9156592,0.0
2019-08-12,203.43,211.9,203.0003,206.13,5176629,0.0
2019-08-13,202.81,205.4,198.72,198.82,3614440,0.0
2019-08-14,200,201,198.63,199.23,2659430,0.0
2019-08-15,201.83,205.46,200.36,203.96,2567672,0.0
2019-08-18,203.23,206.5,201.11,206.025,2564091,0.0
2019-08-19,205.9,206.12,202.9532,203.06,2373251,0.0
2019-08-20,204.45,205.37,203.58,203.96,1565650,0.0
2019-08-21,205.27,206.35,202,203.41,2106842,0.0
2019-08-22,203.09,203.615,198.01,199.1,2702821,0.0
2019-08-25,200.6,206.4,199.665,205.42,3593318,0.0
2019-08-26,206.54,208.95,205.27,206.37,2607862,0.0
2019-08-27,205.51,210.1369,205.33,207.52,3352361,0.0
2019-08-28,209,209.84,205.26,206.9,2043234,0.0
2019-08-29,208.99,210.97,206.88,208.59,2041475,0.0
2019-09-02,207.3,207.885,204.68,205.43,1876098,0.0
2019-09-03,206.7,207.37,203,206.32,1638441,0.0
2019-09-04,206.63,208.47,205.97,207.64,1400638,0.0
2019-09-05,208.64,209.35,206.1,207.73,2005175,0.0
2019-09-08,202.5,202.95,198.79,202.34,3791959,0.0
2019-09-09,200.81,201.97,195.36,196.96,4353421,0.0
2019-09-10,197.13,198.46,195.17,195.83,2348859,0.0
2019-09-11,196.085,196.83,193.9,193.97,2649436,0.0
2019-09-12,194.41,196.67,194.33,195.45,1789679,0.0
2019-09-15,196.16,196.16,193.51,194.09,1266910,0.0
2019-09-16,194.04,196.78,194.04,196.75,1733967,0.0
2019-09-17,196.36,196.83,193.26,195.05,1501142,0.0
2019-09-18,195.72,196.3702,194.52,195.65,1186879,0.0
2019-09-19,196,199.32,195.75,196.75,3852227,0.0
2019-09-22,197.75,198.811,197.31,197.82,1306861,0.0
2019-09-23,198.98,199.8,195.61,196.57,1668376,0.0
2019-09-24,197.58,198.33,195.92,196.07,1442179,0.0
2019-09-25,195.91,196.31,193.08,195.37,1596473,0.0
2019-09-26,195.56,196.85,193.84,194.93,1428646,0.0
2019-09-29,192.8,196.68,191.69,193.51,1967206,0.0
2019-09-30,192.58,195.879,192.1,193.1,2051017,0.0
2019-10-01,193.58,193.58,188.78,189.2,1824674,0.0
2019-10-02,189.6,192.67,189.14,192.52,1496883,0.0
2019-10-03,193.14,196.01,193.14,195.59,3518084,0.0
2019-10-06,194.54,198.82,194.45,197.06,3649478,0.0
2019-10-07,196.55,198,194.96,196.07,3468383,0.0
2019-10-08,198.68,198.68,195.96,196.7,2132889,0.0
2019-10-09,198,199.36,197.02,198.75,2105982,0.0
2019-10-10,200.1,203.89,199.98,200.77,4100715,0.0
2019-10-13,201.64,204.9,201.23,202.79,2798321,0.0
2019-10-14,203.46,204.8,202.6,204.7,2341497,0.0
2019-10-15,204.15,204.98,202.18,203.26,2811268,0.0
2019-10-16,201.59,204.75,201.52,203.59,2292451,0.0
2019-10-17,204.11,204.12,200.81,202.62,3590320,0.0
2019-10-20,202.99,203.25,200.7827,202.92,1178112,0.0
2019-10-21,204.63,206.06,203.22,204.84,1887779,0.0
2019-10-22,204.23,205.89,203.04,203.31,1395561,0.0
2019-10-23,203.95,204.24,201.66,203.02,966504,0.0
2019-10-24,202.59,203.71,201.51,203.05,1028208,0.0
2019-10-27,203.17,205.9824,202.68,205.05,1459109,0.0
2019-10-28,205.26,211.25,204.905,209,3997233,0.0
2019-10-29,206.35,211,204.16,210.88,3514892,0.0
2019-10-30,210.1,213.67,209.6,213.27,2495139,0.0
2019-10-31,214.26,219.375,214,217.91,3086015,0.0
2019-11-03,218.73,219.84,214.35,214.42,2151696,0.0
2019-11-04,215.59,219.49,213.19,215.07,2529056,0.0
2019-11-05,215.45,218.58,215.45,216.33,1902522,0.0
2019-11-06,216.91,218.51,215.46,218.01,2002751,0.0
2019-11-07,218.21,221.25,217.46,221.2,1618647,0.0
2019-11-10,220.24,221.38,218.7,220.71,1185275,0.0
2019-11-11,221.31,225.26,219.87,221.32,2192903,0.0
2019-11-12,220.43,221.69,218.54,219.66,1881887,0.0
2019-11-13,218.22,218.74,213.55,218.5,2540688,0.0
2019-11-14,219.59,220.93,217.21,220.85,1522545,0.0
2019-11-17,221.06,221.59,219.2055,220.61,1275691,0.0
2019-11-18,221.24,224.68,220.7,224.51,1792736,0.0
2019-11-19,224.38,226.55,223.13,225.63,2687364,0.0
2019-11-20,227.12,228.8,225.02,227.82,2154897,0.0
2019-11-21,228.08,230.87,227.83,230.79,1645561,0.0
2019-11-24,231.08,235.8,231.08,234.56,2143953,0.0
2019-11-25,234.1,234.89,232.01,234.38,1784836,0.0
2019-11-26,234.65,235.28,231.85,234.59,1322810,0.0
2019-11-28,234.13,235.47,233.75,234.81,665983,0.0
2019-12-01,234.54,235.8,232.63,233.54,1304293,0.0
2019-12-02,231.48,233.18,230.78,232.73,1446228,0.0
2019-12-03,232.73,234.89,232,233.85,1448128,0.0
2019-12-04,233.69,233.765,231.46,233.44,1652426,0.0
2019-12-05,234.68,235,233.19,233.8,1616806,0.0
2019-12-08,235.5,235.5,232.63,232.7,1223994,0.0
2019-12-09,231.92,235.12,231.51,233.84,1214238,0.0
2019-12-10,234.03,234.97,233.03,234,1165183,0.0
2019-12-11,234.58,237.24,234.06,235.99,1279320,0.0
2019-12-12,235.52,238.12,235.14,236.73,1618852,0.0
2019-12-15,239.9,244.53,239.5,243.24,2204129,0.0
2019-12-16,243.58,244.99,241.28,242.95,1768816,0.0
2019-12-17,242.21,243.22,241.015,241.96,1506771,0.0
2019-12-18,242.78,243.3,239.93,241.87,1294883,0.0
2019-12-19,244.57,244.57,240.7,243.06,3451981,0.0
2019-12-22,243.98,244,241.59,243.05,1419030,0.0
2019-12-23,242.82,243.1,241.72,242.37,557424,0.0
2019-12-25,242.72,243.64,241.32,241.85,818311,0.0
2019-12-26,242.24,242.99,240.16,241.53,829669,0.0
2019-12-29,241.4,242.98,239.4,240.28,1105559,0.0
2019-12-30,240.28,241.46,238.5,240.94,1122205,0.0
2020-01-01,243,243.19,238.98,240.15,1515996,0.0
2020-01-02,237.1635,240.26,236.2435,238.46,1454191,0.0
2020-01-05,237.2,240.45,236.56,240.31,1099931,0.0
2020-01-06,239.31,239.99,237.59,238.05,1150293,0.0
2020-01-07,237.93,239.58,236.61,238.22,1570330,0.0
2020-01-08,239.69,239.69,237.97,238.93,1217081,0.0
2020-01-09,238.24,240.93,237.61,238.25,1528288,0.0
2020-01-12,238.26,238.33,234.79,236.92,1338168,0.0
2020-01-13,235.8,240.68,235.17,240.04,1609833,0.0
2020-01-14,240.67,242.6,240.05,241.67,1242496,0.0
2020-01-15,242.18,243.85,239.845,240.495,1761670,0.0
2020-01-16,242.11,242.14,239.27,241.5,1898455,0.0
2020-01-20,240.97,242.01,237.26,237.6,4440802,0.0
2020-01-21,238.75,239.7,235.755,236.76,3299740,0.0
2020-01-22,237.06,237.06,233.07,235.04,3280021,0.0
2020-01-23,235.8,235.88,224.5,225.52,9359320,0.0
2020-01-26,223.68,224.93,221.17,222.87,2291155,0.0
2020-01-27,223.57,226.7,222.85,224.85,1591578,0.0
2020-01-28,225.5,228.93,225,227.16,1617965,0.0
2020-01-29,226,226.97,223.31,226.15,2101834,0.0
2020-01-30,218.7635,219.08,210.01,216.03,5283858,0.0
2020-02-02,216.39,219.62,215.56,216.82,2087064,0.0
2020-02-03,220.77,223.85,220.48,221.78,2100534,0.0
2020-02-04,223.74,234.64,223.74,231.94,3246866,0.0
2020-02-05,233.5,233.89,229.34,231.45,1480974,0.0
2020-02-06,231.41,232.18,227.67,229.34,1538408,0.0
2020-02-09,228.15,228.96,226.26,227.42,1684339,0.0
2020-02-10,228,229.465,226.795,229,1493148,0.0
2020-02-11,229.47,230.23,225.88,226.995,2023691,0.0
2020-02-12,224.99,226.52,222.82,223.01,1631505,0.0
2020-02-13,222.93,223.49,221.34,223.46,1307132,0.0
2020-02-17,224.52,224.52,220.92,221.68,1616524,0.0
2020-02-18,222.94,224.05,222.05,222.97,986770,0.0
2020-02-19,223.2,223.4795,218.51,222.1,1323028,0.0
2020-02-20,222.24,223.8,220.99,222.79,1737030,0.0
2020-02-23,219.88,223.99,215.76,217.87,2594756,0.0
2020-02-24,218.08,219.56,209.82,210.31,3295371,0.0
2020-02-25,216.18,216.7,212.02,214.58,2760311,0.0
2020-02-26,214.92,215.28,203.22,203.22,3314628,0.0
2020-02-27,198.05,203,195.18,199.91,4233294,0.0
2020-03-01,199.9,212.37,198.71,212.2,3415253,0.0
2020-03-02,210.34,216.16,202.66,204.42,3263649,0.0
2020-03-03,209.53,215.29,207.62,215.15,3172236,0.0
2020-03-04,207.66,216.39,207.42,212.26,2500918,0.0
2020-03-05,203,211.61,203,210.67,2459896,0.0
2020-03-08,197.74,203.62,190.75,198.36,6651452,0.0
2020-03-09,203.36,207.1,194.67,207,2849184,0.0
2020-03-10,201,203.92,195.81,198.62,2750466,0.0
2020-03-11,184.63,196.26,181.765,182.05,3997220,0.0
2020-03-12,189.76,203.17,188.52,202.69,5547663,0.0
2020-03-15,184.67,204.715,182.96,188.66,4056204,0.0
2020-03-16,192.21,210.91,191.6532,208.3,10007810,0.0
2020-03-17,198.56,210.9,196.7375,202,4232717,0.0
2020-03-18,201,208.75,195.27,198.71,4011578,0.0
2020-03-19,198.95,201.97,186,188.09,4943340,0.0
2020-03-22,188.75,191.955,177.05,185.73,3803317,0.0
2020-03-23,191.47,202.85,190.01,202.42,4121583,0.0
2020-03-24,197.77,201.36,190.01,193.14,4468950,0.0
2020-03-25,193.12,199.72,190.5,198.49,3724428,0.0
2020-03-26,194.42,205.87,194.01,198.27,3463324,0.0
2020-03-29,200.05,209.45,200.05,208.6,2463488,0.0
2020-03-30,203.49,207.245,200.7,202.73,2083865,0.0
2020-03-31,197.56,201.38,194.99,197.79,2219780,0.0
2020-04-01,194.41,209.53,194.21,208.78,6077326,0.0
2020-04-02,207.43,209.75,203.03,205.33,1893252,0.0
2020-04-05,212,212.71,206.85,211.36,2998516,0.0
2020-04-06,213.45,215.18,207.33,208.77,2071015,0.0
2020-04-07,208.9,219.82,207.34,219.24,2347264,0.0
2020-04-08,217.4,219.35,215.7,218.22,2199720,0.0
2020-04-12,216.98,219.18,215.15,218.51,1555580,0.0
2020-04-13,221.01,228.32,220.25,226.87,5136673,0.0
2020-04-14,224.99,225.5072,219.305,221.8,4248412,0.0
2020-04-15,225,232.1,223.22,230.9,6444154,0.0
2020-04-16,236.83,236.99,229.215,235.03,9169135,0.0
2020-04-19,234.2,239.56,232.39,236.62,6499782,0.0
2020-04-20,235,235.77,229.1568,230.54,6493717,0.0
2020-04-21,233.35,234,227.59,229.246,8221596,0.0
2020-04-22,229.09,235.65,228.8801,232.62,2907902,0.0
2020-04-23,234.04,236.93,230.8,236.25,4334489,0.0
2020-04-26,236.63,243,235,242.44,4042344,0.0
2020-04-27,243,244.95,236.86,237.63,2111233,0.0
2020-04-28,238.9,239.31,235.24,235.69,5251624,0.0
2020-04-29,236.02,240.07,231.91,239.06,3912426,0.0
2020-04-30,233,237.05,228,230.97,5009522,0.0
2020-05-03,232.44,232.92,228.1,230.88,1635827,0.0
2020-05-04,231.28,237.975,229.17,236.53,3228090,0.0
2020-05-05,237.31,239.68,235.69,236.6,1284398,0.0
2020-05-06,236.9,237.965,232.1,233.32,3404384,0.0
2020-05-07,234.95,235.73,231.6,234.83,1141033,0.0
2020-05-10,233.07,243.49,232.51,242.87,1788547,0.0
2020-05-11,242.68,244.5,237.05,237.05,3214496,0.0
2020-05-12,235.22,243.94,235.22,236.83,1762164,0.0
2020-05-13,235.95,238.97,233.8,237.99,2527870,0.0
2020-05-14,234.43,240.43,233.8936,240.24,2058442,0.0
2020-05-17,243.66,244.39,231.795,233.2,8715046,0.0
2020-05-18,232.64,233.435,227.17,227.43,3245683,0.0
2020-05-19,229.27,230.12,225.64,227.77,6535606,0.0
2020-05-20,228.11,228.24,224,224.84,4212364,0.0
2020-05-21,224.17,226.77,223.61,226.6,3924758,0.0
2020-05-25,227.53,228.35,221.73,222.26,1886623,0.0
2020-05-26,222.32,225.13,217.465,224.81,2363312,0.0
2020-05-27,226.26,226.62,222.25,224.05,2058071,0.0
2020-05-28,225,230.57,222.06,229.56,5449750,0.0
2020-05-31,228.89,230.54,225.7083,226.91,3053800,0.0
2020-06-01,225.8,226.36,222.58,223.72,4921282,0.0
2020-06-02,223.49,224.285,218.25,221,6420686,0.0
2020-06-03,220.77,223.45,219.21,220.95,3839094,0.0
2020-06-04,219.7,225.9499,218.2,225.72,2766947,0.0
2020-06-07,223.27,226.25,221.75,225.74,1660308,0.0
2020-06-08,226,228.31,224.57,224.77,3883654,0.0
2020-06-09,226.68,229.49,225.52,226.89,4439180,0.0
2020-06-10,228.06,229.78,218.67,218.77,3133082,0.0
2020-06-11,221.1,222.35,218.77,219,1090626,0.0
2020-06-14,215.81,221,213.8601,219.88,3328320,0.0
2020-06-15,222.83,228.875,222.62,226.87,2118187,0.0
2020-06-16,228.54,228.81,224.53,226.05,3003645,0.0
2020-06-17,226.86,231.48,225.68,230.29,2072145,0.0
2020-06-18,233.38,238.41,231.31,238.14,5702260,0.0
2020-06-21,236.31,237.65,233.06,234.14,1726401,0.0
2020-06-22,234.87,239.17,233.435,235.86,1560168,0.0
2020-06-23,235.21,237,231.4,232.45,1558774,0.0
2020-06-24,231.5,235.44,230.385,235.12,1510828,0.0
2020-06-25,235.37,236.86,231.8227,232.74,1743988,0.0
2020-06-28,233.4,234.14,229.98,231.77,1415210,0.0
2020-06-29,233.31,237.32,231.795,235.86,1600156,0.0
2020-06-30,235.52,256.23,232.58,255.02,6151947,0.0
2020-07-01,252.87,261.46,252.87,258.25,2958182,0.0
2020-07-05,260.03,264.97,253.9,256.35,3043921,0.0
2020-07-06,253.6,258.91,252.09,253.16,1962220,0.0
2020-07-07,253.15,253.975,249.25,251.62,1649754,0.0
2020-07-08,250.25,253.8304,248.835,251.52,1413635,0.0
2020-07-09,250.65,251.57,247.07,249.22,1106498,0.0
2020-07-12,249.83,255.43,249.28,250.1,2025015,0.0
2020-07-13,242.76,253.79,240.48,253.08,1774560,0.0
2020-07-14,254.57,254.57,250.77,253.31,1382059,0.0
2020-07-15,252.06,254.8,249.9238,254.68,1156545,0.0
2020-07-16,256.7,259.95,254.76,258.44,1532003,0.0
2020-07-19,260.08,262.815,258.315,260.95,1176078,0.0
2020-07-20,258.62,260.03,257.28,257.91,1232550,0.0
2020-07-21,259.79,260,255.8,256.81,1224521,0.0
2020-07-22,259.54,260,251.6,252.15,1192734,0.0
2020-07-23,251.26,251.83,245.5,247.96,1888381,0.0
2020-07-26,247.3,255.0964,247.0345,253.55,1536006,0.0
2020-07-27,254.46,258.4,253.77,255.35,1781569,0.0
2020-07-28,250.4,252.85,245.74,248.85,2734534,0.0
2020-07-29,246.4,247.82,245.2,246.14,1434705,0.0
2020-07-30,245.63,246.1,239.3942,244.68,2099390,0.0
2020-08-02,244.85,249.02,244.53,247.37,1195789,0.0
2020-08-03,245.97,246.17,241.3385,243.68,1476937,0.0
2020-08-04,243.91,245.41,240.8,241.49,1500271,0.0
2020-08-05,240.85,242.2,239.105,241.56,1504784,0.0
2020-08-06,243.58,243.62,238.57,240.48,1042527,0.0
2020-08-09,238.86,239.13,236.21,238.17,1101101,0.0
2020-08-10,238.18,238.9,234.36,234.65,1961051,0.0
2020-08-11,234.69,243,234.69,241.72,1957941,0.0
2020-08-12,241.31,242.77,239.61,240.46,1158112,0.0
2020-08-13,239.2144,240.06,238.615,239.71,938502,0.0
2020-08-16,240.21,244.74,240.21,243.02,1158062,0.0
2020-08-17,243.52,244.305,240.02,241.33,903140,0.0
2020-08-18,241.02,243.73,238.5,240.48,1383141,0.0
2020-08-19,240.13,240.6888,237.3,238.72,908755,0.0
2020-08-20,238.88,238.88,235.51,237.79,1508385,0.0
2020-08-23,237.73,238.44,233.56,235.66,1125263,0.0
2020-08-24,242.9,249.96,240.8,248.22,5703169,0.0
2020-08-25,248.33,251.38,245.76,250.18,2759557,0.0
2020-08-26,252.24,256.91,250.41,252.81,2875937,0.0
2020-08-27,253.4,254.14,247.79,253.12,4700059,0.0
2020-08-30,252.93,256.05,250.1,253.3,2489576,0.0
2020-08-31,250.05,252.04,248.68,250.87,2465389,0.0
2020-09-01,251.22,258.8,251.22,258.13,2090900,0.0
2020-09-02,259.29,260.0641,246.35,247.91,2452375,0.0
2020-09-03,251.33,252.27,244.5755,248.4,2240290,0.0
2020-09-07,246.23,246.99,239.525,241.14,2771621,0.0
2020-09-08,242.64,247.49,241.82,245.55,1667505,0.0
2020-09-09,245.24,246.14,238.9,240.63,1504165,0.0
2020-09-10,241.7,245.49,241.07,243.28,1453108,0.0
2020-09-13,244.8362,247.84,244.25,246.74,1479295,0.0
2020-09-14,248.7,251.915,248.1,248.35,1685298,0.0
2020-09-15,251.35,251.35,247,247.76,1895822,0.0
2020-09-16,243.53,249.72,243.02,248.19,2128766,0.0
2020-09-17,248.69,249.84,242.35,247.68,3506215,0.0
2020-09-20,247.04,247.04,238.2,243.29,2079663,0.0
2020-09-21,241.55,248.29,240.895,247.57,1707905,0.0
2020-09-22,247.3,249.23,241.48,242.59,1610824,0.0
2020-09-23,242.1471,242.68,237.78,240.44,1415310,0.0
2020-09-24,239.51,244.18,237.81,243.84,2102682,0.0
2020-09-27,247.68,249.04,244.77,247.07,1303773,0.0
2020-09-28,247.55,249.05,245.48,248.19,1507462,0.0
2020-09-29,249.81,256.115,248.1,254.16,2093487,0.0
2020-09-30,255.07,258.505,254.05,255.5,1770935,0.0
2020-10-01,252.46,254.66,244.01,245.29,1764904,0.0
2020-10-04,246.52,256.6499,246.2405,256.04,2202308,0.0
2020-10-05,257.35,257.35,252.16,252.63,1693142,0.0
2020-10-06,253.96,258.405,253.1,257.67,1326829,0.0
2020-10-07,249.27,250.06,239,240.13,4941327,0.0
2020-10-08,238.5,239.58,234.02,236.7,3630735,0.0
2020-10-11,237.73,241.92,235.7606,239.66,2190425,0.0
2020-10-12,239.76,241.87,238.89,239.35,1327314,0.0
2020-10-13,240.4,242.27,237.2,237.75,1436104,0.0
2020-10-14,236,236.99,232.87,235.03,1914644,0.0
2020-10-15,235.35,239.1599,234.25,235.87,1495806,0.0
2020-10-18,236.21,237.4425,230.01,230.71,1790979,0.0
2020-10-19,231.06,232.9,229.36,231.2,1565839,0.0
2020-10-20,229.46,231.11,227.54,228.97,1454953,0.0
2020-10-21,228.1,229.9294,226.16,227.98,1752128,0.0
2020-10-22,228.72,230.07,226.3,227.06,1784776,0.0
2020-10-25,226.02,228.23,221.8,224.9,2376096,0.0
2020-10-26,225.06,225.95,223.1401,223.26,1456343,0.0
2020-10-27,219.02,221.06,215.93,216.67,2163568,0.0
2020-10-28,213.63,220.33,210.28,217.74,2320637,0.0
2020-10-29,216.22,217.27,213.98,217.22,1902919,0.0
2020-11-01,221.78,222.37,217.2,220.15,1315056,0.0
2020-11-02,221.76,223.08,218.46,219.94,1876772,0.0
2020-11-03,226.29,235.98,225.1,230.33,2753851,0.0
2020-11-04,233.75,233.8273,230,231.975,1409283,0.0
2020-11-05,232.66,233.21,230.04,231.56,1492970,0.0
2020-11-08,242.94,244.8,234,234.95,2123321,0.0
2020-11-09,244,245.84,239.47,241.63,2925908,0.0
2020-11-10,243.92,245.67,238.5,240.69,1731170,0.0
2020-11-11,240.55,240.89,235.64,237.17,1823245,0.0
2020-11-12,236.89,238.59,235.02,237.93,1120636,0.0
2020-11-15,237.42,239.815,235.26,236.815,820320,0.0
2020-11-16,235.01,236.9299,232.12,232.66,1547774,0.0
2020-11-17,234.05,234.37,227.64,227.8,1867020,0.0
2020-11-18,226.97,226.97,223.59,224.66,2231927,0.0
2020-11-19,223.22,225.0909,221.48,223.18,2508863,0.0
2020-11-22,222.0622,223.17,220.3396,222.22,1682335,0.0
2020-11-23,222.45,223.05,219.82,220.43,2182432,0.0
2020-11-24,221.095,223.77,218.92,220.35,1952895,0.0
2020-11-26,221.41,226.21,221.39,224.81,1363069,0.0
2020-11-29,224.33,225.2775,219.45,222.24,2342186,0.0
2020-11-30,224.88,225.78,222.72,225.09,2292053,0.0
2020-12-01,225.08,230.0799,224.6092,226.56,2243745,0.0
2020-12-02,226,228.45,225.52,226.78,1579499,0.0
2020-12-03,225.75,230.33,225.75,229.21,1553563,0.0
2020-12-06,229,229.21,225.11,226.5205,1338151,0.0
2020-12-07,229.01,229.1,226.345,229.02,1422070,0.0
2020-12-08,229.78,231.59,227.88,229.63,1395646,0.0
2020-12-09,229.62,230,227.52,228.17,1166658,0.0
2020-12-10,226.47,227.8,225.495,227.43,1390402,0.0
2020-12-13,229.48,232.19,227.58,229.46,2082622,0.0
2020-12-14,229.01,231.28,227,230.54,2023894,0.0
2020-12-15,229.99,231.28,228.11,228.38,1657281,0.0
2020-12-16,229.12,231.38,228.83,231.15,2023543,0.0
2020-12-17,232.04,232.04,227.25,228.5,2568923,0.0
2020-12-20,225.68,227.94,221.58,227.31,1779141,0.0
2020-12-21,225.72,226.475,220.08,221.08,2572730,0.0
2020-12-22,221.48,223.58,220.66,223.09,1480694,0.0
2020-12-23,223.24,224.58,222.29,222.95,722652,0.0
2020-12-27,223.03,226.9,223.03,223.64,1238235,0.0
2020-12-28,225.88,229.47,225.2733,226.89,1351987,0.0
2020-12-29,227.98,229.03,226.58,226.98,1265903,0.0
2020-12-30,227.31,230.25,225.89,229.85,1284729,0.0
2021-01-03,231.25,231.25,223.67,226.68,2274086,0.0
2021-01-04,226.94,228.895,224.35,227.72,1894770,0.0
2021-01-05,225,233.53,225,233.51,2885740,0.0
2021-01-06,231.86,235.37,231.465,234.02,1969715,0.0
2021-01-07,235.53,238.86,235.1,238.51,1899207,0.0
2021-01-10,240,240.35,234.43,237.44,1943240,0.0
2021-01-11,237.12,238.78,235.35,236.6,1282235,0.0
2021-01-12,235.99,238.5,235.22,237.72,1152513,0.0
2021-01-13,236.5,243.49,235.675,241.67,2101120,0.0
2021-01-14,241.18,246.84,240.0197,245.48,2202867,0.0
2021-01-18,246.5,249,246.38,248.35,1763751,0.0
2021-01-19,247.42,253.35,246.12,252.37,2262294,0.0
2021-01-20,252,252.73,249.52,252.04,1869509,0.0
2021-01-21,252.26,255.23,250.56,253.55,1440971,0.0
2021-01-24,252.05,257.11,251.85,256.86,1478744,0.0
2021-01-25,256.59,259.07,254.86,258.6,1615650,0.0
2021-01-26,255.47,259.44,250.32,250.93,2505058,0.0
2021-01-27,252.48,276.69,243.45,247.73,4798988,0.0
2021-01-28,244.93,246.47,240.25,241.31,2612186,0.0
2021-01-31,244.3,245.48,239.58,240.43,1724377,0.0
2021-02-01,240,241.9482,236.8,240.479,2003991,0.0
2021-02-02,231.5595,239.87,231.391,237.08,3928986,0.0
2021-02-03,236.28,237.855,233.745,237.29,2422317,0.0
2021-02-04,238.31,238.88,235.38,236.29,1857788,0.0
2021-02-07,237.99,239.63,235.85,237.73,1584936,0.0
2021-02-08,237.28,237.67,234.79,236.66,1555057,0.0
2021-02-09,238.4,240.295,236.7,238.59,2122433,0.0
2021-02-10,238.64,239.1319,233.985,235.03,1442413,0.0
2021-02-11,235.04,237.35,233.485,237.3,1193068,0.0
2021-02-15,236.01,237.69,232.53,232.75,1463414,0.0
2021-02-16,232.33,235.84,231.24,235.46,1311502,0.0
2021-02-17,235.43,235.43,232.3,232.58,1564143,0.0
2021-02-18,232.01,233.15,230.85,231.62,1996029,0.0
2021-02-21,230.33,233.8,230.12,231.48,1842058,0.0
2021-02-22,232.65,238,230.9675,232.5,2540425,0.0
2021-02-23,229.87,230.7879,227.71,230.11,2196730,0.0
2021-02-24,229.99,230.5,226.9,227.43,1775936,0.0
2021-02-25,230.3134,230.3134,223.615,224.91,2562684,0.0
2021-02-28,225.88,227.9289,225.23,227.17,1672290,0.0
2021-03-01,227,227.89,225.28,225.69,1688581,0.0
2021-03-02,223.52,225.6878,221.31,223.8,1947972,0.0
2021-03-03,227.82,227.87,220.2533,221.78,2871363,0.0
2021-03-04,222.45,228.15,221.45,227.79,2413556,0.0
2021-03-07,228.08,232.2,226.7,227.57,2238970,0.0
2021-03-08,230,233.12,228.78,229,2287572,0.0
2021-03-09,231.4637,233.49,229.02,229.98,1950925,0.0
2021-03-10,230.66,233.96,228.7781,231.18,1682909,0.0
2021-03-11,230.24,230.76,228.69,230.35,1325045,0.0
2021-03-14,230,236.16,229.8,236.1,2491027,0.0
2021-03-15,238.115,242.02,236.62,240.33,3032762,0.0
2021-03-16,240.31,245.9,239.22,244.49,2754586,0.0
2021-03-17,240.5,247.14,240.5,244.5,2508044,0.0
2021-03-18,245.74,247.4,241.63,245.53,3194295,0.0
2021-03-21,242.36,249.77,242.36,249.75,1448804,0.0
2021-03-22,249.99,250,244.9,245.04,1997307,0.0
2021-03-23,244.3,247.389,243.82,245.65,1788083,0.0
2021-03-24,247.03,247.54,244.98,246.25,1701692,0.0
2021-03-25,245.97,253.28,245.54,252.91,1987554,0.0
2021-03-28,251.53,256.595,251.45,254.96,1979007,0.0
2021-03-29,253.09,254.0075,248.83,249.75,1596530,0.0
2021-03-30,249.23,249.95,247.36,248.79,2265852,0.0
2021-03-31,249.74,250,246.405,249.05,1665028,0.0
2021-04-04,248.95,252.63,249.06,252.09,1449338,0.0
2021-04-05,251.74,252.54,248.24,249.09,1660978,0.0
2021-04-06,248.33,250.22,247.1,248.05,1185675,0.0
2021-04-07,249.1,249.4802,245.98,246.89,1236820,0.0
2021-04-08,247.71,249.1,245.81,248.96,1049570,0.0
2021-04-11,248.94,250,247.79,248.95,1454607,0.0
2021-04-12,249.15,250.35,247.09,249.95,1363317,0.0
2021-04-13,249.97,251.5,249,249.69,1226242,0.0
2021-04-14,250.78,257,250.5,255.04,1842238,0.0
2021-04-15,256.44,258.82,254.67,255.72,1865450,0.0
2021-04-18,252.7,256.11,252.64,255.86,1392825,0.0
2021-04-19,254.62,260.36,254.62,259.14,1305666,0.0
2021-04-20,259.99,261,257.75,258.74,1628832,0.0
2021-04-21,257.75,258.475,253.66,255.07,2973047,0.0
2021-04-22,254.5,258.14,253.67,257.01,1926045,0.0
2021-04-25,256.19,256.75,254.415,255.49,1000350,0.0
2021-04-26,255.27,256.53,253.76,255.14,1435203,0.0
2021-04-27,241.52,243.97,233.76,236.79,6866884,0.0
2021-04-28,235.38,236,231.03,234.79,3678264,0.0
2021-04-29,234.25,240.66,234.2,239.62,2715365,0.0
2021-05-02,240.67,247.02,240.55,245.37,3254154,0.0
2021-05-03,247.38,247.58,242.87,247.41,2776146,0.0
2021-05-04,247,249.98,245.91,249.35,2067699,0.0
2021-05-05,249.41,251.48,246.96,251.3,2402737,0.0
2021-05-06,251.37,255.73,251.36,254.21,2220137,0.0
2021-05-09,255.99,258.81,252.06,252.62,2885927,0.0
2021-05-10,253.16,255.96,251.62,252.3,2003740,0.0
2021-05-11,251.94,253.72,249.68,250.86,1798215,0.0
2021-05-12,250.64,254.09,249.79,252.06,2225705,0.0
2021-05-13,252.89,254.59,251.15,251.41,1828707,0.0
2021-05-16,251.2,254.66,250.64,252.39,1617623,0.0
2021-05-17,252.15,253.1,250.32,250.96,1325305,0.0
2021-05-18,248.4,249.09,246.75,248.7,2086086,0.0
2021-05-19,247.68,254.39,247.51,251.93,1799592,0.0
2021-05-20,253.1,254.06,250.74,251.01,1447344,0.0
