Date,Open,High,Low,Close,Volume,OpenInterest
2017-06-01,998.99,1008.48,995.67,1006.78,2638959,0.0
2017-06-04,1007.22,1013.21,1003.51,1011.17,1860939,0.0
2017-06-05,1011.84,1016.5,1001.25,1003,2264501,0.0
2017-06-06,1005.95,1010.25,1002,1010.08,1909870,0.0
2017-06-07,1012.06,1013.61,1006.11,1010.39,1825291,0.0
2017-06-08,1012.49,1012.99,927,977.27,5238664,0.0
2017-06-11,967.3,975.95,945,964.92,6801192,0.0
2017-06-12,977.99,984.5,966.1,980.8,3123922,0.0
2017-06-13,988.58,990.34,966.71,976.2,2767394,0.0
2017-06-14,955.42,965.73,950.86,964,3820995,0.0
2017-06-15,996,999.75,982,987.61,7787451,0.0
2017-06-18,1017,1017,989.9,995.13,3355328,0.0
2017-06-19,998,1004.88,992.02,992.58,2947920,0.0
2017-06-20,998.7,1002.72,992.6518,1001.79,2009224,0.0
2017-06-21,1002.23,1006.96,997.2,1001.39,1529883,0.0
2017-06-22,1002.23,1004.62,998.02,1003.74,1567841,0.0
2017-06-25,1008.5,1009.8,992,993.99,2296456,0.0
2017-06-26,990.69,998.8,976,977.41,2547606,0.0
2017-06-27,978.95,990.68,969.21,990.03,2503993,0.0
2017-06-28,980.01,987.56,965.25,975.91,2848218,0.0
2017-06-29,980.12,983.47,967.61,968,2236282,0.0
2017-07-02,972.49,974.49,951.0001,953.66,1945386,0.0
2017-07-04,961.08,975,955.25,971.2,2478784,0.0
2017-07-05,964.66,974.4,959.02,965.14,2217027,0.0
2017-07-06,969.55,980.11,969.14,978.66,1722727,0.0
2017-07-09,985,999.4392,983.5,996.33,2299259,0.0
2017-07-10,993.45,995.99,983.72,994.1,2000212,0.0
2017-07-11,1000.65,1008.55,998.1,1006.5,2395069,0.0
2017-07-12,1004.41,1006.88,995.9,999.84,1864677,0.0
2017-07-13,1002.4,1004.45,996.89,1001.9,1343268,0.0
2017-07-16,1004.69,1014.75,1003.81,1010.05,2280859,0.0
2017-07-17,1006,1026.03,1004,1024.3,2734515,0.0
2017-07-18,1025,1031.59,1022.5,1026.88,2021577,0.0
2017-07-19,1031.59,1034.97,1022.52,1029.2,1927938,0.0
2017-07-20,1021.94,1026.1,1011,1024.93,1692818,0.0
2017-07-23,1028.34,1043.01,1027.43,1038.48,1966399,0.0
2017-07-24,1038.05,1043.33,1032.48,1040.13,1492387,0.0
2017-07-25,1043.2,1053.2,1043.2,1053.2,1799775,0.0
2017-07-26,1069.73,1083.31,1040.18,1044.98,6666213,0.0
2017-07-27,1011.9,1032.85,1001,1020.01,4902480,0.0
2017-07-30,1019.05,1019.05,987.02,987.5,4890526,0.0
2017-07-31,996.11,1006.4,991.58,996.19,2947414,0.0
2017-08-01,1001.77,1003.21,981.73,995.32,2717447,0.0
2017-08-02,999.47,999.5,984.59,987.1407,2108352,0.0
2017-08-03,989.68,991.672,982,987.41,1850318,0.0
2017-08-06,990.65,995,987.14,991.8,1753891,0.0
2017-08-07,994.35,996.28,985.79,989.78,1884247,0.0
2017-08-08,982.6,988,975.27,982.22,2275484,0.0
2017-08-09,976.295,979.86,954.68,956.54,3704269,0.0
2017-08-10,960.07,970.39,951.38,968.2,2242880,0.0
2017-08-13,978.42,985.5,976.19,983.25,2075824,0.0
2017-08-14,988.9,991.74,982,982.68,1722131,0.0
2017-08-15,981.65,986.4605,973.22,978.02,1910049,0.0
2017-08-16,977.84,977.84,960.32,960.57,2220614,0.0
2017-08-17,961.4,965.43,954.65,958.61,2125307,0.0
2017-08-20,957.57,961.2,945.46,952.73,1878398,0.0
2017-08-21,956.1,967.93,955.52,966.77,1759190,0.0
2017-08-22,959.38,962,954.2,957.56,1579719,0.0
2017-08-23,957.42,959,941.14,952.52,3349983,0.0
2017-08-24,956,957.621,944.1,945,2092775,0.0
2017-08-27,946.54,953,942.25,945.999,1500476,0.0
2017-08-28,940,956,936.33,954.06,1734857,0.0
2017-08-29,958.44,969.41,956.9062,967.56,1721717,0.0
2017-08-30,974.7,981,972.76,980.66,1846384,0.0
2017-08-31,984.2,984.5,976.875,978.27,1445977,0.0
2017-09-04,975.4,976.7699,960.37,965.24,1812302,0.0
2017-09-05,968.32,971.84,960.6,967.95,1368442,0.0
2017-09-06,974,980.59,972.55,979.581,1614977,0.0
2017-09-07,979.1,979.88,963.47,965.8,1626018,0.0
2017-09-10,974.46,981.94,974.22,977.96,1310555,0.0
2017-09-11,983.27,984.6718,975.517,982.57,1634628,0.0
2017-09-12,982.5,1000,979.42,999.6,2161363,0.0
2017-09-13,996.8,998.56,987.74,992.2,2436115,0.0
2017-09-14,991.87,996.25,984.03,986.95,2333751,0.0
2017-09-17,990.4,992.7922,968.17,973.56,2195068,0.0
2017-09-18,977.25,978.24,967.46,969.19,1644709,0.0
2017-09-19,971.79,974.81,962.1626,973.1,1867937,0.0
2017-09-20,971.31,971.7,962.02,964.82,1452896,0.0
2017-09-21,961.01,965.61,954.42,954.63,1716221,0.0
2017-09-24,949.31,949.42,932.89,939.77,3240262,0.0
2017-09-25,945.49,948.63,931.75,938.59,2228906,0.0
2017-09-26,948,955.3,943.3,950.88,2037736,0.0
2017-09-27,951.11,959.7,950.101,956.4,1616773,0.0
2017-09-28,959.7,964.83,958.375,960.49,1494020,0.0
2017-10-01,964,967.305,952.1201,958.79,1609482,0.0
2017-10-02,958,963.69,950.37,957.06,1782776,0.0
2017-10-03,954.21,967.79,954.05,965.47,1635270,0.0
2017-10-04,970,981.51,969.64,981.14,2022845,0.0
2017-10-05,975.64,995.75,975.64,989.51,2658320,0.0
2017-10-08,993.24,998.5,987.5,990.99,2022729,0.0
2017-10-09,996.67,997.95,980.099,987.2,2192199,0.0
2017-10-10,991.27,995.5,986.695,995,1560726,0.0
2017-10-11,996.85,1008.44,992.4,1001.07,2802467,0.0
2017-10-12,1007,1007.77,1001.03,1003.44,1584992,0.0
2017-10-15,1008.8,1009.57,1001.04,1006.34,1357666,0.0
2017-10-16,1005.59,1011.47,1004.38,1008.99,1487100,0.0
2017-10-17,1009.27,1022.31,996.55,996.99,1714126,0.0
2017-10-18,990.33,991.05,980.24,986.6,1963364,0.0
2017-10-19,993.53,994.62,982,982.91,1406057,0.0
2017-10-22,986.73,986.775,962.5,966.34,2341953,0.0
2017-10-23,969,979.85,965,976,1744834,0.0
2017-10-24,978,984.44,966.24,972.91,2001000,0.0
2017-10-25,980.33,982.9,968.55,972.54,2373669,0.0
2017-10-26,1057.03,1105.58,1050.55,1100.99,11137045,0.0
2017-10-29,1095.42,1122.79,1093.56,1110.85,4459741,0.0
2017-10-30,1109,1110.54,1101.12,1105.67,2289196,0.0
2017-10-31,1105.4,1108.97,1096.74,1103.5,2493594,0.0
2017-11-01,1097.81,1101.94,1086.87,1094,2529218,0.0
2017-11-02,1090.7,1112.68,1088.52,1111.55,2480553,0.0
2017-11-05,1109.15,1125.41,1108.77,1120.46,2163474,0.0
2017-11-06,1124.74,1130.6,1117.5,1123.14,1781040,0.0
2017-11-07,1122.23,1135.54,1119.11,1132.86,1687417,0.0
2017-11-08,1127.41,1129.62,1115.77,1129,2301337,0.0
2017-11-09,1125.5,1131.75,1124.06,1125.34,1384133,0.0
2017-11-12,1123,1139.9,1122.34,1129.21,1977018,0.0
2017-11-13,1130.11,1138,1123.89,1136.84,2112409,0.0
2017-11-14,1127.01,1131.75,1121.63,1127.09,2684046,0.0
2017-11-15,1130.16,1138.16,1130.05,1136.95,1371136,0.0
2017-11-16,1138.26,1138.8,1125.81,1129.87,1488470,0.0
2017-11-19,1129.77,1133.42,1122.55,1126.56,1312262,0.0
2017-11-20,1132.59,1140,1128.2,1139.58,1519825,0.0
2017-11-21,1141,1160.27,1141,1156.16,2438232,0.0
2017-11-23,1160.7,1186.84,1160.7,1186.41,2303646,0.0
2017-11-26,1202.66,1213.41,1191.15,1195.62,4493368,0.0
2017-11-27,1204.6,1205.34,1188.52,1193.6,2980162,0.0
2017-11-28,1194.8,1194.8,1145.19,1161.21,6484713,0.0
2017-11-29,1167.1,1178.57,1160,1176.59,2669924,0.0
2017-11-30,1172.05,1179.65,1152,1161.83,2674294,0.0
2017-12-03,1173.85,1175.2,1128,1133.95,4091385,0.0
2017-12-04,1128.25,1159.27,1124.74,1141.58,2793610,0.0
2017-12-05,1138.58,1155.89,1136.08,1152.94,1827873,0.0
2017-12-06,1156.59,1163.19,1151,1160,1593509,0.0
2017-12-07,1170.4,1172.79,1157.1,1161.99,1901497,0.0
2017-12-10,1164.6,1169.9,1157,1169.15,1434643,0.0
2017-12-11,1166.51,1173.6,1161.61,1165.56,1418735,0.0
2017-12-12,1170,1170.87,1160.27,1164.48,1588655,0.0
2017-12-13,1163.71,1177.93,1162.45,1175.06,2069320,0.0
2017-12-14,1177.85,1182.75,1169.33,1178.98,2640567,0.0
2017-12-17,1187.37,1194.78,1180.91,1190.8,1774701,0.0
2017-12-18,1189.15,1192.97,1179.14,1187.43,1615743,0.0
2017-12-19,1190.8,1191,1176,1177.29,1396963,0.0
2017-12-20,1175.9,1179.17,1167.64,1174.87,1274624,0.0
2017-12-21,1172.08,1174.62,1167.83,1168.33,991630,0.0
2017-12-25,1168.94,1178.32,1160.55,1176.94,1310412,0.0
2017-12-26,1180.74,1187.29,1175.61,1181.81,1168757,0.0
2017-12-27,1189,1190.1,1184.38,1185.99,1170447,0.0
2017-12-28,1182.35,1184,1167.5,1169.54,1471584,0.0
2018-01-01,1172,1190,1170.51,1189,1615329,0.0
2018-01-02,1188.3,1205.49,1188.3,1202.74,1979510,0.0
2018-01-03,1207.52,1215.87,1204.66,1209.64,1918318,0.0
2018-01-04,1217.51,1229.14,1210,1229.07,2134446,0.0
2018-01-07,1236,1253.08,1232.03,1246.95,2621390,0.0
2018-01-08,1256.9,1259.33,1241.76,1253.12,2333547,0.0
2018-01-09,1245.15,1254.29,1237.23,1254.29,1713349,0.0
2018-01-10,1259.74,1276.77,1256.46,1276.77,2083299,0.0
2018-01-11,1274.96,1305.76,1273.39,1305.2,3514773,0.0
2018-01-15,1322.5,1339.94,1292.3,1305.16,4832848,0.0
2018-01-16,1312.24,1314,1280.88,1295,3480712,0.0
2018-01-17,1293.95,1304.6,1284.02,1293.22,2633180,0.0
2018-01-18,1309.79,1313,1292.99,1294.58,2811549,0.0
2018-01-21,1297.17,1327.45,1296.66,1327.45,2465047,0.0
2018-01-22,1337.28,1364.9,1337.28,1363.05,3025423,0.0
2018-01-23,1374.82,1388.16,1338,1357.51,4349398,0.0
2018-01-24,1368,1378.34,1357.62,1377.31,3087991,0.0
2018-01-25,1392.01,1402.53,1380.91,1401.19,2737778,0.0
2018-01-28,1409.18,1431.39,1400.44,1417.68,3468500,0.0
2018-01-29,1403.5,1439.25,1392,1438.19,3612579,0.0
2018-01-30,1451.3,1472.58,1450.04,1451.39,3921711,0.0
2018-01-31,1445,1459.88,1385.14,1388.71,4839431,0.0
2018-02-01,1477.36,1498,1414,1429.87,7078215,0.0
2018-02-04,1402.62,1458.98,1320.72,1390,7078423,0.0
2018-02-05,1361.46,1443.99,1351.79,1442.84,6700703,0.0
2018-02-06,1449,1460.99,1415.15,1415.15,4375563,0.0
2018-02-07,1429.68,1433.75,1349.94,1350.51,4962868,0.0
2018-02-08,1373.49,1383.5,1265.93,1339.34,8710179,0.0
2018-02-11,1364.84,1393.81,1344.01,1386.97,3814015,0.0
2018-02-12,1385.93,1419.72,1383.53,1413.66,3587646,0.0
2018-02-13,1406.25,1452.06,1403.36,1451.08,3552753,0.0
2018-02-14,1466.89,1468.94,1436.84,1461.76,3511847,0.0
2018-02-15,1457.73,1465.8,1446.56,1448.59,2737266,0.0
2018-02-19,1446.49,1488.77,1446.49,1468.36,4199728,0.0
2018-02-20,1485,1503.49,1478.92,1482.92,3940322,0.0
2018-02-21,1495.36,1502.54,1475.76,1484.59,2927702,0.0
2018-02-22,1495.34,1500,1486.5,1500,2690910,0.0
2018-02-25,1509.53,1522.84,1507,1521.95,3078221,0.0
2018-02-26,1524.5,1526.78,1507.21,1512,2975564,0.0
2018-02-27,1519.51,1528.7,1512,1512.45,2405255,0.0
2018-02-28,1513.6,1518.49,1465,1492,4199300,0.0
2018-03-01,1469.5,1501.05,1455.01,1500.21,4342869,0.0
2018-03-04,1494.24,1525,1481,1523.61,3246807,0.0
2018-03-05,1533.2,1542.13,1528,1537.18,2751784,0.0
2018-03-06,1527.14,1545.9,1522.51,1544.9,2365056,0.0
2018-03-07,1550,1554.88,1545.25,1551.67,2179979,0.0
2018-03-08,1563.5,1578.94,1559.08,1578.94,2697253,0.0
2018-03-11,1592.6,1605.33,1586.7,1598.5,3020013,0.0
2018-03-12,1615.96,1617.54,1578.01,1588.13,4065395,0.0
2018-03-13,1597,1606.44,1590.89,1591,2613321,0.0
2018-03-14,1595,1596.91,1578.11,1582.75,2606400,0.0
2018-03-15,1583.15,1589.44,1567.54,1571.69,2857100,0.0
2018-03-18,1554.53,1561.66,1525.35,1545.58,3884291,0.0
2018-03-19,1548.4,1587,1545.41,1586.52,2782441,0.0
2018-03-20,1586.45,1590,1563.17,1582.93,3029009,0.0
2018-03-21,1565.47,1573.85,1542.4,1544.92,3566700,0.0
2018-03-22,1539.01,1549.02,1495.36,1495.55,4669265,0.0
2018-03-25,1530,1556.99,1499.25,1555.87,3216498,0.0
2018-03-26,1572.15,1575.97,1482.32,1497.12,4066382,0.0
2018-03-27,1452,1455.9,1386.17,1429.19,8194083,0.0
2018-03-28,1407,1455.47,1365.2,1445.96,7667686,0.0
2018-04-01,1417.62,1421.36,1355,1371.92,6028133,0.0
2018-04-02,1390.61,1414,1355.33,1392.05,6426994,0.0
2018-04-03,1358.23,1415.39,1352.88,1410.58,4230642,0.0
2018-04-04,1442,1459.56,1427.07,1451.75,3739195,0.0
2018-04-05,1429.97,1452.5,1400.26,1405.21,3449309,0.0
2018-04-08,1425.03,1438.48,1402.57,1405.91,2418160,0.0
2018-04-09,1431.99,1438.38,1415.7,1436.26,2382932,0.0
2018-04-10,1439.44,1448.78,1424.89,1427.29,2057440,0.0
2018-04-11,1439.5,1452.12,1435.06,1448.48,1902684,0.0
2018-04-12,1449.14,1459.78,1424.52,1431.11,2128378,0.0
2018-04-15,1445,1447,1427.48,1440.63,1659342,0.0
2018-04-16,1462.05,1507.19,1457.02,1503.63,3181990,0.0
2018-04-17,1514.65,1533.8,1504.11,1527.85,3121119,0.0
2018-04-18,1543.19,1568.6,1539.06,1556.73,3739164,0.0
2018-04-19,1561.2,1561.2,1516.09,1527.5,3595146,0.0
2018-04-22,1546.69,1548,1503.41,1517.85,2789436,0.0
2018-04-23,1534.99,1539.5,1448.45,1460.61,4937616,0.0
2018-04-24,1458,1469.99,1415.02,1461.74,4135077,0.0
2018-04-25,1485.01,1529.42,1478.5,1519.28,3917941,0.0
2018-04-26,1634.01,1638.1,1517.96,1572.76,7693103,0.0
2018-04-29,1582.5,1596,1560.94,1566.13,3057792,0.0
2018-04-30,1563.22,1585,1552.18,1582.26,2740225,0.0
2018-05-01,1580.8,1588.5,1566.36,1570.53,2612708,0.0
2018-05-02,1560.01,1574.8,1546.02,1570.8,2502792,0.0
2018-05-03,1563,1584.9,1562.19,1580.99,2028511,0.0
2018-05-06,1589.34,1606.95,1587.83,1599.86,2292382,0.0
2018-05-07,1595,1596.88,1582.51,1592.39,1790219,0.0
2018-05-08,1600,1607,1592,1606.87,2115115,0.0
2018-05-09,1608.48,1615.6,1603.44,1609.42,1653857,0.0
2018-05-10,1610.99,1611.1,1597.89,1603.32,1222766,0.0
2018-05-13,1603.2,1611.18,1600.05,1602,1401201,0.0
2018-05-14,1587.8,1587.8,1565.22,1576.5,3010250,0.0
2018-05-15,1577.5,1594.43,1576.67,1587.75,1543344,0.0
2018-05-16,1580.44,1594.04,1573,1581.37,1269222,0.0
2018-05-17,1580.96,1583.59,1572.1,1574.5,1371161,0.0
2018-05-20,1585,1592.05,1575,1585.66,1534343,0.0
2018-05-21,1589.89,1589.89,1575.25,1581.39,1010797,0.0
2018-05-22,1571.05,1601.86,1566.34,1601.86,1782613,0.0
2018-05-23,1598.03,1608.24,1588.38,1603.48,1949555,0.0
2018-05-24,1603,1614.12,1600.45,1609.62,1410804,0.0
2018-05-28,1600.71,1621.79,1600.15,1612.88,2248254,0.0
2018-05-29,1617.01,1626,1612.93,1625.87,1721704,0.0
2018-05-30,1623,1635,1621.35,1630.14,1798032,0.0
2018-05-31,1637.03,1646.73,1635.09,1642.91,1920028,0.0
2018-06-03,1648,1665.68,1645.49,1665.4,1802433,0.0
2018-06-04,1672.99,1699,1670.06,1696.48,2793926,0.0
2018-06-05,1704.51,1714.5,1686.47,1697.78,3317487,0.0
2018-06-06,1698.56,1699.9,1676.11,1689.27,2237154,0.0
2018-06-07,1681.77,1689.44,1673.01,1682.52,1663830,0.0
2018-06-10,1681.51,1694.24,1680.59,1689.62,1336069,0.0
2018-06-11,1691,1699.51,1691,1698.73,1280021,0.0
2018-06-12,1702.81,1713.75,1700.12,1704.81,1956515,0.0
2018-06-13,1712.71,1724.8,1708.87,1723.75,1805126,0.0
2018-06-14,1714,1720.87,1708.52,1716.26,2480829,0.0
2018-06-17,1704.1,1726.74,1702.56,1724.83,1693892,0.0
2018-06-18,1709.04,1736.11,1700.39,1736.01,2278942,0.0
2018-06-19,1742.5,1762.93,1741.36,1750.07,2522375,0.0
2018-06-20,1759.45,1763.95,1717.56,1730.2,2933793,0.0
2018-06-21,1742.63,1743,1711.9,1715.06,2164388,0.0
2018-06-24,1702.25,1705,1646.31,1663.17,4160997,0.0
2018-06-25,1672.37,1701.57,1663.34,1691.19,2360197,0.0
2018-06-26,1708.11,1711.95,1660,1660,2563988,0.0
2018-06-27,1671.51,1705.5,1661.17,1701.5,2616338,0.0
2018-06-28,1717,1723.41,1694.32,1699.67,2474322,0.0
2018-07-01,1682.7,1713.89,1678.06,1713.75,1844773,0.0
2018-07-02,1723.96,1725,1692.48,1694.88,1224968,0.0
2018-07-04,1706.05,1710.69,1682.15,1699.56,1756136,0.0
2018-07-05,1698.01,1715.27,1691.67,1711.01,1379167,0.0
2018-07-08,1723.76,1739.56,1716.23,1739.03,1575436,0.0
2018-07-09,1738.28,1750,1731,1743.35,1701145,0.0
2018-07-10,1737.35,1756.96,1734,1755.53,1707927,0.0
2018-07-11,1764.95,1798,1762.18,1796.6,2695856,0.0
2018-07-12,1803.93,1815.3,1795.23,1813.2,2518905,0.0
2018-07-15,1822.08,1841.95,1814.45,1822.49,3262549,0.0
2018-07-16,1811.56,1851.69,1797.38,1844,3401698,0.0
2018-07-17,1848.01,1858.88,1831.27,1842.47,2801302,0.0
2018-07-18,1829.46,1841,1811.27,1813.68,2546481,0.0
2018-07-19,1824.25,1834.84,1810.06,1813.68,2139385,0.0
2018-07-22,1815,1819,1769.99,1802,2107001,0.0
2018-07-23,1830.73,1840,1809.38,1829.28,2324523,0.0
2018-07-24,1829.3,1863.84,1822.64,1863.8,3333152,0.0
2018-07-25,1839,1844.68,1804.5,1805.22,5681651,0.0
2018-07-26,1876.05,1880.05,1806.53,1817.99,8768534,0.0
2018-07-29,1827.33,1829.5,1766.02,1779.28,5352547,0.0
2018-07-30,1786.49,1801.83,1739.32,1777.41,5382278,0.0
2018-07-31,1784,1798.4365,1776.02,1797.05,3885543,0.0
2018-08-01,1788.77,1836.56,1786,1834.21,3880943,0.0
2018-08-02,1838.78,1841,1821.501,1822.93,2389567,0.0
2018-08-05,1825.81,1847.77,1818.92,1847.68,2480210,0.0
2018-08-06,1854.53,1869.72,1846.27,1862.7,2596829,0.0
2018-08-07,1861,1891.51,1854.5,1886.52,3631508,0.0
2018-08-08,1882.38,1914.57,1877.48,1898.13,3755811,0.0
2018-08-09,1888.51,1899.5,1878.2125,1886,2710068,0.0
2018-08-12,1898.5,1925,1893.67,1895.65,4399293,0.0
2018-08-13,1919.39,1921.01,1900,1919.86,3654984,0.0
2018-08-14,1909.55,1916.21,1869.79,1882.37,7188924,0.0
2018-08-15,1903.94,1905.0499,1883.5525,1887.47,3621475,0.0
2018-08-16,1885.8,1888,1855.55,1882.22,3201138,0.0
2018-08-19,1890.57,1891.7465,1866.061,1877.24,2722850,0.0
2018-08-20,1880,1897.75,1874.405,1883.64,2861300,0.0
2018-08-21,1876.64,1905.8,1876.64,1905.45,2945031,0.0
2018-08-22,1907.17,1919.5,1900.76,1902.8,2409406,0.0
2018-08-23,1910.51,1916.01,1902.54,1905.43,2488959,0.0
2018-08-26,1915,1927.7,1906.01,1927.62,3336319,0.0
2018-08-27,1937.73,1941.7771,1928.82,1933,2842250,0.0
2018-08-28,1953.45,1998.69,1948.94,1998.38,6159931,0.0
2018-08-29,1997.42,2025.57,1986.9,2002.22,7007660,0.0
2018-08-30,2005.01,2022.38,2004.74,2013.83,2830739,0.0
2018-09-03,2026.5,2050.5,2013,2039.58,4420050,0.0
2018-09-04,2038.11,2040.38,1989.89,1995,4249859,0.0
2018-09-05,2006.505,2007.5,1935.21,1958.365,5614278,0.0
2018-09-06,1938.71,1975.2,1937.35,1952.2,3472937,0.0
2018-09-09,1970.43,1973.04,1931.5157,1941.81,3100576,0.0
2018-09-10,1928.27,1988.88,1917,1987.61,2715087,0.0
2018-09-11,1994,2000,1962.44,1990.07,2985582,0.0
2018-09-12,2000,2008.76,1982.0277,1990,3280352,0.0
2018-09-13,1991.75,1993,1959.22,1970.19,3440333,0.0
2018-09-16,1952.865,1956.82,1887.41,1908.03,6821963,0.0
2018-09-17,1917.5,1958.2,1916.01,1941.59,3024558,0.0
2018-09-18,1940.5,1940.83,1904.9,1926.28,2180429,0.0
2018-09-19,1943.1663,1955,1932.25,1944.3,2921514,0.0
2018-09-20,1953.51,1957.31,1910.5011,1915.01,5370017,0.0
2018-09-23,1898.59,1936.88,1865,1934.35,3642637,0.0
2018-09-24,1942.9,1975.91,1938.85,1974.55,2766623,0.0
2018-09-25,1968.3,1995.25,1961.52,1974.85,3223351,0.0
2018-09-26,1989.6,2016.1564,1989.5,2012.98,4055435,0.0
2018-09-27,2009.6628,2026.52,1996.4648,2002.57,3243297,0.0
2018-09-30,2021,2033.19,2003.6,2004.36,2232245,0.0
2018-10-01,2000.6014,2013.39,1965.77,1970,4012791,0.0
2018-10-02,1981.69,1989.7,1949.81,1952.76,4713942,0.0
2018-10-03,1949,1956,1896.57,1910.32,5137287,0.0
2018-10-04,1917.99,1929.08,1862.83,1889.58,5545721,0.0
2018-10-07,1870.585,1901.9962,1830.6627,1864.42,7061322,0.0
2018-10-08,1861,1896.6759,1852.32,1870.32,4496453,0.0
2018-10-09,1855.5332,1857,1754.41,1755.25,10503319,0.0
2018-10-10,1725.01,1754,1685.1,1719.36,11936763,0.0
2018-10-11,1795.905,1806.26,1742.53,1788.61,6314157,0.0
2018-10-14,1793.4,1794.8438,1734.23,1760.95,5859434,0.0
2018-10-15,1783.5,1823.88,1761.55,1820.15,5481724,0.0
2018-10-16,1832.03,1837.9916,1807,1831.73,4860411,0.0
2018-10-17,1819.738,1830.15,1767.87,1770.72,5609484,0.0
2018-10-18,1785,1809.1,1753,1764.03,6486965,0.0
2018-10-21,1784,1809.4999,1756,1789.005,4236373,0.0
2018-10-22,1742.24,1776.34,1714,1768.25,4808949,0.0
2018-10-23,1773.7,1777.71,1656.56,1659.63,5002212,0.0
2018-10-24,1703.34,1794.81,1692.0101,1782,8085683,0.0
2018-10-25,1649.59,1698.46,1603,1638.28,11006965,0.0
2018-10-28,1659.795,1665.7383,1495,1538.6078,10690836,0.0
2018-10-29,1481.58,1540.99,1476.36,1530.42,9332567,0.0
2018-10-30,1569.11,1623.91,1565.09,1599.19,4602373,0.0
2018-10-31,1623.53,1670.4465,1598.44,1665.86,7682121,0.0
2018-11-01,1678.59,1697.44,1651.83,1665.58,6221611,0.0
2018-11-04,1657.57,1658.09,1596.36,1627.45,5231856,0.0
2018-11-05,1618.35,1665,1614.55,1642.86,4000487,0.0
2018-11-06,1673,1759.23,1664.075,1757.36,7606948,0.0
2018-11-07,1752.89,1784,1725.11,1754.95,3299391,0.0
2018-11-08,1735.12,1743.9207,1701.87,1712.03,2962981,0.0
2018-11-11,1699.67,1708.55,1630.01,1636.79,3229882,0.0
2018-11-12,1649.29,1677.0638,1613.75,1631.445,2901917,0.0
2018-11-13,1656.32,1672.9952,1597.07,1600.1,6052227,0.0
2018-11-14,1581.01,1624.82,1546.51,1620,7969198,0.0
2018-11-15,1587.5,1614.48,1573.12,1593.59,5789575,0.0
2018-11-18,1577.01,1581.19,1503.36,1512.7,7408605,0.0
2018-11-19,1437.5,1534.75,1420,1495.46,10400723,0.0
2018-11-20,1542.99,1550,1516.2,1516.4,5464027,0.0
2018-11-22,1517,1536.2,1501.81,1502.08,2508385,0.0
2018-11-25,1539,1584.81,1524.22,1581.33,5901415,0.0
2018-11-26,1575.99,1597.65,1558.01,1582,5417385,0.0
2018-11-27,1613.92,1681.45,1601.215,1677.46,7904444,0.0
2018-11-28,1674.99,1692.37,1652.331,1672.94,6312746,0.0
2018-11-29,1679.5,1696,1666.5,1691.55,5186801,0.0
2018-12-02,1769.46,1778.34,1730,1772.9,6403320,0.0
2018-12-03,1756,1770.3383,1665.404,1668.64,8090560,0.0
2018-12-05,1614.87,1700,1609.85,1700,8247065,0.0
2018-12-06,1705.07,1718.9261,1625.46,1629.11,7080944,0.0
2018-12-09,1623.84,1657.99,1590.87,1641.2,7179113,0.0
2018-12-10,1678,1679.4684,1619.6,1643.4,5802900,0.0
2018-12-11,1669,1704.99,1660.27,1663.13,6044555,0.0
2018-12-12,1680,1692.12,1641.5,1659.74,4979728,0.0
2018-12-13,1638,1642.57,1585,1591.92,5752043,0.0
2018-12-16,1566,1576.13,1505.01,1519.75,8117515,0.0
2018-12-17,1540,1567.55,1523.01,1551.11,6143530,0.0
2018-12-18,1543.05,1584.53,1483.18,1494.83,7903568,0.0
2018-12-19,1484,1509.5,1432.69,1460.83,9314198,0.0
2018-12-20,1464.99,1480,1363.96,1376.73,12453718,0.0
2018-12-23,1346,1396.03,1307,1342.91,6958691,0.0
2018-12-25,1368.89,1473.1567,1363.01,1470.81,9884789,0.0
2018-12-26,1454.2,1469,1390.31,1462,9157443,0.0
2018-12-27,1473.35,1513.47,1449,1475.18,8215424,0.0
2018-12-30,1510.8,1520.76,1487,1492.38,6215958,0.0
2019-01-01,1465.2,1553.36,1460.93,1536.73,7132821,0.0
2019-01-02,1520.01,1538,1498.1062,1502.07,6340704,0.0
2019-01-03,1530,1594,1518.31,1574.54,8285596,0.0
2019-01-06,1602.31,1634.56,1589.185,1631.12,7252880,0.0
2019-01-07,1664.69,1676.61,1616.61,1655.835,8184304,0.0
2019-01-08,1652.98,1667.799,1641.3953,1657.59,5718583,0.0
2019-01-09,1643.07,1663.25,1621.615,1655.5,6024209,0.0
2019-01-10,1640.55,1660.294,1636.22,1639.66,4171157,0.0
2019-01-13,1615,1648.2,1595.15,1619.8767,5255053,0.0
2019-01-14,1632,1672.97,1626.01,1672.75,5504935,0.0
2019-01-15,1684.22,1705,1675.8787,1681.9703,5690955,0.0
2019-01-16,1681.46,1700.17,1677.5,1691.37,3801991,0.0
2019-01-17,1712,1716.2,1691.54,1693.2421,5590622,0.0
2019-01-21,1681,1681.8668,1610.2,1628.398,5768384,0.0
2019-01-22,1655.99,1657.43,1612,1636.55,4758701,0.0
2019-01-23,1641.07,1657.2572,1631.7847,1654.97,3419975,0.0
2019-01-24,1670,1683.48,1661.6122,1668.6,4248850,0.0
2019-01-27,1644.62,1645,1614.09,1636.185,4294355,0.0
2019-01-28,1631.27,1632.38,1590.72,1592.73,4087240,0.0
2019-01-29,1622.09,1676.95,1619.68,1670.2312,4779035,0.0
2019-01-30,1691.87,1736.411,1679.0822,1720.41,7804004,0.0
2019-01-31,1637.8,1673.06,1622.01,1623.8,10364406,0.0
2019-02-03,1623,1649.63,1613.5,1630.5,4434619,0.0
2019-02-04,1643.34,1665.26,1642.5,1656.87,3853990,0.0
2019-02-05,1670.75,1672.26,1633.34,1639.42,3639233,0.0
2019-02-06,1625.02,1625.539,1592.91,1611.6058,4065241,0.0
2019-02-07,1586,1588.59,1566.756,1585.7397,5163140,0.0
2019-02-10,1600.78,1609.29,1586,1591.8,2993984,0.0
2019-02-11,1603.99,1638.97,1598.88,1637.89,4397459,0.0
2019-02-12,1647,1656.38,1637.1063,1640.3726,3144253,0.0
2019-02-13,1624.5,1637.9,1606.061,1623.8774,3678810,0.0
2019-02-14,1627.86,1628.9099,1604.5,1607.5299,3972633,0.0
2019-02-18,1601,1634,1600.56,1627.4731,3363526,0.0
2019-02-19,1630,1634.93,1610.12,1622.62,3099413,0.0
2019-02-20,1619.85,1623.56,1600.91,1619.9,3294305,0.0
2019-02-21,1623.5,1634.94,1621.17,1631.19,2590256,0.0
2019-02-24,1641.45,1654.6,1630.3873,1633,2858663,0.0
2019-02-25,1625.98,1639.99,1616.1335,1636.33,2387059,0.0
2019-02-26,1628.18,1641.81,1615.1,1641.09,2855043,0.0
2019-02-27,1635.25,1651.77,1633.83,1639.79,2439847,0.0
2019-02-28,1653.74,1674.26,1651,1671.26,4274122,0.0
2019-03-03,1685,1709.43,1674.36,1696.16,5635905,0.0
2019-03-04,1702.95,1707.8,1689.01,1691.81,3441803,0.0
2019-03-05,1695.97,1697.75,1668.28,1669.16,3715728,0.0
2019-03-06,1667.06,1669.7534,1620.51,1626.28,4213562,0.0
2019-03-07,1604.01,1622.72,1586.57,1622.11,4139096,0.0
2019-03-10,1626.95,1672.285,1626.01,1670.32,3476811,0.0
2019-03-11,1669,1684.265,1660.98,1672.42,3094709,0.0
2019-03-12,1683,1700,1679.35,1690.8,3263391,0.0
2019-03-13,1691.2,1702,1684.34,1685.29,2583867,0.0
2019-03-14,1700.22,1718.8,1693.13,1712.91,4133684,0.0
2019-03-17,1712.39,1750,1712.39,1742,4804401,0.0
2019-03-18,1754.13,1784.16,1753.51,1762.7,5692348,0.0
2019-03-19,1769.94,1799.01,1767.0338,1797.73,5635029,0.0
2019-03-20,1796.26,1823.75,1787.281,1818.4,5081857,0.0
2019-03-21,1810.17,1818.98,1763.11,1764.06,5841108,0.0
2019-03-24,1757.79,1782.675,1747.5,1774.07,4735693,0.0
2019-03-25,1792.85,1805.77,1773.3597,1784.47,4486129,0.0
2019-03-26,1784.13,1787.5,1745.68,1766,3998643,0.0
2019-03-27,1770,1777.93,1753.47,1773.67,2819446,0.0
2019-03-28,1786.58,1792.86,1776.63,1781.09,2744465,0.0
2019-03-31,1800.11,1815.67,1798.73,1814.36,2005504,0.0
2019-04-01,1811.93,1820,1805.121,1814,3098296,0.0
2019-04-02,1826.72,1830,1809.62,1820.41,3637589,0.0
2019-04-03,1820.65,1828.75,1804.2,1819.51,3318144,0.0
2019-04-04,1829,1838.58,1825.19,1837.65,3186217,0.0
2019-04-07,1833.23,1850.2,1825.11,1849.679,3432186,0.0
2019-04-08,1845.49,1853.09,1831.78,1836.52,3300977,0.0
2019-04-09,1841,1848,1828.81,1847.33,2766747,0.0
2019-04-10,1848.7,1849.95,1840.31,1844.5,2412329,0.0
2019-04-11,1848.4,1851.5,1841.3,1842.96,2598729,0.0
2019-04-14,1842,1846.85,1818.9,1844.85,3271660,0.0
2019-04-15,1851.31,1869.77,1848,1862.92,2788392,0.0
2019-04-16,1872.5,1876.473,1860.44,1864.82,2588487,0.0
2019-04-17,1866.2,1870.82,1859.48,1861.4,2613709,0.0
2019-04-21,1855.4,1888.42,1845.64,1888.04,3196934,0.0
2019-04-22,1891.2,1929.26,1889.58,1924.17,4123487,0.0
2019-04-23,1925.1,1929.69,1898.16,1900.88,3044542,0.0
2019-04-24,1917.0035,1922.45,1900.31,1902.16,4154636,0.0
2019-04-25,1928.69,1951,1898,1950.9,7614548,0.0
2019-04-28,1949,1956.335,1934.09,1939,3542692,0.0
2019-04-29,1930.12,1935.71,1906.95,1926.53,3106108,0.0
2019-04-30,1933.09,1943.64,1910.55,1911.29,2814558,0.0
2019-05-01,1913.33,1921.55,1881.87,1901.72,3641665,0.0
2019-05-02,1949,1964.4,1936,1961.76,5687567,0.0
2019-05-05,1917.98,1959,1910.5,1950.29,4911645,0.0
2019-05-06,1939.99,1949.1005,1903.3795,1922.58,5451477,0.0
2019-05-07,1918.87,1935.37,1910,1916.85,3650183,0.0
2019-05-08,1900.98,1909.4,1876,1900.01,4928658,0.0
2019-05-09,1898,1903.79,1856,1889.98,5355441,0.0
2019-05-12,1837.11,1846.535,1818,1822.62,5312153,0.0
2019-05-13,1839.9,1852.44,1815.75,1840.05,4179780,0.0
2019-05-14,1827.95,1874.427,1823,1871.12,4294255,0.0
2019-05-15,1885.9,1917.51,1882.29,1907.86,4317968,0.0
2019-05-16,1893.05,1910.53,1867.33,1867.99,4384715,0.0
2019-05-19,1852.69,1867.78,1835.54,1858.04,3483969,0.0
2019-05-20,1874.79,1879,1846,1858.11,3603729,0.0
2019-05-21,1851.22,1871.485,1851,1859.425,2647140,0.0
2019-05-22,1837,1844,1804.2,1815.67,4041503,0.0
2019-05-23,1835.89,1841.76,1817.851,1823.3,3096132,0.0
2019-05-27,1832.35,1849.2668,1827.35,1836.56,2861458,0.0
2019-05-28,1823.18,1830,1807.5327,1820.2,3730772,0.0
2019-05-29,1824.31,1829.47,1807.825,1815.81,2934611,0.0
2019-05-30,1790.01,1795.585,1772.7034,1775.07,3916862,0.0
2019-06-02,1760.01,1766.29,1672,1692.76,8372675,0.0
2019-06-03,1699.24,1730.82,1680.89,1730.18,5141474,0.0
2019-06-04,1749.6,1752,1715.2513,1739.48,3781000,0.0
2019-06-05,1737.71,1759.99,1726.13,1754.6292,3355072,0.0
2019-06-06,1762.4,1806.2538,1759.49,1804.02,4065603,0.0
2019-06-09,1822,1884.87,1818,1860.63,4968998,0.0
2019-06-10,1883.25,1893.7,1858,1863.7,3629018,0.0
2019-06-11,1853.98,1865,1844.38,1855.3,2450925,0.0
2019-06-12,1866.72,1883.09,1862.22,1870.748,4993238,0.0
2019-06-13,1864.92,1876,1859,1870.17,4923087,0.0
2019-06-16,1876.5,1895.688,1875.45,1886,2397289,0.0
2019-06-17,1901.35,1921.67,1899.79,1902.15,3523736,0.0
2019-06-18,1907.84,1919.5807,1892.6223,1909.03,2565954,0.0
2019-06-19,1933.33,1935.2,1905.8,1917.95,2858789,0.0
2019-06-20,1912.5,1925.95,1907.58,1911.1,3243263,0.0
2019-06-23,1912.66,1916.86,1901.3,1913.96,1931200,0.0
2019-06-24,1911.84,1916.385,1872.42,1878.64,2712393,0.0
2019-06-25,1892.91,1903.8,1887.32,1897.75,2011515,0.0
2019-06-26,1902,1911.24,1898.04,1903.67,1923521,0.0
2019-06-27,1912.8,1912.8,1884,1889.83,2263386,0.0
2019-06-30,1922.98,1929.82,1914.66,1922.26,2917672,0.0
2019-07-01,1919.38,1934.79,1906.63,1934.79,2407604,0.0
2019-07-02,1935.89,1941.59,1930.5,1939,1475704,0.0
2019-07-04,1928.6,1945.9,1925.3,1943.1,2418081,0.0
2019-07-07,1934.12,1956,1928.2532,1952.33,2593566,0.0
2019-07-08,1947.88,1990.01,1943.475,1987.35,3966987,0.0
2019-07-09,1996.51,2024.94,1995.4,2017.77,4445939,0.0
2019-07-10,2025.62,2035.8,1995.3,2001.07,3957307,0.0
2019-07-11,2008.27,2017,2003.87,2010.02,2199931,0.0
2019-07-14,2021.4,2022.9,2001.55,2021,2598695,0.0
2019-07-15,2010.58,2026.3196,2001.22,2010,2356968,0.0
2019-07-16,2007.05,2012,1992.12,1992.16,2257978,0.0
2019-07-17,1980.01,1987.5,1951.55,1978.67,3163219,0.0
2019-07-18,1991.02,1996,1962.2255,1965,2898302,0.0
2019-07-21,1971.14,1989,1958.26,1985.92,2574102,0.0
2019-07-22,1995.99,1997.79,1973.13,1994.47,2309402,0.0
2019-07-23,1969.3,2001.2,1965.87,2001.04,2306251,0.0
2019-07-24,2001,2001.2,1972.72,1975.02,2871851,0.0
2019-07-25,1942,1950.895,1924.51,1943.05,4535583,0.0
2019-07-28,1930,1932.226,1890.54,1912.87,4140433,0.0
2019-07-29,1891.98,1909.89,1883.48,1899.22,2709016,0.0
2019-07-30,1898.11,1899.55,1849.44,1866.39,4056598,0.0
2019-07-31,1872.35,1897.92,1844.01,1855.33,4444048,0.0
2019-08-01,1845.07,1846.3634,1808.02,1823.52,3812376,0.0
2019-08-04,1771.26,1788.6678,1748.78,1765.13,5334410,0.0
2019-08-05,1791,1793.77,1753.4,1787.44,4598728,0.0
2019-08-06,1773.99,1798.93,1757,1793.39,4044619,0.0
2019-08-07,1806,1834.26,1798.11,1834.26,3268663,0.0
2019-08-08,1826,1831.091,1802.22,1807.88,2495170,0.0
2019-08-11,1795.99,1800.98,1777,1784.75,2510579,0.0
2019-08-12,1781.04,1831.7429,1780,1824.29,3656625,0.0
2019-08-13,1793.01,1795.6514,1757.215,1762.96,4353369,0.0
2019-08-14,1781.99,1788,1761.96,1775.41,3427389,0.0
2019-08-15,1792.89,1802.9082,1784.5496,1791.8,2767735,0.0
2019-08-18,1818.08,1826,1812.61,1816.83,2483931,0.0
2019-08-19,1814.5,1816.82,1799.88,1801.35,1677671,0.0
2019-08-20,1819.39,1829.5785,1815,1823.38,1852417,0.0
2019-08-21,1827.35,1829.4111,1800.1,1804.25,2284144,0.0
2019-08-22,1793.03,1804.8962,1745.23,1750.77,4622453,0.0
2019-08-25,1767.5,1770,1743.51,1770,2669759,0.0
2019-08-26,1775.73,1779.4,1746.68,1761.92,2491245,0.0
2019-08-27,1755,1767.86,1744.0505,1764,2220361,0.0
2019-08-28,1783,1798.55,1777.25,1786.46,2683039,0.0
2019-08-29,1797.49,1799.74,1764.57,1776.19,2577738,0.0
2019-09-02,1770,1800.8,1768,1789.51,3164026,0.0
2019-09-03,1805,1807.6309,1796.23,1800.46,2144301,0.0
2019-09-04,1821.84,1842,1815.575,1840.73,2970700,0.0
2019-09-05,1838.22,1840.65,1826.4,1833.51,2157266,0.0
2019-09-08,1841,1850,1824.61,1831.29,2632165,0.0
2019-09-09,1822.75,1825.81,1805.3356,1821.31,2202645,0.0
2019-09-10,1811.97,1833.42,1809.08,1822.49,2005996,0.0
2019-09-11,1838.1,1853.66,1834.28,1843,2521448,0.0
2019-09-12,1842.01,1846.1215,1835.17,1839.34,1645917,0.0
2019-09-15,1824.02,1825.6941,1800.2,1808.23,3214425,0.0
2019-09-16,1807.2,1823.99,1804.1,1822.62,1767317,0.0
2019-09-17,1818.13,1822.06,1795.5,1817.59,2250447,0.0
2019-09-18,1821.06,1832.57,1817.9,1821.54,1793657,0.0
2019-09-19,1821.71,1830.63,1780.92,1794.89,4714413,0.0
2019-09-22,1777,1792.7,1767.32,1784.29,2557364,0.0
2019-09-23,1790.605,1795.705,1735.545,1742.34,4199402,0.0
2019-09-24,1747.36,1773,1723,1768.08,3087299,0.0
2019-09-25,1762.79,1763.37,1731.5,1740.12,3136278,0.0
2019-09-26,1747.8,1749.12,1713.82,1725.85,3613379,0.0
2019-09-29,1726.99,1737.46,1709.22,1736.12,2300015,0.0
2019-09-30,1746,1755.6,1728.41,1736.11,2721128,0.0
2019-10-01,1727.74,1728.89,1705,1713.23,2954213,0.0
2019-10-02,1713,1725,1685.06,1724.25,3105457,0.0
2019-10-03,1726.06,1740.575,1719.23,1739.4,4348820,0.0
2019-10-06,1731.63,1747.83,1723.7,1732.5,3700680,0.0
2019-10-07,1722.49,1727,1705,1705.25,4559696,0.0
2019-10-08,1719.61,1729.95,1714.36,1721.79,3594275,0.0
2019-10-09,1725,1738.29,1713.75,1720.56,4724970,0.0
2019-10-10,1742.92,1745.45,1729.86,1729.98,5936898,0.0
2019-10-13,1728.69,1741.8887,1722,1736.5,3293125,0.0
2019-10-14,1742.14,1776.45,1740.62,1767.35,5739023,0.0
2019-10-15,1772,1786.24,1770.521,1777.42,4891217,0.0
2019-10-16,1796,1798.85,1782.02,1787.47,4695257,0.0
2019-10-17,1787.8,1793.98,1749.2001,1757.79,6127556,0.0
2019-10-20,1768.63,1785.88,1765,1785.835,1771449,0.0
2019-10-21,1788.15,1789.7799,1762,1765.34,1925469,0.0
2019-10-22,1761.3,1770.05,1742,1761.99,1920970,0.0
2019-10-23,1771.09,1788.3379,1760.27,1781.5935,2931765,0.0
2019-10-24,1697.55,1764.21,1695,1762,8773821,0.0
2019-10-27,1750.7,1778.7,1742.5,1777.04,3399815,0.0
2019-10-28,1775,1777,1755.81,1763.04,2063458,0.0
2019-10-29,1760.24,1782.38,1759.115,1780,2194972,0.0
2019-10-30,1775.99,1792,1771.4753,1777.1431,2375710,0.0
2019-10-31,1788.01,1797.445,1785.279,1791.47,2375327,0.0
2019-11-03,1801.5,1815.06,1801.01,1805.27,2513437,0.0
2019-11-04,1809.16,1810.25,1794,1801.7,1650756,0.0
2019-11-05,1801,1802.5,1788.58,1795.94,1790400,0.0
2019-11-06,1803.76,1805.9,1783.48,1788.2,2365870,0.0
2019-11-07,1787.89,1789.88,1774.04,1785.88,1930135,0.0
2019-11-10,1778.1,1780,1767.13,1771.9,1776035,0.0
2019-11-11,1774.66,1786.22,1771.91,1778.23,1830806,0.0
2019-11-12,1773.39,1775,1747.3217,1753.4,2777022,0.0
2019-11-13,1750.27,1766.5931,1749.56,1754.65,2017087,0.0
2019-11-14,1760.05,1761.68,1732.86,1739.08,3623321,0.0
2019-11-17,1738.3,1753.7,1722.71,1752.86,2585138,0.0
2019-11-18,1756.99,1760.68,1743.03,1753.16,1854190,0.0
2019-11-19,1749.14,1762.524,1734.12,1746.6335,2321723,0.0
2019-11-20,1743,1746.87,1730.36,1735,2377252,0.0
2019-11-21,1739,1746.43,1731,1745.85,2165005,0.0
2019-11-24,1753.25,1777.42,1753.24,1773.69,2906729,0.0
2019-11-25,1779.92,1797.03,1778.35,1796.99,2708603,0.0
2019-11-26,1801,1824.5,1797.31,1818.23,2769246,0.0
2019-11-28,1817.78,1823.98,1800.79,1800.96,1594416,0.0
2019-12-01,1804,1805.55,1762.68,1781.61,3420336,0.0
2019-12-02,1761.13,1772.87,1747.23,1770.33,3215969,0.0
2019-12-03,1774.01,1789.0894,1760.2201,1760.48,2387073,0.0
2019-12-04,1763.5,1763.5,1740,1740.48,2472575,0.0
2019-12-05,1752.33,1754.4,1740.13,1751.59,2739956,0.0
2019-12-08,1750.66,1766.8918,1745.61,1749.42,2123839,0.0
2019-12-09,1747.4,1750.67,1735,1739.49,2186409,0.0
2019-12-10,1741.67,1750,1735.7102,1748.9,1716841,0.0
2019-12-11,1750.7,1764,1745.44,1760.18,2695799,0.0
2019-12-12,1765,1768.99,1755,1760.93,2377943,0.0
2019-12-15,1767,1769.5,1757.05,1769.21,2730112,0.0
2019-12-16,1778.01,1792,1777.39,1790.66,3202975,0.0
2019-12-17,1795.45,1797.86,1782.36,1782.36,2834170,0.0
2019-12-18,1780.5,1792.99,1774.06,1792.29,1947166,0.0
2019-12-19,1799.64,1802.97,1782.45,1786.57,3782377,0.0
2019-12-22,1788.26,1793,1784.51,1793,1759437,0.0
2019-12-23,1793.81,1795.57,1787.575,1789.63,800738,0.0
2019-12-25,1801.2,1870.46,1799.5,1869.02,6125518,0.0
2019-12-26,1882.92,1901.4,1866.01,1869.26,5755838,0.0
2019-12-29,1874,1884,1840.62,1847.18,3444132,0.0
2019-12-30,1841.99,1853.26,1832.23,1847.64,2138549,0.0
2020-01-01,1874.79,1898,1864.15,1897.71,3583611,0.0
2020-01-02,1864.5,1886.1965,1864.5,1874.93,3293469,0.0
2020-01-05,1860,1903.69,1860,1903.33,3598872,0.0
2020-01-06,1904.5,1913.89,1892.0433,1906.86,3569706,0.0
2020-01-07,1898.68,1910.9999,1886.4448,1892.09,3100021,0.0
2020-01-08,1909.89,1917.82,1895.8038,1901,2913887,0.0
2020-01-09,1905.37,1906.94,1880,1882.98,2652859,0.0
2020-01-12,1891.31,1898,1880.8,1891.41,2515868,0.0
2020-01-13,1885.96,1887.11,1858.55,1869.2,3123178,0.0
2020-01-14,1872.13,1878.86,1855.09,1862.01,2658380,0.0
2020-01-15,1882.99,1885.59,1866.02,1877.95,2419044,0.0
2020-01-16,1885.89,1886.64,1857.25,1864.71,3437411,0.0
2020-01-20,1865,1894.27,1860,1892.55,5977747,0.0
2020-01-21,1896.09,1902.5,1883.34,1887.46,5797891,0.0
2020-01-22,1885.11,1889.975,1872.76,1884.58,4048982,0.0
2020-01-23,1890.28,1894.99,1847.44,1861.64,6851714,0.0
2020-01-26,1820.5,1841,1815.34,1828.89,3002750,0.0
2020-01-27,1840.5,1858.11,1830.02,1853.33,2356589,0.0
2020-01-28,1864,1874.75,1855.02,1858,1820096,0.0
2020-01-29,1858,1872.87,1850.61,1870.8896,3255311,0.0
2020-01-30,2051.47,2055.72,2002.27,2007.75,14449332,0.0
2020-02-02,2010.6,2048.5,2000.25,2003.25,5527745,0.0
2020-02-03,2029.81,2059.8,2015.37,2049.78,4958935,0.0
2020-02-04,2071.02,2071.02,2032,2039.62,3950987,0.0
2020-02-05,2041.02,2056.3,2024.8,2050.37,2827062,0.0
2020-02-06,2041.99,2098.53,2038.1,2079.21,4794674,0.0
2020-02-09,2085.01,2135.6,2084.96,2134.55,4671496,0.0
2020-02-10,2150.9,2185.95,2136,2152.27,5584290,0.0
2020-02-11,2163.95,2180.2495,2155.29,2161.34,3101082,0.0
2020-02-12,2146,2170.28,2142,2151.12,2688038,0.0
2020-02-13,2155.68,2159.0352,2125.89,2135.48,2362540,0.0
2020-02-17,2127.98,2166.07,2124.105,2155.67,2674865,0.0
2020-02-18,2167.8,2185.1,2161.12,2170.21,2261147,0.0
2020-02-19,2172.67,2176.79,2127.45,2153.59,2908965,0.0
2020-02-20,2141,2144.55,2088,2095.97,4363040,0.0
2020-02-23,2003.18,2039.295,1987.9742,2008.74,6047539,0.0
2020-02-24,2026.42,2034.6,1958.42,1970.65,5858950,0.0
2020-02-25,1970.01,2014.67,1960.45,1979.61,4906059,0.0
2020-02-26,1934.38,1975,1882.7621,1882.88,7600123,0.0
2020-02-27,1814.63,1889.76,1811.129,1889.18,8494919,0.0
2020-03-01,1905.26,1954.51,1870,1954,6115818,0.0
2020-03-02,1973,1996.33,1888.0901,1908.88,6986980,0.0
2020-03-03,1946.57,1978,1922,1976.46,4261291,0.0
2020-03-04,1933,1960.72,1910,1924.03,4275800,0.0
2020-03-05,1875,1910.87,1869.5,1901.14,4771029,0.0
2020-03-08,1768.6001,1862.77,1761.29,1800.01,13436736,0.0
2020-03-09,1870,1894.27,1818.17,1894,6442309,0.0
2020-03-10,1857.85,1871.3195,1801.5,1819.63,5114340,0.0
2020-03-11,1721.98,1765,1675,1676.21,10301824,0.0
2020-03-12,1755,1786.31,1680.62,1786.31,7834519,0.0
2020-03-15,1642,1759.4519,1626.0319,1688,8030027,0.0
2020-03-16,1776,1857.775,1689.2402,1807.38,20134204,0.0
2020-03-17,1750,1841.66,1745,1832.39,7949578,0.0
2020-03-18,1858.33,1945,1832.65,1880.5,9312968,0.0
2020-03-19,1925,1957,1820.73,1846.09,9098838,0.0
2020-03-22,1827.75,1919.4,1812,1902.54,7171193,0.0
2020-03-23,1951.31,1955,1900.3403,1940,6411717,0.0
2020-03-24,1920.69,1950.26,1885.78,1885.78,5985263,0.0
2020-03-25,1902,1956.49,1889.29,1955.225,5377163,0.0
2020-03-26,1931,1939.79,1899.92,1899.92,4672178,0.0
2020-03-29,1922.48,1973.63,1912.34,1964.78,5244822,0.0
2020-03-30,1964.35,1993.02,1944.01,1949.79,4471543,0.0
2020-03-31,1933,1944.96,1893,1906.58,3729348,0.0
2020-04-01,1901.64,1927.5258,1890,1918.83,8042698,0.0
2020-04-02,1911.15,1926.33,1889.15,1906.6,3159348,0.0
2020-04-05,1936,1998.52,1930.02,1998.49,5120376,0.0
2020-04-06,2017.26,2035.72,1997.62,2011.6,4710631,0.0
2020-04-07,2021,2044,2011.15,2042.9,3693156,0.0
2020-04-08,2046,2053,2017.66,2042.82,4188295,0.0
2020-04-12,2039.87,2180,2038,2168.01,6310824,0.0
2020-04-13,2200.47,2292,2186.21,2283.31,15168337,0.0
2020-04-14,2257.68,2333.369,2245,2309.27,12634637,0.0
2020-04-15,2346,2460.998,2335,2408.19,33024507,0.0
2020-04-16,2372.33,2400,2316.02,2372.87,27969629,0.0
2020-04-19,2389.95,2444.98,2386.05,2393.08,15428327,0.0
2020-04-20,2416.61,2428.3098,2279.66,2329.36,20725717,0.0
2020-04-21,2369,2394,2351,2366.54,13904142,0.0
2020-04-22,2399.98,2424.22,2382.08,2399.44,8913313,0.0
2020-04-23,2417,2420.433,2382,2410,10481568,0.0
2020-04-26,2443.2,2444.88,2363,2376.82,10185891,0.0
2020-04-27,2372.1,2373.5,2306,2314.08,4643171,0.0
2020-04-28,2330.01,2391.89,2310,2371.88,7930384,0.0
2020-04-29,2419.84,2471.5,2396.01,2471.5,6873149,0.0
2020-04-30,2336.8,2362.44,2258.1902,2285.94,18176321,0.0
2020-05-03,2256.38,2326.98,2256.38,2315.99,4478248,0.0
2020-05-04,2340,2351,2307.125,2317.64,5909618,0.0
2020-05-05,2329.44,2357.45,2320,2350.97,2897787,0.0
2020-05-06,2374.78,2376,2343.11,2367.61,5882764,0.0
2020-05-07,2372.14,2387.2449,2357,2379.5,2751843,0.0
2020-05-10,2374.7,2419.665,2372.11,2406.9375,2942003,0.0
2020-05-11,2411.85,2419,2355.61,2357.505,5466390,0.0
2020-05-12,2366.8,2407.7,2337.805,2366.17,4474923,0.0
2020-05-13,2361.01,2391.37,2353.21,2391.37,3179099,0.0
2020-05-14,2368.52,2411,2356.37,2410.41,3788139,0.0
2020-05-17,2404.3457,2433,2384.01,2426.38,8093054,0.0
2020-05-18,2429.83,2484.995,2428.97,2448.59,4098905,0.0
2020-05-19,2477.87,2500.01,2467.27,2497.35,7341200,0.0
2020-05-20,2500,2525.45,2442.54,2448.01,9538349,0.0
2020-05-21,2455.01,2469.85,2430.13,2436.89,5253352,0.0
2020-05-25,2458,2462,2414.06,2423.7,3153936,0.0
2020-05-26,2404.99,2413.58,2330,2409.51,4754020,0.0
2020-05-27,2384.33,2436.97,2378.23,2401.05,2866537,0.0
2020-05-28,2415.94,2439,2398.1973,2436.53,5483326,0.0
2020-05-31,2448,2476.93,2444.17,2470.12,5441594,0.0
2020-06-01,2467,2473.53,2445.31,2473.3,4430214,0.0
2020-06-02,2468.01,2488,2461.17,2478.4,4700140,0.0
2020-06-03,2477.43,2507.54,2450.01,2460.6,5957350,0.0
2020-06-04,2444.51,2488.645,2437.13,2481.415,2821697,0.0
2020-06-07,2500.2,2530,2487.335,2522.8,3362615,0.0
2020-06-08,2529.44,2626.43,2525,2603.39,9564493,0.0
2020-06-09,2645,2722.35,2626.26,2648.16,9144811,0.0
2020-06-10,2603.5,2671.38,2536.23,2558.47,5177179,0.0
2020-06-11,2601.21,2621.4766,2566,2566.705,2752912,0.0
2020-06-14,2526.6,2584,2508,2572.62,6856018,0.0
2020-06-15,2620,2620,2576,2615.13,3175918,0.0
2020-06-16,2647.5,2655,2631.82,2641.72,5090473,0.0
2020-06-17,2647.01,2659.64,2636.11,2655,2114206,0.0
2020-06-18,2678.08,2697.43,2659,2671.86,8507797,0.0
2020-06-21,2684.5,2713.98,2669,2712,2754781,0.0
2020-06-22,2726.02,2783.11,2718.04,2764.42,3945888,0.0
2020-06-23,2780,2796,2721,2733.49,4148702,0.0
2020-06-24,2739.55,2756.23,2712.14,2756.16,2695963,0.0
2020-06-25,2775.056,2782.5688,2688,2692.87,5446380,0.0
2020-06-28,2690.01,2696.8,2630.08,2681.52,3895727,0.0
2020-06-29,2685.065,2769.63,2675.03,2756.09,3188724,0.0
2020-06-30,2757.99,2895,2754,2879.2,6112148,0.0
2020-07-01,2912.01,2955.56,2871.102,2887.56,6173373,0.0
2020-07-05,2934.97,3059.88,2930,3057.16,6493685,0.0
2020-07-06,3058.55,3069.55,2990,3000.12,4875944,0.0
2020-07-07,3022.61,3083.97,3012.4302,3081.88,4687637,0.0
2020-07-08,3115.99,3193.88,3074.0017,3183.81,6101864,0.0
2020-07-09,3191.76,3215,3135.7,3203.36,5135404,0.0
2020-07-12,3251.06,3344.29,3068.3901,3101.55,7304358,0.0
2020-07-13,3089,3127.38,2950,3084.02,6842135,0.0
2020-07-14,3080.23,3098.35,2973.1802,3008.87,5493280,0.0
2020-07-15,2971.06,3032,2918.23,2994.55,5979324,0.0
2020-07-16,3009,3024,2948.45,2961.47,4387781,0.0
2020-07-19,3000.2,3201.3599,2994.017,3195.01,7081997,0.0
2020-07-20,3232.49,3240.5757,3105.72,3141.43,5766866,0.0
2020-07-21,3125,3150,3065.26,3100.23,3731096,0.0
2020-07-22,3098.2712,3098.2712,2977.9639,2987.725,3491415,0.0
2020-07-23,2930,3031.58,2888,3008.92,5356527,0.0
2020-07-26,3062,3098,3015.77,3053.89,3843776,0.0
2020-07-27,3054.27,3077.0925,2995.76,2999.62,2874548,0.0
2020-07-28,3030.99,3039.1592,2996.77,3034.27,2761363,0.0
2020-07-29,3014,3092,3005,3052.65,4619962,0.0
2020-07-30,3244,3246.82,3151,3164.68,7390222,0.0
2020-08-02,3180.51,3184,3104,3111.42,3755142,0.0
2020-08-03,3101.21,3167.24,3101.21,3138.82,4498038,0.0
2020-08-04,3143.77,3213.586,3127.3,3205.83,3729635,0.0
2020-08-05,3194.36,3247.47,3165.43,3224.35,3776929,0.0
2020-08-06,3224.01,3240.81,3140.6726,3165.75,3698110,0.0
2020-08-09,3134.66,3155.33,3101.52,3149.87,2275412,0.0
2020-08-10,3113.2,3159.22,3073,3080.67,3384016,0.0
2020-08-11,3108,3174.385,3101.42,3161,3099388,0.0
2020-08-12,3182.99,3217.521,3155,3161.02,2859738,0.0
2020-08-13,3178.18,3178.2356,3120,3148,2453638,0.0
2020-08-16,3173.12,3194.97,3154.1775,3181.16,2307380,0.0
2020-08-17,3212,3320,3205.8186,3312.49,5011644,0.0
2020-08-18,3303.01,3315.9,3256,3260.15,3836717,0.0
2020-08-19,3252,3312.62,3238,3296.05,3010116,0.0
2020-08-20,3295,3314.3962,3275.39,3284.59,3298563,0.0
2020-08-23,3310.15,3380.315,3257.5608,3307.45,4293678,0.0
2020-08-24,3294.99,3357.4,3267,3346.05,3781529,0.0
2020-08-25,3351.11,3451.7388,3344.5674,3442.06,6420990,0.0
2020-08-26,3450.05,3453,3378,3400.7,3948873,0.0
2020-08-27,3423,3433.3699,3386.5,3401.8,2555139,0.0
2020-08-30,3408.99,3495,3405,3441.91,3853016,0.0
2020-08-31,3489.58,3513.87,3467,3500.47,3176312,0.0
2020-09-01,3547,3552.25,3486.685,3529.34,3607645,0.0
2020-09-02,3485,3488.41,3303,3369.17,7553385,0.0
2020-09-03,3318,3381.5,3111.13,3294.62,8364379,0.0
2020-09-07,3144,3250.845,3130,3149.84,5531793,0.0
2020-09-08,3202.99,3303.175,3185,3268.27,4679433,0.0
2020-09-09,3336.52,3349.89,3170.55,3176.12,4143393,0.0
2020-09-10,3208.69,3217.3408,3083.98,3117.28,4802863,0.0
2020-09-13,3172.9373,3187.39,3096,3102.97,4155895,0.0
2020-09-14,3136.16,3175.02,3108.92,3153.28,3623915,0.0
2020-09-15,3179.99,3187.238,3074.15,3077.14,4013159,0.0
2020-09-16,3009.25,3029.432,2972.55,3010.56,5878006,0.0
2020-09-17,3031.74,3037.8,2905.54,2952.64,7048417,0.0
2020-09-20,2906.5,2962,2871,2962,5556010,0.0
2020-09-21,3033.835,3133.99,3000.2,3129,6434345,0.0
2020-09-22,3120.43,3126.999,2992.376,2997.44,5139526,0.0
2020-09-23,2977.79,3069.3,2965,3018.58,5243062,0.0
2020-09-24,3054.86,3101.54,2999,3094.65,4132029,0.0
2020-09-27,3148.85,3175.04,3117.1685,3175.04,3460095,0.0
2020-09-28,3175.39,3188.26,3132.54,3142.92,2988446,0.0
2020-09-29,3141.14,3212.88,3133.99,3147.425,4021286,0.0
2020-09-30,3208,3224,3172,3222.01,4447323,0.0
2020-10-01,3153.63,3195.7964,3123,3125.93,4742517,0.0
2020-10-04,3145.84,3202.53,3140.85,3199.2,3257694,0.0
2020-10-05,3165,3182,3090,3099.29,4281272,0.0
2020-10-06,3135,3200,3132.385,3192.51,3910789,0.0
2020-10-07,3225,3233.2944,3174.99,3190.55,2837992,0.0
2020-10-08,3210,3288.99,3197.83,3287.82,4342333,0.0
2020-10-11,3349.94,3496.24,3339.55,3442.93,7483386,0.0
2020-10-12,3467.09,3492.38,3424.217,3442.64,4939710,0.0
2020-10-13,3448.9,3464.88,3340,3363.05,5167878,0.0
2020-10-14,3292.01,3355.88,3280,3338.62,4399240,0.0
2020-10-15,3362.64,3399.6606,3160,3160,5426210,0.0
2020-10-18,3299.61,3329,3192.735,3207.3,4104388,0.0
2020-10-19,3222.28,3266,3192.01,3216.26,3900027,0.0
2020-10-20,3206.26,3233.875,3160,3183.6,3568927,0.0
2020-10-21,3188.41,3198.75,3121.955,3177.4,3584321,0.0
2020-10-22,3189.48,3205.33,3140,3204.64,3013885,0.0
2020-10-25,3199.63,3282.98,3153.3,3207.32,5228634,0.0
2020-10-26,3224.94,3291.66,3211.3,3287.92,3742219,0.0
2020-10-27,3249.29,3264.02,3162.47,3162.49,4840893,0.0
2020-10-28,3201.27,3257.25,3164,3212.79,5352688,0.0
2020-10-29,3157.75,3167.004,3019,3036.13,7556383,0.0
2020-11-01,3061.74,3079.705,2950.395,3004.48,6469197,0.0
2020-11-02,3018.53,3074.9,2980.98,3046.25,4399819,0.0
2020-11-03,3159.99,3244.85,3139.73,3241.16,5771116,0.0
2020-11-04,3319.97,3366.8,3288.88,3322,4939019,0.0
2020-11-05,3304.64,3322,3232,3310.41,4119260,0.0
2020-11-08,3231.03,3289,3112.1057,3141.34,5888038,0.0
2020-11-09,3095.02,3114,3019.483,3035.18,5767971,0.0
2020-11-10,3061.78,3139.145,3050,3136.81,3575504,0.0
2020-11-11,3159.95,3175.88,3086.05,3110.2,3797585,0.0
2020-11-12,3122,3141.7227,3085.39,3134.09,3101035,0.0
2020-11-15,3093.2,3142.7,3072.685,3132.99,3314168,0.0
2020-11-16,3183.5444,3189.25,3135.26,3135.66,2931983,0.0
2020-11-17,3134,3140,3105.1,3105.1,2625670,0.0
2020-11-18,3105.31,3125,3080.92,3114.41,2667000,0.0
2020-11-19,3117.02,3132.89,3098.0457,3099.205,2850532,0.0
2020-11-22,3116.6985,3139.745,3065.46,3100.18,4234476,0.0
2020-11-23,3100.5,3134.25,3086.258,3116.86,3305787,0.0
2020-11-24,3141.87,3198,3140.26,3184.82,3478095,0.0
2020-11-26,3211.26,3216.19,3190.05,3195.95,2179416,0.0
2020-11-29,3208.48,3228.39,3125.55,3168.03,3492689,0.0
2020-11-30,3188.5,3248.95,3157.18,3220.08,4192750,0.0
2020-12-01,3221.65,3232,3173.26,3203.75,2776516,0.0
2020-12-02,3205.46,3228.64,3181.31,3188.66,2578482,0.0
2020-12-03,3198.21,3198.21,3158.76,3163.49,2651712,0.0
2020-12-06,3156.48,3180.76,3141.69,3158.77,2291149,0.0
2020-12-07,3158.9,3184.13,3120.02,3176.64,2985433,0.0
2020-12-08,3167.89,3174.43,3088,3101.35,3743779,0.0
2020-12-09,3088.99,3142.1,3076,3100.07,2616777,0.0
2020-12-10,3096.66,3118.67,3072.82,3116.41,2829892,0.0
2020-12-13,3143,3190.47,3126,3156.97,3595275,0.0
2020-12-14,3181.01,3188.5,3130.49,3166.45,2911200,0.0
2020-12-15,3176.01,3247,3163.68,3240.96,3845903,0.0
2020-12-16,3250,3263.51,3221,3237.015,3037171,0.0
2020-12-17,3243.99,3249.42,3171.6,3201.07,4186849,0.0
2020-12-20,3200.01,3226.9666,3166,3205.74,3242075,0.0
2020-12-21,3202.8435,3222,3180.08,3206.52,2098711,0.0
2020-12-22,3205,3210.13,3184.17,3186.73,1836532,0.0
2020-12-23,3193.9,3202,3169,3171.16,1379521,0.0
2020-12-27,3194,3304,3172.69,3283.96,5387557,0.0
2020-12-28,3309.94,3350.65,3281.223,3320.71,4605698,0.0
2020-12-29,3341,3342.1,3282.47,3285.85,2897643,0.0
2020-12-30,3275,3282.9219,3241.2,3256.41,2636124,0.0
2021-01-03,3270,3272,3144.02,3186.65,3974073,0.0
2021-01-04,3166.01,3223.38,3165.06,3218.51,2325459,0.0
2021-01-05,3146.48,3197.509,3131.16,3138.01,3919285,0.0
2021-01-06,3157,3208.542,3155,3161.41,2951339,0.0
2021-01-07,3180,3190.64,3142.2,3182.7,3261271,0.0
2021-01-10,3148.01,3156.384,3110,3115.75,3263070,0.0
2021-01-11,3120,3142.1418,3086,3120.88,3009716,0.0
2021-01-12,3128.44,3189.95,3122.08,3166.24,2985766,0.0
2021-01-13,3167.52,3178,3120.59,3129.32,2668943,0.0
2021-01-14,3123.02,3142.545,3095.17,3104.54,3703097,0.0
2021-01-18,3107,3145,3096,3121,2780438,0.0
2021-01-19,3181.99,3279.8,3175,3264.73,4777430,0.0
2021-01-20,3293,3348.55,3289.5674,3307.21,4330235,0.0
2021-01-21,3304.31,3321.91,3283.1643,3290,2377222,0.0
2021-01-24,3328.5,3363.89,3243.1462,3293.1,3353964,0.0
2021-01-25,3296.356,3338,3282.87,3326.12,2616245,0.0
2021-01-26,3341.49,3346.52,3207.08,3234.98,4066864,0.0
2021-01-27,3235.04,3301.68,3228.69,3239.7,2742821,0.0
2021-01-28,3230,3236.99,3184.55,3206.31,2855494,0.0
2021-01-31,3242.36,3350.26,3235.025,3342.88,3734204,0.0
2021-02-01,3380,3427.74,3361.125,3383.23,5024907,0.0
2021-02-02,3425.01,3434,3308.62,3311.26,6445905,0.0
2021-02-03,3330,3347,3277.75,3330.84,3481246,0.0
2021-02-04,3319,3377,3302.71,3352.49,3369086,0.0
2021-02-07,3358.5,3365,3304,3323.49,3032558,0.0
2021-02-08,3312.49,3338,3297.84,3305,2046628,0.0
2021-02-09,3314,3317.9548,3254,3286.59,2828767,0.0
2021-02-10,3292,3292,3248.06,3261.65,2137817,0.0
2021-02-11,3250,3280.25,3233.31,3278.38,2090930,0.0
2021-02-15,3254.05,3308.3,3253.591,3267.05,2271010,0.0
2021-02-16,3263.6,3320.91,3259.4995,3307.8,3098210,0.0
2021-02-17,3282.42,3338,3273.94,3329.43,2760173,0.0
2021-02-18,3328.23,3333.5,3245.75,3251,3926662,0.0
2021-02-21,3208.13,3232.3198,3172.26,3182.39,3060818,0.0
2021-02-22,3127.03,3204.73,3093.6,3195.65,4308229,0.0
2021-02-23,3166.75,3171.23,3125.38,3159.53,2674277,0.0
2021-02-24,3136.74,3178.26,3047.76,3057.16,4060542,0.0
2021-02-25,3095.2,3122.44,3036.7,3092.349,3796445,0.0
2021-02-28,3127.89,3149.56,3097.99,3146.61,2457512,0.0
2021-03-01,3143.47,3163.52,3087.12,3095.99,2354430,0.0
2021-03-02,3081.18,3107.775,2995,3005.01,3619826,0.0
2021-03-03,3012,3058.13,2945.43,2977.04,5291821,0.0
2021-03-04,3005,3009,2881,3000.45,5094668,0.0
2021-03-07,3015,3064.59,2951.31,2951.951,3754633,0.0
2021-03-08,3017.99,3090.96,3005.1475,3062.67,3452858,0.0
2021-03-09,3098.45,3116.46,3030.05,3057.64,2678924,0.0
2021-03-10,3104.01,3131.7842,3082.93,3116.48,2494485,0.0
2021-03-11,3075,3098.98,3045.5,3091.23,2187125,0.0
2021-03-14,3074.57,3082.24,3032.09,3081.42,2584085,0.0
2021-03-15,3104.97,3128.91,3075.86,3092.42,2306176,0.0
2021-03-16,3073.22,3173.05,3070.22,3135.2,2832264,0.0
2021-03-17,3101,3116.63,3025,3027.99,3341991,0.0
2021-03-18,3029.23,3077.285,3016.63,3072.99,3524817,0.0
2021-03-21,3067.85,3126.58,3060.05,3111.37,2427729,0.0
2021-03-22,3126.9,3182,3120.85,3137.5,3194548,0.0
2021-03-23,3151.04,3160.31,3085.15,3087.17,2622965,0.0
2021-03-24,3072.91,3109.78,3037.14,3046.26,3205209,0.0
2021-03-25,3044.06,3056.66,2996,3053.14,2441802,0.0
2021-03-28,3055.4395,3091.25,3028.445,3076.76,2253856,0.0
2021-03-29,3070,3073,3034,3054.7,2060154,0.0
2021-03-30,3064.1,3119.33,3062.5,3095.65,2526462,0.0
2021-03-31,3116.35,3162.44,3115.55,3161.55,2642215,0.0
2021-04-04,3173.5,3235.955,3161.24,3225.26,2813107,0.0
2021-04-05,3223.75,3247.31,3217.04,3223.99,2095298,0.0
2021-04-06,3230.38,3303.6125,3223.65,3279.39,3070221,0.0
2021-04-07,3309.14,3324.5,3292,3299.99,2543206,0.0
2021-04-08,3303.01,3372.09,3288.9,3372.09,3934619,0.0
2021-04-11,3358.43,3395.04,3351.15,3379.39,2730031,0.0
2021-04-12,3402,3432,3395.63,3400,2965807,0.0
2021-04-13,3403.63,3404.13,3326,3334.4,2601737,0.0
2021-04-14,3371,3397,3352,3378.89,2645364,0.0
2021-04-15,3381.63,3406.8,3355.59,3399.21,2726658,0.0
2021-04-18,3390.03,3435.9333,3360.16,3373.94,2353485,0.0
2021-04-19,3372.26,3382.99,3316,3334.68,2239818,0.0
2021-04-20,3316.34,3362.86,3303.8062,3361.52,1862645,0.0
2021-04-21,3372.89,3373,3301.45,3308.0676,2331810,0.0
2021-04-22,3319.1,3375,3308.5,3340.52,2624762,0.0
2021-04-25,3350.01,3428.45,3330.94,3408.96,4540005,0.0
2021-04-26,3443.37,3460,3398.01,3418.72,3436951,0.0
2021-04-27,3433.24,3489.88,3425,3461.12,4240027,0.0
2021-04-28,3503.99,3514.445,3435,3471.31,5462247,0.0
2021-04-29,3526.58,3554,3462.5,3470.02,6264077,0.0
2021-05-02,3484.73,3486.645,3372.7012,3386.49,5542338,0.0
2021-05-03,3349.88,3367.975,3272.13,3312.65,4966841,0.0
2021-05-04,3340.01,3354.695,3264.36,3271.17,3392998,0.0
2021-05-05,3270.02,3314.4,3247.2,3306.37,3929977,0.0
2021-05-06,3323.25,3330.89,3289.0703,3290.69,4227346,0.0
2021-05-09,3281.5,3283,3190,3190.49,5422001,0.0
2021-05-10,3137,3238,3127.37,3223.11,4244525,0.0
2021-05-11,3186.59,3207.94,3133.1,3154.73,4379172,0.0
2021-05-12,3184.81,3203.84,3133,3162.61,3031350,0.0
2021-05-13,3185,3228.86,3183,3221.92,2660882,0.0
2021-05-16,3246.25,3292.75,3234.59,3271.79,3231546,0.0
2021-05-17,3293.17,3312,3230.37,3232.73,2500745,0.0
2021-05-18,3196.8,3234.75,3184,3232.55,2293730,0.0
2021-05-19,3247.59,3259.68,3236.18,3248.54,2183348,0.0
2021-05-20,3248.93,3256.6946,3197.01,3202,3554416,0.0
