Date,Open,High,Low,Close,Volume,OpenInterest
2017-05-29,125.82,126.92,125.73,126.75,190544,0.0
2017-05-30,127,127.73,125.96,126.32,332416,0.0
2017-05-31,126.92,127.89,125.44,127.8525,602083,0.0
2017-06-01,128.65,129.53,128.46,129.49,262438,0.0
2017-06-04,129.2,129.85,128.731,129.54,188308,0.0
2017-06-05,128.89,129.62,128.03,128.4,479455,0.0
2017-06-06,128.93,129.26,127.74,128.34,376220,0.0
2017-06-07,128.53,128.75,126,126.96,440285,0.0
2017-06-08,127.3,127.66,122.89,124.52,403145,0.0
2017-06-11,123.64,124.12,120,122.39,890698,0.0
2017-06-12,122.69,122.725,121.01,122.48,517996,0.0
2017-06-13,122.66,124.24,121.69,122.74,627624,0.0
2017-06-14,121.56,121.9313,119.34,121.08,697720,0.0
2017-06-15,120.82,122,120.44,121.77,1032197,0.0
2017-06-18,122.76,124.37,122.13,122.59,562457,0.0
2017-06-19,122.22,124.54,120.3,120.95,615248,0.0
2017-06-20,121.11,122.84,120.94,122.37,578100,0.0
2017-06-21,122.54,123.28,121.53,122.65,278127,0.0
2017-06-22,122.5,123.46,122.19,122.52,452640,0.0
2017-06-25,122.83,123.805,122.335,122.78,237528,0.0
2017-06-26,122.87,123.36,121.13,121.27,420383,0.0
2017-06-27,121.9,122.47,120.94,122.04,423918,0.0
2017-06-28,121.98,122.98,119.93,120.42,385664,0.0
2017-06-29,120.63,122.39,120.63,121.65,847736,0.0
2017-07-02,122.31,123.99,120.34,120.45,282198,0.0
2017-07-04,120.58,121.24,119.75,120.87,438822,0.0
2017-07-05,120.15,121.43,119.85,120.93,225430,0.0
2017-07-06,121.31,123.04,121.24,122.39,175526,0.0
2017-07-09,122.49,123.38,121.8,122.26,232812,0.0
2017-07-10,122.39,123.17,121.92,122.82,174905,0.0
2017-07-11,123.66,124.94,123.33,124.66,208360,0.0
2017-07-12,124.87,125.17,123.53,124.48,215223,0.0
2017-07-13,124.42,124.69,123.53,124.59,213716,0.0
2017-07-16,124.41,125.14,123.83,124.67,272675,0.0
2017-07-17,124.9,125.13,124.0738,125.021,215159,0.0
2017-07-18,125.14,126.32,124.66,126.18,236976,0.0
2017-07-19,126.2,126.335,125.322,126.03,166400,0.0
2017-07-20,125.85,127.14,125.36,126.67,165164,0.0
2017-07-23,126.55,127.59,126.3901,127.42,163053,0.0
2017-07-24,127.55,128.6,127.2501,127.91,159302,0.0
2017-07-25,128.26,128.56,127.39,127.87,144778,0.0
2017-07-26,128.23,128.57,126.95,127.58,283710,0.0
2017-07-27,127.25,128.99,126.75,128.41,154034,0.0
2017-07-30,128.8,129.85,128.41,129.55,316090,0.0
2017-07-31,129.52,131.63,129.025,130.2,442007,0.0
2017-08-01,130.45,130.45,126.72,127.4,511190,0.0
2017-08-02,123.84,126.1386,121.3722,123.34,973922,0.0
2017-08-03,124.02,125.45,123.55,124.32,355771,0.0
2017-08-06,124.47,125.26,123.84,124.97,170798,0.0
2017-08-07,124.91,127.69,124.34,124.43,157675,0.0
2017-08-08,123.98,125.07,123.525,124.76,158763,0.0
2017-08-09,124.42,124.755,122.65,122.7,266836,0.0
2017-08-10,123.23,123.84,122.45,122.97,229518,0.0
2017-08-13,124.04,125.38,123.925,125.2,182796,0.0
2017-08-14,125.72,126.32,124.92,126.06,191320,0.0
2017-08-15,126.5,128.72,125.92,128.53,318419,0.0
2017-08-16,128.42,128.91,125.5,125.52,235980,0.0
2017-08-17,125.53,126.31,124.38,125.58,192173,0.0
2017-08-20,125.77,126.95,125.08,126.55,163051,0.0
2017-08-21,127,129.34,126.87,129,201934,0.0
2017-08-22,127.81,128.94,127.2,127.24,301866,0.0
2017-08-23,127.43,127.88,126.34,127.1,161907,0.0
2017-08-24,127.93,128.55,127.3,127.79,125525,0.0
2017-08-27,128.1,128.48,127.19,127.63,138342,0.0
2017-08-28,127.16,127.16,126.04,126.56,220126,0.0
2017-08-29,126.23,127.95,126.1301,127.92,169249,0.0
2017-08-30,128.39,128.89,127.43,128.82,267043,0.0
2017-08-31,128.57,129.57,127.71,128.09,255664,0.0
2017-09-04,128,128.52,126.93,128.48,222501,0.0
2017-09-05,128.67,128.99,127.22,127.69,202507,0.0
2017-09-06,128.17,128.88,127.64,128.46,155789,0.0
2017-09-07,128.31,129.115,127.87,128.455,159580,0.0
2017-09-10,129.28,130.46,128.39,129.81,306706,0.0
2017-09-11,129.49,132.07,129.14,132.01,273608,0.0
2017-09-12,131.68,132.74,131.34,131.5,233839,0.0
2017-09-13,131.43,131.43,128.96,129.14,388145,0.0
2017-09-14,129.08,129.08,120.79,121.79,1238661,0.0
2017-09-17,121.78,123.83,121.37,123.57,424997,0.0
2017-09-18,123.3,123.84,122.31,123.42,635377,0.0
2017-09-19,123.5,124.37,122.52,122.97,584408,0.0
2017-09-20,123,123.21,120.33,120.81,501029,0.0
2017-09-21,120.3,122.26,120.08,122,383178,0.0
2017-09-24,121.82,122.13,119.49,120.74,397221,0.0
2017-09-25,121,121.15,119.2,120.65,281282,0.0
2017-09-26,121,121.45,119.78,120.89,427185,0.0
2017-09-27,120.38,121.95,120.38,121.6,422114,0.0
2017-09-28,121.67,122.83,121.3408,122.73,272409,0.0
2017-10-01,123.16,124.59,123.16,123.79,236997,0.0
2017-10-02,123.73,124.87,123.62,124.635,208271,0.0
2017-10-03,124.31,124.69,124,124.52,305331,0.0
2017-10-04,125.21,125.28,124.3,125.23,238265,0.0
2017-10-05,125.12,126.21,124.13,126.03,275596,0.0
2017-10-08,125.95,126.37,125.19,126.08,132541,0.0
2017-10-09,126.66,126.875,125.775,126.21,145394,0.0
2017-10-10,126.3,127.27,125.91,127.14,221612,0.0
2017-10-11,127.11,129.78,126.88,129.24,346260,0.0
2017-10-12,129.82,130.255,129.34,129.94,182137,0.0
2017-10-15,130.15,131.48,129.585,131.31,300804,0.0
2017-10-16,131.24,131.86,129.1,129.71,282709,0.0
2017-10-17,130.22,130.31,129.39,129.58,225009,0.0
2017-10-18,129.36,129.92,127.68,129.88,315463,0.0
2017-10-19,130.26,131.04,129.505,130.94,313662,0.0
2017-10-22,131.44,132.47,131.05,131.25,113825,0.0
2017-10-23,131.31,132.14,130.451,132.08,125125,0.0
2017-10-24,131.61,133.4,131.38,132.89,179113,0.0
2017-10-25,133.51,133.99,132.53,133.83,217391,0.0
2017-10-26,134.05,135.96,132.95,135.77,165231,0.0
2017-10-29,135.33,135.92,134.67,135.8,179313,0.0
2017-10-30,136.02,137.05,134.45,136.71,299681,0.0
2017-10-31,137.55,138.39,135.28,135.66,343205,0.0
2017-11-01,143.98,155.14,143.27,148.67,1213884,0.0
2017-11-02,148.93,150.68,147.7,149.11,571982,0.0
2017-11-05,149.3,152.22,147.39,151.19,520590,0.0
2017-11-06,150.72,152.4955,149.69,151.94,348496,0.0
2017-11-07,151.36,152.72,149.7,151.47,348827,0.0
2017-11-08,150.75,151.34,149,150.48,248162,0.0
2017-11-09,150.14,150.54,149.205,150.24,204948,0.0
2017-11-12,150,151.74,149.37,150.87,189179,0.0
2017-11-13,150.25,150.7,149.18,149.35,422058,0.0
2017-11-14,149.4,151.34,148.95,149.32,369589,0.0
2017-11-15,149.5,152.02,149.1,151.46,187789,0.0
2017-11-16,151.18,151.92,150.05,150.56,202895,0.0
2017-11-19,150.83,151.84,150.38,151.22,237307,0.0
2017-11-20,151.63,154.43,150.87,153.42,427431,0.0
2017-11-21,153.8,153.8,150.0701,150.4,571629,0.0
2017-11-23,150.59,152.64,149.41,151.8,460632,0.0
2017-11-26,151.91,152.44,150.14,150.88,332954,0.0
2017-11-27,151.24,152.28,149.62,150.31,366231,0.0
2017-11-28,149.71,150.43,145.78,146.56,469507,0.0
2017-11-29,146.73,148.84,145.79,147.98,356473,0.0
2017-11-30,148.45,148.81,143.94,146.53,408962,0.0
2017-12-03,147.68,147.89,141.91,142.01,325054,0.0
2017-12-04,143.515,144.48,141.93,143.44,160531,0.0
2017-12-05,143.6,144.8499,143.455,144.75,198077,0.0
2017-12-06,144.46,146.58,144.25,146.31,165895,0.0
2017-12-07,146.82,147.68,145.6,146.16,288931,0.0
2017-12-10,146.01,147.01,145.37,146.39,203667,0.0
2017-12-11,146.09,146.75,144.85,145.31,318908,0.0
2017-12-12,145.78,146.34,144.06,144.76,191448,0.0
2017-12-13,144.97,146.18,144.37,144.52,127444,0.0
2017-12-14,144.84,148.45,144.56,147.99,437983,0.0
2017-12-17,148,148.92,146.875,147.53,278492,0.0
2017-12-18,147.81,148.3,146.755,147.66,162229,0.0
2017-12-19,147.57,148.2,145.655,147.35,261034,0.0
2017-12-20,147.91,148.26,146.9,147.22,228497,0.0
2017-12-21,147.23,147.23,145.03,146.67,117734,0.0
2017-12-25,146.26,146.75,145.14,146.41,136122,0.0
2017-12-26,146.59,147.155,145.81,146.65,124697,0.0
2017-12-27,146.84,147.92,146.12,147.62,153004,0.0
2017-12-28,147.9,149.18,147.52,147.6,195039,0.0
2018-01-01,148.15,148.67,147.025,148.55,248070,0.0
2018-01-02,148.53,152.39,148.355,151.45,365508,0.0
2018-01-03,151.77,154.015,151.38,151.79,303130,0.0
2018-01-04,152.5,153.42,151.92,152.45,234427,0.0
2018-01-07,152.27,154.01,151.655,153.63,200397,0.0
2018-01-08,153.39,156.14,153.39,155.21,261230,0.0
2018-01-09,154.4,154.92,151.6,152.12,436616,0.0
2018-01-10,152.76,153.885,151.93,152.21,301663,0.0
2018-01-11,152.06,154.45,151.7,154.22,319916,0.0
2018-01-15,154.86,155.67,152.44,153.38,290414,0.0
2018-01-16,154.71,156.31,152.96,155.76,342557,0.0
2018-01-17,155.97,158.73,155.97,158.35,255897,0.0
2018-01-18,159.09,161.95,158.32,161.54,354937,0.0
2018-01-21,161.53,163.18,160.6,163.17,326646,0.0
2018-01-22,163.22,163.22,161.63,161.85,228098,0.0
2018-01-23,162.01,162.96,161.1332,161.52,304764,0.0
2018-01-24,162.56,163.07,159.67,159.91,230526,0.0
2018-01-25,160.98,164.14,160.34,163.96,318111,0.0
2018-01-28,163.55,164.9,162.4,162.75,206456,0.0
2018-01-29,163.75,164.21,160.36,161.62,524313,0.0
2018-01-30,162.34,164.52,161.06,161.5,602871,0.0
2018-01-31,160.97,163.71,160.825,163.43,348105,0.0
2018-02-01,162.29,163.4,160.22,160.27,228026,0.0
2018-02-04,160.11,161.64,156,156.04,421515,0.0
2018-02-05,152.84,157.65,151.79,157.09,362234,0.0
2018-02-06,156.23,157.95,154.58,155.04,299940,0.0
2018-02-07,155.03,157.47,148.79,148.91,360546,0.0
2018-02-08,150.33,152.34,146.01,150.4,377471,0.0
2018-02-11,151.08,154.62,150.64,153.8,272840,0.0
2018-02-12,152.7,154.59,152.62,154.21,172434,0.0
2018-02-13,153.07,157.85,152.395,157.73,210692,0.0
2018-02-14,158.94,162.64,158.07,162.43,256313,0.0
2018-02-15,161.8,165.5,160.2104,164.15,517033,0.0
2018-02-19,164,169.45,163.53,167.81,656193,0.0
2018-02-20,167.74,168.77,163.11,163.48,496811,0.0
2018-02-21,164.49,164.77,154.02,160.96,820557,0.0
2018-02-22,162.09,162.52,159.28,160.89,444862,0.0
2018-02-25,161.09,163.23,160.63,161.66,275677,0.0
2018-02-26,161.99,162.97,160.71,161.34,235990,0.0
2018-02-27,162.37,164.21,159.9,159.94,322640,0.0
2018-02-28,160.42,162.87,157.58,158.71,259949,0.0
2018-03-01,157.79,163.06,157.79,162.63,216181,0.0
2018-03-04,160.99,164.37,160.27,163.225,217051,0.0
2018-03-05,163.15,164.28,161.8,163.75,218761,0.0
2018-03-06,161.9,165.67,161.9,165.42,209143,0.0
2018-03-07,165.82,168.93,164.51,168.02,365118,0.0
2018-03-08,169,171.21,168.5,171.17,299428,0.0
2018-03-11,171.17,171.92,169.9,169.94,270530,0.0
2018-03-12,171.11,171.76,166.855,167.75,256005,0.0
2018-03-13,168.48,168.48,166.1616,167.02,157058,0.0
2018-03-14,167.6,168.48,166.08,167.36,204843,0.0
2018-03-15,167.75,168.49,165.205,166.31,275891,0.0
2018-03-18,165.93,166.31,163.41,164.95,171877,0.0
2018-03-19,165.08,166.975,163.29,165.49,367412,0.0
2018-03-20,165.82,167.89,164.277,166.39,334764,0.0
2018-03-21,164.72,166.48,162.3,162.41,195834,0.0
2018-03-22,162.47,164.1,157.67,157.75,262440,0.0
2018-03-25,160.19,162.65,158.56,161,479659,0.0
2018-03-26,161.83,162.81,156.06,157.04,251083,0.0
2018-03-27,157.08,158.35,154.83,154.87,340281,0.0
2018-03-28,156.01,158.91,154.18,156.63,368912,0.0
2018-04-01,156.59,158.96,152.64,153.87,310925,0.0
2018-04-02,154.39,157.78,153.5301,156.11,275203,0.0
2018-04-03,153.91,158.535,152.77,157.92,241514,0.0
2018-04-04,158.61,160.37,157.015,157.79,189709,0.0
2018-04-05,156.19,157.7,152.27,153.5,239439,0.0
2018-04-08,154.96,157.5,154.08,154.35,185050,0.0
2018-04-09,156.48,158.86,155.6,157.92,236099,0.0
2018-04-10,156.69,158.83,156.67,157,170415,0.0
2018-04-11,157.84,159.75,157.075,159.03,127378,0.0
2018-04-12,159.59,159.62,156.22,157,75658,0.0
2018-04-15,158.35,160.25,156.99,159.98,297341,0.0
2018-04-16,161.27,164.95,160.79,164.6,425226,0.0
2018-04-17,164.67,166.6,162.82,166.51,405219,0.0
2018-04-18,165.9,166.89,164.5,165.49,757049,0.0
2018-04-19,165.39,165.455,162.18,163.78,698025,0.0
2018-04-22,163.78,164.9,161.68,162.58,261982,0.0
2018-04-23,163.45,166.18,159.7,160.96,201182,0.0
2018-04-24,160.65,161.19,157.17,159.85,183037,0.0
2018-04-25,160.94,163.76,160.25,162.6,119443,0.0
2018-04-26,163.07,164.31,161.85,162.79,164548,0.0
2018-04-29,162.97,164,0,161.7,186546,0.0
2018-04-30,161.58,162.94,159.59,161.11,195906,0.0
2018-05-01,160.34,162.82,158.63,160.65,333772,0.0
2018-05-02,160.08,163.38,156.1,160.96,489835,0.0
2018-05-03,160.9,164.5526,156.251,164.17,367403,0.0
2018-05-06,164.84,166.7,164.2,165.75,288075,0.0
2018-05-07,163.24,167.73,163.24,167.47,339634,0.0
2018-05-08,168.33,171.97,167.4375,171.51,356115,0.0
2018-05-09,171.97,173.11,171.06,172.3,312012,0.0
2018-05-10,172.56,173.2,170.6101,172.13,281175,0.0
2018-05-13,172.3,172.69,166.56,166.97,217013,0.0
2018-05-14,165.9,165.9,163.73,165.48,333627,0.0
2018-05-15,165.27,166.79,164.06,165.29,257389,0.0
2018-05-16,165.48,165.99,163.51,164.58,182095,0.0
2018-05-17,164.32,165.9599,163.25,164.93,210547,0.0
2018-05-20,165.81,166.76,163.41,164.48,153563,0.0
2018-05-21,164.58,164.93,163.17,163.45,231680,0.0
2018-05-22,162.32,164.17,161.1,164.16,258259,0.0
2018-05-23,164.01,164.75,161.82,163.22,396404,0.0
2018-05-24,163.22,163.74,161.74,162.3,210808,0.0
2018-05-28,161.2,162.86,160.49,161.59,217961,0.0
2018-05-29,158.865,164.45,158.865,162.89,277072,0.0
2018-05-30,162.99,163.98,161.79,162.8,268642,0.0
2018-05-31,163.81,166.19,163,165.8,343325,0.0
2018-06-03,165.81,168.2,165.56,168.14,185244,0.0
2018-06-04,159.77,170.71,159.77,170.02,323280,0.0
2018-06-05,170.08,171.64,169.29,171.54,324119,0.0
2018-06-06,171.99,171.99,168.66,170.83,589139,0.0
2018-06-07,170.64,172.59,169.27,172.23,297997,0.0
2018-06-10,172.54,173.35,170.011,172.98,189506,0.0
2018-06-11,173.37,176.12,172.835,175.96,242718,0.0
2018-06-12,175.78,178.06,175.41,175.8,232440,0.0
2018-06-13,176.67,178.15,175.04,176.93,260049,0.0
2018-06-14,176.92,178.34,175.7,177.74,423027,0.0
2018-06-17,176.92,178.38,175.47,177.92,192798,0.0
2018-06-18,176.53,177.69,175.38,176.75,385778,0.0
2018-06-19,179.78,183.48,179,182.73,470765,0.0
2018-06-20,183.68,184.945,180.83,181.91,346935,0.0
2018-06-21,182.4,182.4,178.38,179.33,322808,0.0
2018-06-24,177.98,179.05,175.22,177.15,485474,0.0
2018-06-25,177.5,182.2,176.49,177.28,203166,0.0
2018-06-26,177.27,179.715,171.59,171.71,398175,0.0
2018-06-27,171.54,174.29,171.23,172.91,374664,0.0
2018-06-28,173.38,175.34,173.18,174.19,464191,0.0
2018-07-01,173.42,176.71,172.39,175.99,219753,0.0
2018-07-02,176.9,176.9,172.97,173.32,162525,0.0
2018-07-04,174.43,175.4628,172.74,175.41,233808,0.0
2018-07-05,175.16,178.06,175.16,177.71,244416,0.0
2018-07-08,178.41,179.9,176.8,177.15,463952,0.0
2018-07-09,176.52,178.36,176.16,176.46,310881,0.0
2018-07-10,175.45,177.58,173.02,176.7,409059,0.0
2018-07-11,177.88,181.0395,177.3,180.15,490574,0.0
2018-07-12,180.12,180.76,178.85,179.74,308767,0.0
2018-07-15,180.37,180.72,178.28,178.76,195666,0.0
2018-07-16,178.53,181.1,177.58,180.65,203679,0.0
2018-07-17,180.92,181.485,179.445,180.88,187394,0.0
2018-07-18,180.25,182,177.49,180.34,158500,0.0
2018-07-19,180.24,180.98,178.74,178.91,262858,0.0
2018-07-22,179.12,179.42,176.98,177.6,763270,0.0
2018-07-23,173.38,179.39,173.38,175.24,479454,0.0
2018-07-24,175.91,177.74,175.58,177.45,306924,0.0
2018-07-25,176.45,178.03,176.04,176.99,255730,0.0
2018-07-26,179.095,179.095,173.46,174.25,389816,0.0
2018-07-29,174.11,174.33,168.14,168.51,333666,0.0
2018-07-30,169.74,170.41,167.5,168.93,523451,0.0
2018-07-31,168.5,171.09,168.5,170.4,404585,0.0
2018-08-01,170.35,173.2,170.195,173.15,433970,0.0
2018-08-02,173.03,173.51,170.41,173.31,303477,0.0
2018-08-05,172.72,175.92,170,175.66,509429,0.0
2018-08-06,174.8,176.84,170,172.83,443580,0.0
2018-08-07,173.38,174.735,170.96,172.89,361394,0.0
2018-08-08,173.3,174.315,171.69,172.02,225642,0.0
2018-08-09,171.16,171.95,170.06,171.54,304688,0.0
2018-08-12,171.82,172.82,170.13,171.06,217830,0.0
2018-08-13,172.05,173.76,171.2,173.55,250393,0.0
2018-08-14,172.24,173.25,169.72,171.34,293700,0.0
2018-08-15,172.44,173.48,171.73,172.13,318722,0.0
2018-08-16,171.99,172.54,170.35,172.28,227161,0.0
2018-08-19,172.95,173.73,171.57,172.52,214449,0.0
2018-08-20,172.54,174.87,172.49,174.02,267471,0.0
2018-08-21,173.76,175.73,172.75,175.17,237768,0.0
2018-08-22,175.15,177.49,175.15,175.68,219797,0.0
2018-08-23,176.68,178.42,176.06,178.1,184501,0.0
2018-08-26,179.11,182.78,178.08,180.29,547023,0.0
2018-08-27,180,184.85,179.94,184.1,451100,0.0
2018-08-28,184.03,186.055,183.63,185.67,342350,0.0
2018-08-29,184.32,185.86,184.32,185.42,216578,0.0
2018-08-30,185.45,187.12,185.36,185.98,224199,0.0
2018-09-03,185.66,187.9116,184.52,187.29,324959,0.0
2018-09-04,186.78,187.45,183.1,184.33,490823,0.0
2018-09-05,184.38,186.34,182.78,185.2,319801,0.0
2018-09-06,184.17,186.845,182.73,185.48,304848,0.0
2018-09-09,186.38,186.495,185.15,185.65,312617,0.0
2018-09-10,185.81,187.38,184.87,186.785,257981,0.0
2018-09-11,186.2,187.9,184.295,187.49,217889,0.0
2018-09-12,187.99,189.66,187.59,188.49,160357,0.0
2018-09-13,188.95,190.45,187.7,189.51,308494,0.0
2018-09-16,189.465,189.48,183.74,183.85,328579,0.0
2018-09-17,184.11,186.87,183.99,184.83,587717,0.0
2018-09-18,184.69,185.73,182.72,184.25,246169,0.0
2018-09-19,183.61,184.805,183.065,183.75,602797,0.0
2018-09-20,183.51,186.51,182.25,182.48,812672,0.0
2018-09-23,181.96,183.49,180.42,183.37,333672,0.0
2018-09-24,184.235,185.43,183.98,184.99,354665,0.0
2018-09-25,185.9688,186.59,184.28,184.98,415806,0.0
2018-09-26,185.65,187.24,185.5,186.41,286162,0.0
2018-09-27,185.92,187.52,180.9919,186.725,414456,0.0
2018-09-30,187.81,189.65,185.405,186,303693,0.0
2018-10-01,185.815,185.86,181.82,182.21,253386,0.0
2018-10-02,182.91,183.72,181.83,182.22,335715,0.0
2018-10-03,181.07,181.07,174.13,175.38,450169,0.0
2018-10-04,175.44,176.68,172,173.76,362672,0.0
2018-10-07,173.32,173.9758,166.26,168.26,342889,0.0
2018-10-08,167.49,170.45,164.65,165.84,551500,0.0
2018-10-09,165.51,165.51,155.56,155.71,673033,0.0
2018-10-10,154.54,158.485,153.11,153.54,852319,0.0
2018-10-11,157.15,159.33,155.4812,158.89,790493,0.0
2018-10-14,158.42,159.22,156.28,156.48,590783,0.0
2018-10-15,158.345,161.12,158.28,158.99,959658,0.0
2018-10-16,158.89,159.66,157.62,158.85,536834,0.0
2018-10-17,158.11,159.1,153.68,153.75,499864,0.0
2018-10-18,155.26,155.96,150.55,150.58,630228,0.0
2018-10-21,151.31,155.1,150.02,152.9,853409,0.0
2018-10-22,149.16,152.17,147.71,150.68,1417907,0.0
2018-10-23,150.65,151.83,143.685,144.01,600270,0.0
2018-10-24,145.58,147.925,144.13,146.83,521556,0.0
2018-10-25,143.64,146,140.78,143.56,547256,0.0
2018-10-28,147.67,149.34,141.24,143.83,665829,0.0
2018-10-29,144.02,147.17,143.52,146.211,426301,0.0
2018-10-30,148.19,152.19,148.1,149.37,561752,0.0
2018-10-31,150.01,153.41,149.12,153.12,721300,0.0
2018-11-01,160.54,160.54,154.41,155.26,734868,0.0
2018-11-04,156.44,156.55,151.91,153.16,554651,0.0
2018-11-05,152.9,154.3,151.3238,152.86,614196,0.0
2018-11-06,154.14,160.51,154.14,159.81,607671,0.0
2018-11-07,165.39,170.73,165.39,169.69,974153,0.0
2018-11-08,168.75,169.67,163.49,165.95,571459,0.0
2018-11-11,165.24,166.44,158.88,159.04,377398,0.0
2018-11-12,160.12,161.85,157.65,159.27,255960,0.0
2018-11-13,160.43,162.245,155.32,155.75,455977,0.0
2018-11-14,155.28,160.59,153.93,160.27,534077,0.0
2018-11-15,158.09,159.48,154.08,158.3,393259,0.0
2018-11-18,158.13,158.7,148.38,149.72,618917,0.0
2018-11-19,147.36,152.09,145.5802,149.45,738316,0.0
2018-11-20,152.52,155.26,150.49,151.99,663204,0.0
2018-11-22,150.34,151.7,149.1942,150.43,266892,0.0
2018-11-25,152.89,154.34,150.79,154.27,557860,0.0
2018-11-26,153.33,153.62,150.91,151.75,509745,0.0
2018-11-27,153.77,160.49,152.635,160.48,617612,0.0
2018-11-28,159.53,160.58,157.4,159.4,556639,0.0
2018-11-29,159.3,162,158.13,161.72,728263,0.0
2018-12-02,166.17,169.82,162.23,163.39,763231,0.0
2018-12-03,161.81,163.19,156.02,156.71,659222,0.0
2018-12-05,154.08,158.2399,152.07,158.14,658800,0.0
2018-12-06,157.54,161.87,151.17,152.39,433318,0.0
2018-12-09,152.35,155.46,151.72,154.39,352803,0.0
2018-12-10,157.44,161.4,152.83,153.82,421832,0.0
2018-12-11,157.12,159.33,155.06,156.88,394118,0.0
2018-12-12,157.72,158.35,153.505,154.69,498846,0.0
2018-12-13,153,154.24,149.55,149.62,384251,0.0
2018-12-16,148.71,149.91,145.305,146.39,481995,0.0
2018-12-17,148.92,150.68,147.95,150.01,575280,0.0
2018-12-18,149.62,152.51,144.77,146.17,485082,0.0
2018-12-19,144.68,147.4,140.96,143.8,540091,0.0
2018-12-20,143.94,145.63,139.99,140.2,676471,0.0
2018-12-23,139.61,141.12,136.8,136.84,301242,0.0
2018-12-25,137.92,142.93,137.51,142.85,577190,0.0
2018-12-26,140.76,144.06,138.76,144.06,450098,0.0
2018-12-27,145,145.46,140.795,142.86,380265,0.0
2018-12-30,143.92,144.87,142.17,142.23,585789,0.0
2019-01-01,140.19,143.675,137.14,142.72,588791,0.0
2019-01-02,141.16,142.38,137.67,138,594693,0.0
2019-01-03,139.49,144.7,138.455,143.67,452647,0.0
2019-01-06,144,148.59,143.35,147.37,402943,0.0
2019-01-07,148.53,150.71,146.58,147.96,342163,0.0
2019-01-08,148.76,151.92,148.265,150.43,279502,0.0
2019-01-09,151.01,152.92,150.55,152.55,365359,0.0
2019-01-10,151.82,154.8289,151.01,154.6,469928,0.0
2019-01-13,153.34,154.07,151.63,153.8,290795,0.0
2019-01-14,153.86,156.46,153.67,156.03,340489,0.0
2019-01-15,156.27,157.405,155.51,157.05,266429,0.0
2019-01-16,156.24,158.63,155.525,158.22,317056,0.0
2019-01-17,159.55,162.22,158.6,161.53,468884,0.0
2019-01-21,161.13,163.17,157.41,160.59,407160,0.0
2019-01-22,161.57,162.91,157.65,158.55,207920,0.0
2019-01-23,158.59,159.24,157.01,158.07,326701,0.0
2019-01-24,160.25,162,159.87,161.63,275536,0.0
2019-01-27,160.25,161.26,158.87,160.84,168569,0.0
2019-01-28,159.96,160.825,158.27,158.875,173383,0.0
2019-01-29,160.25,163.48,159.04,162.915,269386,0.0
2019-01-30,162.67,165.04,161.31,164.35,483061,0.0
2019-01-31,164.44,168.06,161.24,167.51,438579,0.0
2019-02-03,167.54,169.5769,166.57,168.97,241340,0.0
2019-02-04,169.5,170.61,168.875,170.19,163733,0.0
2019-02-05,169.69,171.31,166.01,170.92,309154,0.0
2019-02-06,169.17,170.72,168.81,169.47,295667,0.0
2019-02-07,168.46,171.68,167.285,171.39,165272,0.0
2019-02-10,172.49,173.11,170.99,171.27,284387,0.0
2019-02-11,172.94,175.62,171.66,175.07,331479,0.0
2019-02-12,175.61,175.98,173.05,173.08,323850,0.0
2019-02-13,172.2,174.22,171.37,173.28,228743,0.0
2019-02-14,174.45,174.56,173.01,174.41,288539,0.0
2019-02-20,174.55,175.59,172.96,174.49,196049,0.0
2019-02-21,175.3,177.16,174.75,175.48,288520,0.0
2019-02-24,177.39,177.39,174.92,175.01,383741,0.0
2019-02-25,174.66,176.3,173.19,174.78,271740,0.0
2019-02-26,173.94,176.95,173.27,176.78,486324,0.0
2019-02-27,186,186.148,176.92,177.251,841549,0.0
2019-02-28,179.65,182.855,178.34,182.26,620219,0.0
2019-03-03,182.38,183.79,177.55,180.11,603966,0.0
2019-03-04,179.74,182.0439,178.73,178.79,465934,0.0
2019-03-05,178.52,179.7875,177.2,178.69,362439,0.0
2019-03-06,177.87,180.02,177.29,178.79,367306,0.0
2019-03-07,177.02,178.4,174.5509,177.43,481238,0.0
2019-03-10,177.87,180.16,177.87,178.74,384569,0.0
2019-03-11,179.05,181.97,178.15,180.95,380633,0.0
2019-03-12,182,184.11,180.65,180.82,462883,0.0
2019-03-13,180.51,181.19,179.77,180.62,424874,0.0
2019-03-14,180.545,181.59,180.26,180.44,342628,0.0
2019-03-17,180.81,181.405,179.35,180.87,223853,0.0
2019-03-18,181.38,182.06,180.065,181.15,323173,0.0
2019-03-19,181.36,181.65,179.2938,180.18,292356,0.0
2019-03-20,179.73,182.5,179.03,182.42,518729,0.0
2019-03-21,182.03,182.45,177.1,177.18,352655,0.0
2019-03-24,176.46,177.75,175.55,177.36,337902,0.0
2019-03-25,179.18,180.38,175.9,179.75,270190,0.0
2019-03-26,180.19,181.07,176.79,178.59,299146,0.0
2019-03-27,179.02,180.61,178.26,180.37,336901,0.0
2019-03-28,181.98,183.15,181.19,182.69,294810,0.0
2019-03-31,184.05,187.75,184.05,187.41,124683,0.0
2019-04-01,187.43,188.36,185.54,187.6,303793,0.0
2019-04-02,188.63,189.8,187.52,188.5,261747,0.0
2019-04-03,188.93,188.93,183.15,184.9,289116,0.0
2019-04-04,185.63,187.06,184.83,185.85,195296,0.0
2019-04-07,185.72,186.62,184.075,186.34,178302,0.0
2019-04-08,185.39,187.365,185.39,186.73,171630,0.0
2019-04-09,186.89,188.96,186.66,187.89,169172,0.0
2019-04-10,187.76,188.76,187.46,188.57,170586,0.0
2019-04-11,189.8,189.81,188.33,189.55,149558,0.0
2019-04-14,189.83,190.5,188.92,189.98,191810,0.0
2019-04-15,190.79,190.9962,188.65,189.45,234794,0.0
2019-04-16,190.18,190.32,186.49,187.04,207281,0.0
2019-04-17,186.97,186.97,184.26,186.69,291224,0.0
2019-04-21,185.62,189.68,184.98,189,228251,0.0
2019-04-22,189.97,193.44,189.52,192.26,317551,0.0
2019-04-23,193.07,195.25,192.37,192.84,323502,0.0
2019-04-24,192.47,193.2609,189.585,191.91,260762,0.0
2019-04-25,191.5,194.79,190.49,194.73,292510,0.0
2019-04-28,194.48,195.24,193.555,193.58,236549,0.0
2019-04-29,193.52,196.27,192.04,195.8,336326,0.0
2019-04-30,196,196.44,192.0858,192.85,752518,0.0
2019-05-01,186.09,192.27,184.08,191.42,933325,0.0
2019-05-02,193.3,197.05,191.65,192.41,616485,0.0
2019-05-05,188.56,193.27,188.25,192.65,454796,0.0
2019-05-06,190.71,191.25,187.29,189.01,494899,0.0
2019-05-07,188.42,191.78,187.23,190.93,303851,0.0
2019-05-08,189.16,191.67,188.08,190.57,303569,0.0
2019-05-09,189.58,192.6,187.51,191.96,236164,0.0
2019-05-12,188.05,189.11,183.23,184.03,316634,0.0
2019-05-13,185.05,187.55,184.28,186.01,336168,0.0
2019-05-14,184.53,187.86,184.15,186.92,282627,0.0
2019-05-15,187.62,192.48,187.62,191.44,234536,0.0
2019-05-16,189.36,191.62,187.485,187.5,278208,0.0
2019-05-19,185.3,186.36,183.66,184.61,273383,0.0
2019-05-20,185.78,187.3,185.65,185.86,212243,0.0
2019-05-21,185.12,186.62,184.26,185.58,234076,0.0
2019-05-22,183.4,183.58,179.2,180.04,344838,0.0
2019-05-23,181.29,183.18,180.82,182.14,212738,0.0
2019-05-27,182.71,184.9,180.33,180.43,409827,0.0
2019-05-28,179.54,181.135,178.22,179.35,235296,0.0
2019-05-29,179.77,182.2,179.38,180.79,168443,0.0
2019-05-30,179.28,183.1,178,179.51,253704,0.0
2019-06-03,176.56,182.525,175.9,182.38,308234,0.0
2019-06-04,184.12,185.88,182.795,185.85,199309,0.0
2019-06-05,186.03,189.81,184.605,189.29,304143,0.0
2019-06-06,200.4,200.4,189.89,193.27,222884,0.0
2019-06-09,194.76,197.175,192,194.99,245438,0.0
2019-06-10,196.74,198,192.96,194.81,317541,0.0
2019-06-11,194.97,198.38,194.84,197.84,184893,0.0
2019-06-12,198.81,199.78,197.65,198.41,507527,0.0
2019-06-13,198.35,198.78,195.67,197.24,421361,0.0
2019-06-16,197.24,200.985,196.67,198.72,325179,0.0
2019-06-17,200.36,204.21,199.91,201.89,313442,0.0
2019-06-18,202.91,204.41,201.21,204.05,224992,0.0
2019-06-19,206.03,208.56,203.18,203.69,301909,0.0
2019-06-20,203.99,204.29,200.79,200.96,359914,0.0
2019-06-23,201.3,203.68,200.56,201.4,235102,0.0
2019-06-24,200.93,201.29,196.16,196.47,337317,0.0
2019-06-25,197.88,199.88,197,198.59,358411,0.0
2019-06-26,199.55,202.36,199.23,200.89,237183,0.0
2019-06-27,202.6613,205,201.3,204.84,320296,0.0
2019-06-30,208.33,211.63,206.575,208.1,400733,0.0
2019-07-01,208.85,209.39,205.825,206.51,277989,0.0
2019-07-02,207.47,209.795,207.15,209.26,156813,0.0
2019-07-04,207.38,209.64,205.12,209.63,195888,0.0
2019-07-07,208.66,209.48,206.52,207.97,276997,0.0
2019-07-08,207.04,207.44,205.55,206.67,422992,0.0
2019-07-09,207.96,210.285,207.55,209.49,248878,0.0
2019-07-10,209.83,211.76,208.52,211.23,326375,0.0
2019-07-11,211.32,212.66,209.68,212.25,202363,0.0
2019-07-14,212.83,212.94,210.22,210.92,413121,0.0
2019-07-15,211.51,211.51,208.86,209.82,238718,0.0
2019-07-16,209.54,211.265,209.54,209.64,297844,0.0
2019-07-17,208.89,209.675,206.38,207.48,462683,0.0
2019-07-18,209.64,211.11,207.965,207.97,389809,0.0
2019-07-21,210.13,212.71,209.47,211.43,258984,0.0
2019-07-22,212.33,213.885,209.63,213.24,244644,0.0
2019-07-23,213.19,215.39,212.115,214.98,318900,0.0
2019-07-24,214.07,215.03,212.9,213.3,331166,0.0
2019-07-25,214.22,215.03,212.95,213.15,172731,0.0
2019-07-28,213.59,214.97,208.16,210.66,191291,0.0
2019-07-29,208.52,210.04,207.13,207.8,232116,0.0
2019-07-30,208.35,208.35,200.81,203.05,268930,0.0
2019-07-31,203.32,206.45,200.275,201.21,421866,0.0
2019-08-01,199.46,200.26,193.95,195.25,504374,0.0
2019-08-04,190.59,193.045,186.81,190,924062,0.0
2019-08-05,210,210,195.39,198.34,1027339,0.0
2019-08-06,195.89,202.97,195.7358,201.89,682191,0.0
2019-08-07,203.43,211.825,203.43,211.44,449356,0.0
2019-08-08,210.15,212.91,206.35,208.39,450097,0.0
2019-08-11,207.43,209.3,205.14,207.04,341832,0.0
2019-08-12,207.17,213.54,206.96,213.47,360080,0.0
2019-08-13,209.93,210.975,204.43,205.09,486551,0.0
2019-08-14,205.67,206.06,201.95,204.12,453247,0.0
2019-08-15,206.12,210.1,205.21,209.57,358730,0.0
2019-08-18,212.2,213.84,210.76,212.99,323368,0.0
2019-08-19,212.9,214.835,210.971,213.31,281544,0.0
2019-08-20,215.4,218.17,213.42,218.17,286115,0.0
2019-08-21,218.71,219.59,215.48,217.14,299325,0.0
2019-08-22,215.71,218.19,210.08,210.88,517659,0.0
2019-08-25,212.85,213.71,210.7,211.8,349204,0.0
2019-08-26,213.57,214.27,208.56,211.01,519373,0.0
2019-08-27,209.35,209.35,203.27,204.14,814764,0.0
2019-08-28,207.63,210.18,206.52,209.16,319546,0.0
2019-08-29,210.92,210.94,204.135,206.54,460590,0.0
2019-09-02,206.53,208.8,205.33,205.93,440439,0.0
2019-09-03,207.63,212.51,207.63,212.51,325053,0.0
2019-09-04,215.18,219.4,213.7,218.16,518647,0.0
2019-09-05,218.24,219.86,216.64,217.67,326445,0.0
2019-09-08,218.93,219.03,211.62,214.63,646610,0.0
2019-09-09,214.11,214.11,209.095,210.37,580783,0.0
2019-09-10,211.15,215.03,210.79,214.53,535530,0.0
2019-09-11,216.69,217.78,208.98,211.08,579822,0.0
2019-09-12,216.99,217.86,211.1635,212.1,427959,0.0
2019-09-15,210.46,216,210.45,212.05,360354,0.0
2019-09-16,213.03,216.78,212.63,216.11,345110,0.0
2019-09-17,215.62,217.87,214.245,217.71,366956,0.0
2019-09-18,218.53,220.82,216.8,218.89,320661,0.0
2019-09-19,219.58,220.46,215.3,216.5,452628,0.0
2019-09-22,215.26,217.58,214.36,216.91,210715,0.0
2019-09-23,217.68,219.435,213,213.96,251024,0.0
2019-09-24,213.16,216.17,211.46,215.64,344639,0.0
2019-09-25,216.2,220.72,215.94,220.01,322485,0.0
2019-09-26,220.23,220.335,215.06,217.2,456010,0.0
2019-09-29,217.19,221.785,217.19,221.43,262004,0.0
2019-09-30,221.83,223.98,216.51,216.73,433873,0.0
2019-10-01,215.3,216.3917,211.66,215.92,277969,0.0
2019-10-02,214.81,220.38,213.18,220.23,259602,0.0
2019-10-03,220.66,224.99,220.49,224.53,550363,0.0
2019-10-06,224.34,224.89,222.49,223.12,552200,0.0
2019-10-07,221.1,222.41,216.52,216.55,494479,0.0
2019-10-08,219.59,221.29,219.16,220.48,438798,0.0
2019-10-09,219.5,222.12,219.44,220.69,381344,0.0
2019-10-10,224.13,227.68,222.32,224.06,568662,0.0
2019-10-13,224.89,225.79,223.17,225.27,385185,0.0
2019-10-14,225.8,229.2,225.22,226.94,465812,0.0
2019-10-15,226,226,221.455,222.1,682828,0.0
2019-10-16,224.03,224.59,220.64,220.88,609293,0.0
2019-10-17,220.21,222.73,216.1,218.38,851840,0.0
2019-10-20,219.15,220.91,218.01,218.68,235916,0.0
2019-10-21,220.09,220.92,214.195,214.44,491307,0.0
2019-10-22,215.43,218.12,213.67,216.08,287034,0.0
2019-10-23,217.85,221.8,217.515,221.58,301076,0.0
2019-10-24,221.12,223.22,219.94,220.24,244438,0.0
2019-10-27,221.43,224.4603,220.315,223.71,304136,0.0
2019-10-28,222.43,225.55,222,222.26,252155,0.0
2019-10-29,223.08,225.42,221.13,225.19,235004,0.0
2019-10-30,224.34,225.03,219.65,220.15,331943,0.0
2019-10-31,222.38,225.125,219.49,220,708423,0.0
2019-11-03,221.61,222.72,217,217.48,507734,0.0
2019-11-04,218.07,220.44,217.36,217.83,505488,0.0
2019-11-05,217.51,219.7,216.55,218.92,448173,0.0
2019-11-06,215,228.03,206.725,225.21,688936,0.0
2019-11-07,223.95,224.945,221.83,224.31,533214,0.0
2019-11-10,223.69,228.4,222.65,227.35,293337,0.0
2019-11-11,227.39,231.3,227.31,230.22,359049,0.0
2019-11-12,228.67,229.465,227,229,359409,0.0
2019-11-13,227.92,230.72,227.78,229.325,229472,0.0
2019-11-14,230.13,235.585,229.16,235.14,526760,0.0
2019-11-17,234.6,239.84,234.01,238.7,515487,0.0
2019-11-18,240,243.36,239.48,242.43,416121,0.0
2019-11-19,241.54,246.7,241.54,245.49,423621,0.0
2019-11-20,246.37,247.38,244.93,246.47,533687,0.0
2019-11-21,246.72,248.32,244.3,246.37,358196,0.0
2019-11-24,248.05,255.18,246.92,249.51,380575,0.0
2019-11-25,249.81,252.66,248.435,252.48,304853,0.0
2019-11-26,253.84,255.55,251.48,255.45,339978,0.0
2019-11-28,254.08,256.36,254.08,254.65,254862,0.0
2019-12-01,254.81,255.44,250.26,250.71,649064,0.0
2019-12-02,245.07,250.46,243.01,250.41,594737,0.0
2019-12-03,251.84,253.846,251.08,252.14,514871,0.0
2019-12-04,252.39,254.47,251.17,252.98,290037,0.0
2019-12-05,254.86,256.92,253.72,256.64,308039,0.0
2019-12-08,255.82,258.52,254.91,254.98,1095093,0.0
2019-12-09,254.37,256.7,251.5,252.57,505893,0.0
2019-12-10,251.74,253.515,248.99,251.68,374892,0.0
2019-12-11,247.83,251.25,246.39,251.03,510120,0.0
2019-12-12,251,254.68,250.71,253.94,329448,0.0
2019-12-15,257.18,259.56,255.54,257.99,411809,0.0
2019-12-16,258.41,258.6915,255.2136,256.97,449516,0.0
2019-12-17,257.53,258.82,254.425,254.62,392736,0.0
2019-12-18,255.43,257.035,254.38,255.69,409686,0.0
2019-12-19,257.88,260.1,253.52,259.04,869836,0.0
2019-12-22,259.13,259.14,255.19,255.74,555801,0.0
2019-12-23,255.13,256.67,253.54,256.58,119694,0.0
2019-12-25,256.85,258.36,256.28,258.36,188579,0.0
2019-12-26,259.25,259.79,257.27,258.68,188282,0.0
2019-12-29,258.52,259.03,255.03,256.89,223980,0.0
2019-12-30,256.1,258.36,255.64,257.33,243533,0.0
2020-01-01,257.01,259.66,256.25,259.63,541253,0.0
2020-01-02,254.96,258.11,253.75,257.02,360379,0.0
2020-01-05,255.46,255.865,252.62,254.59,451106,0.0
2020-01-06,255.11,258.34,253.5,256.65,291892,0.0
2020-01-07,256.41,258.89,255.91,257.74,372775,0.0
2020-01-08,259.98,261.8,258.515,261.41,425138,0.0
2020-01-09,262.57,263.0573,260.14,260.79,188347,0.0
2020-01-12,262.74,264.52,261.82,264.05,297037,0.0
2020-01-13,264.57,264.57,261.57,262.9,367469,0.0
2020-01-14,263.02,265.43,263.02,264.41,350233,0.0
2020-01-15,266.05,266.9064,264.58,266.8,394144,0.0
2020-01-16,269.2,270.6,266.45,270.29,362990,0.0
2020-01-20,269.9,275.88,268.68,273.82,789670,0.0
2020-01-21,274.97,277.2958,274.33,274.73,641258,0.0
2020-01-22,274.37,278.71,273.58,277.81,643301,0.0
2020-01-23,278.31,280.22,275.34,277.34,608256,0.0
2020-01-26,270.48,273.46,268.16,270.8,319376,0.0
2020-01-27,273.35,279.16,271,278.34,266322,0.0
2020-01-28,280.38,280.97,276.03,277.72,274565,0.0
2020-01-29,276.02,280.34,275.28,280.14,234023,0.0
2020-01-30,279.67,279.85,272.84,274.28,376655,0.0
2020-02-02,279.66,282.74,276.77,281.33,533833,0.0
2020-02-03,285,289.76,282.66,289.23,364441,0.0
2020-02-04,292.39,293.43,280.63,284.01,540462,0.0
2020-02-05,284.73,287.77,283.63,285.8,337847,0.0
2020-02-06,285.44,287.56,282.98,284.94,334498,0.0
2020-02-09,283.22,287.73,281.3037,286.53,378029,0.0
2020-02-10,287.5,289.16,284.8,288.3,324748,0.0
2020-02-11,289.55,292.89,288.43,292.46,326073,0.0
2020-02-12,291.75,293.44,291.06,291.57,449879,0.0
2020-02-13,292.94,292.94,290.42,291.97,605889,0.0
2020-02-17,292.6,292.6,287.63,290.91,421246,0.0
2020-02-18,292.94,299.06,290.305,296.14,354350,0.0
2020-02-19,295.89,296.745,288.06,294.02,428501,0.0
2020-02-20,293.01,293.9,284.55,287.12,501638,0.0
2020-02-23,279.05,280.91,274.44,276.69,582190,0.0
2020-02-24,278.9,281.63,265.775,266.5,570919,0.0
2020-02-25,268.17,274.65,266.36,270.05,552780,0.0
2020-02-26,241.86,261.09,234.96,244.16,1406196,0.0
2020-02-27,234.02,246.1737,234.02,242.18,1452155,0.0
2020-03-01,242.08,259.08,241.51,259.04,1088988,0.0
2020-03-02,255.11,261.87,246.66,248.87,640197,0.0
2020-03-03,254.22,259.5,249.525,259.5,623556,0.0
2020-03-04,251.03,254.86,246.615,248.04,649820,0.0
2020-03-05,239.59,241.77,230.5,237.94,920495,0.0
2020-03-08,222.53,231.51,216.7,222.42,1884194,0.0
2020-03-09,231.16,232.705,219.6,228.97,834117,0.0
2020-03-10,222.19,225.175,214.61,217.73,617685,0.0
2020-03-11,202.01,219.21,200.07,204.3,1181910,0.0
2020-03-12,215,235.5,214.69,235.43,1196582,0.0
2020-03-15,226.63,226.63,205.61,206.3,1116451,0.0
2020-03-16,211.89,237.4,203.705,234.29,2078906,0.0
2020-03-17,215.4,226.43,210.4,221.5275,781986,0.0
2020-03-18,220.51,229.016,211.12,221.56,738735,0.0
2020-03-19,229.17,229.27,209.32,213.11,1220585,0.0
2020-03-22,212.97,223.87,204.28,207.93,761728,0.0
2020-03-23,218.75,223.829,210.48,217.43,1028188,0.0
2020-03-24,214.81,221.8399,208.37,212.27,839165,0.0
2020-03-25,214.41,232.39,212.51,230.89,574157,0.0
2020-03-26,226.53,233.63,221.57,223.22,618260,0.0
2020-03-29,226.31,237.36,222,234.73,488556,0.0
2020-03-30,234.51,237.57,229.1106,232.06,528330,0.0
2020-03-31,223.14,226.93,209.72,211.26,797178,0.0
2020-04-01,209.5,218,207.7945,216.16,1146838,0.0
2020-04-02,215.34,219.65,211.9,218.29,471403,0.0
2020-04-05,229.21,244.2,227.76,242.49,547181,0.0
2020-04-06,247.25,252,234.49,239.98,555638,0.0
2020-04-07,241.43,246.74,238.05,244.21,353565,0.0
2020-04-08,243.17,246.68,234.59,237.92,678966,0.0
2020-04-12,234.88,243.59,234.21,242.6,310043,0.0
2020-04-13,247.38,256.7171,247.38,254.57,878990,0.0
2020-04-14,251.05,256.6127,249.38,254.17,816534,0.0
2020-04-15,255.94,259.21,253.37,257.82,1359254,0.0
2020-04-16,261.5,264.79,256.32,263.785,2688163,0.0
2020-04-19,262.44,268.44,258.61,266.78,897576,0.0
2020-04-20,263.45,263.88,252.72,253.49,1303398,0.0
2020-04-21,260.4,264.86,256.4,263.735,1580338,0.0
2020-04-22,261.76,264.99,257.87,259.05,466380,0.0
2020-04-23,264.32,264.93,256.885,259.46,841213,0.0
2020-04-26,264.18,265.61,260.48,262.55,687834,0.0
2020-04-27,266.4,266.96,254.42,257.27,410105,0.0
2020-04-28,260.62,266.53,258.13,265.67,983265,0.0
2020-04-29,263.53,268.09,261.39,261.83,520467,0.0
2020-04-30,257.44,260,252.77,255.61,864080,0.0
2020-05-03,254.58,260.25,254.55,258.96,339177,0.0
2020-05-04,258,267.26,258,262.23,1170016,0.0
2020-05-05,263.92,269.565,260.175,268.49,531121,0.0
2020-05-06,260.27,266.32,255.64,260.72,1563126,0.0
2020-05-07,262.93,264.39,259.06,262.91,495314,0.0
2020-05-10,259.99,267.98,259.2,265.85,361145,0.0
2020-05-11,268.2,268.2,259.6,259.69,806118,0.0
2020-05-12,259.57,263.48,249.3,252.31,339769,0.0
2020-05-13,249.25,252.25,244.53,252.25,400961,0.0
2020-05-14,249.3,254.69,247.528,254.12,376793,0.0
2020-05-17,258.59,264.56,256.54,263.34,611944,0.0
2020-05-18,264.99,268.74,262.41,262.49,337921,0.0
2020-05-19,267.08,274.61,265.03,272.335,682916,0.0
2020-05-20,271.35,272.565,266.18,266.23,500290,0.0
2020-05-21,265.87,271.24,264.87,269.85,421322,0.0
2020-05-25,274.39,275,268.71,268.8,370635,0.0
2020-05-26,267.65,269.34,259.04,269.25,370735,0.0
2020-05-27,268.89,281.04,268.71,275.2001,536415,0.0
2020-05-28,274.66,283.63,273.93,282.94,883236,0.0
2020-05-31,281.85,289.23,280.44,286.68,839756,0.0
2020-06-01,286.56,288.14,281.02,288.14,582692,0.0
2020-06-02,289.2,290.99,282.77,286.89,650490,0.0
2020-06-03,284.63,286.958,279,282.16,521584,0.0
2020-06-04,282.93,289.55,280.89,289.13,318718,0.0
2020-06-07,286.37,292.32,283.44,290.78,338135,0.0
2020-06-08,290.75,293.06,284.591,285.67,828492,0.0
2020-06-09,288.98,291,285.96,285.97,1035372,0.0
2020-06-10,282.21,286.36,271.355,271.89,362418,0.0
2020-06-11,277.74,280.96,272.11,272.3457,167082,0.0
2020-06-14,265.68,278.725,265.68,274.85,719917,0.0
2020-06-15,281.48,286.75,278.32,282.2316,445176,0.0
2020-06-16,284.51,289.02,283.5,285.61,663164,0.0
2020-06-17,286.11,291.28,284.01,289.21,345246,0.0
2020-06-18,292.94,295.11,281.36,281.59,1287659,0.0
2020-06-21,283.49,289.36,281.84,289.21,425317,0.0
2020-06-22,290.49,294.45,288.97,289.34,288782,0.0
2020-06-23,286.71,290.965,281.85,285.27,364041,0.0
2020-06-24,284.63,287.65,281.7113,287.19,240043,0.0
2020-06-25,287.52,289.14,280.26,283.08,517413,0.0
2020-06-28,283.79,286.2032,277.125,282.13,211526,0.0
2020-06-29,282.69,293.24,279.99,292.08,289831,0.0
2020-06-30,291.12,295.57,287.33,294.32,305648,0.0
2020-07-01,295.39,299.735,295.39,298.04,249634,0.0
2020-07-05,300.19,307.31,299.4,301.67,384545,0.0
2020-07-06,301.42,306.23,299.16,299.32,267263,0.0
2020-07-07,301.69,303.09,297.62,301.9,158846,0.0
2020-07-08,302.57,307.6,301.19,304.35,359554,0.0
2020-07-09,303.25,305.11,298.84,301.38,167108,0.0
2020-07-12,303.67,306.26,293.73,295.57,345586,0.0
2020-07-13,291.19,301.27,289.08,301,391314,0.0
2020-07-14,301.27,304.49,297.26,301.03,245934,0.0
2020-07-15,299.72,299.72,291.445,295.565,313620,0.0
2020-07-16,297.1,301.45,293.57,301.12,216991,0.0
2020-07-19,301.48,309.57,299.88,309.1,209012,0.0
2020-07-20,309.88,310.05,303.76,305.76,303559,0.0
2020-07-21,307.62,310,304.71,307.09,189460,0.0
2020-07-22,307.13,309.34,298.56,300.06,223543,0.0
2020-07-23,297.15,298.03,291.55,293.45,562178,0.0
2020-07-26,294.97,300.62,294.97,300.11,196843,0.0
2020-07-27,299.87,303.27,296.78,297.94,188053,0.0
2020-07-28,300.98,308.33,300.56,306.05,211967,0.0
2020-07-29,302.16,311.47,300.14,309.66,297423,0.0
2020-07-30,312.56,312.56,304.81,310.6,180335,0.0
2020-08-02,311.62,316.52,310.59,315.22,211167,0.0
2020-08-03,313.76,314.94,307.16,308.54,419751,0.0
2020-08-04,312.06,319.83,309.875,312.17,347532,0.0
2020-08-05,313.05,319.83,311.1,315.25,449786,0.0
2020-08-06,313.85,318,308.75,312.38,249139,0.0
2020-08-09,307.11,309.08,301.56,308.78,286031,0.0
2020-08-10,307.87,307.87,300.48,302.12,231860,0.0
2020-08-11,302.28,310.1,302.28,308.4,176289,0.0
2020-08-12,309.41,319.43,309.41,314.63,257525,0.0
2020-08-13,314.24,317.08,311.06,313.19,137617,0.0
2020-08-16,315.15,319.675,315.15,317.53,179409,0.0
2020-08-17,319.56,322.405,317.54,320.23,226063,0.0
2020-08-18,321.51,322.86,316.22,319.67,172016,0.0
2020-08-19,319.14,328.92,318.78,328.32,255441,0.0
2020-08-20,327.92,327.92,322.38,324.4,349610,0.0
2020-08-23,327.41,330.32,322.66,325.25,321061,0.0
2020-08-24,325.75,328.97,324.165,326.5,195036,0.0
2020-08-25,324.41,333.23,324.295,331.38,242944,0.0
2020-08-26,334.51,334.89,327.72,332.5,187688,0.0
2020-08-27,332.36,336.72,332.26,336.72,179278,0.0
2020-08-30,336.65,340.03,334.64,339.02,263090,0.0
2020-08-31,338.95,345.395,338.22,343.88,283155,0.0
2020-09-01,354.87,354.87,343.68,350.51,292353,0.0
2020-09-02,344.55,346.88,328.24,332.2,411922,0.0
2020-09-03,330.22,333.23,313.73,321.21,499709,0.0
2020-09-07,311.35,319,306.5294,308.58,435118,0.0
2020-09-08,314.78,322.305,310.41,319.76,400563,0.0
2020-09-09,322.72,327.975,315.35,317.42,291238,0.0
2020-09-10,318.48,320.75,309.74,313.88,272280,0.0
2020-09-13,318.69,323.58,317.62,321.7,190113,0.0
2020-09-14,323.78,330.0295,321.765,328.39,191512,0.0
2020-09-15,331.44,331.44,317.43,317.89,299499,0.0
2020-09-16,308.83,313.3,305.01,308.8,391779,0.0
2020-09-17,309.24,312,299.89,304.91,550010,0.0
2020-09-20,300.91,309.47,298.35,309.46,345767,0.0
2020-09-21,310.86,316.04,307.79,315.18,207019,0.0
2020-09-22,313.83,313.83,301,302.65,227363,0.0
2020-09-23,300.28,307.88,298.76,304.43,217823,0.0
2020-09-24,303.71,312.89,301.38,312.11,276697,0.0
2020-09-27,318.36,320.24,315.54,318.8,217496,0.0
2020-09-28,318.22,321.87,317.36,319.75,209678,0.0
2020-09-29,318.51,328.79,317.35,327.23,450614,0.0
2020-09-30,332.07,336.35,329.285,334.82,357619,0.0
2020-10-01,330.19,331.46,318.94,321.74,243740,0.0
2020-10-04,322.46,326.195,321.58,323.87,242410,0.0
2020-10-05,322.7,324.86,314.9,316.35,556870,0.0
2020-10-06,319.54,330.96,319.54,330.56,310545,0.0
2020-10-07,331.97,334.38,328.82,333.41,256754,0.0
2020-10-08,336,339.17,334.09,336.62,258748,0.0
2020-10-11,340.56,351.49,340.25,347.85,296734,0.0
2020-10-12,345.16,355.19,345.16,351.2,270244,0.0
2020-10-13,354.13,355.35,346.69,351.4,219604,0.0
2020-10-14,348.31,352.7,345.16,351.92,203547,0.0
2020-10-15,353.55,357.925,348.75,349.89,414033,0.0
2020-10-18,348.7,353.04,334.79,335.92,329179,0.0
2020-10-19,337.905,337.905,331.71,331.83,523099,0.0
2020-10-20,332.01,336.43,326.9,327.82,259468,0.0
2020-10-21,327.38,329.2099,323.1825,326.78,293221,0.0
2020-10-22,329.23,331.85,324.38,330.11,262907,0.0
2020-10-25,323.67,328.36,315.81,320.99,188866,0.0
2020-10-26,324.67,327.7434,321.56,322.01,223322,0.0
2020-10-27,319.71,322.17,307.215,308.04,274589,0.0
2020-10-28,308.36,313.94,306.605,310.83,326715,0.0
2020-10-29,306.35,309.28,301.255,304.71,272513,0.0
2020-11-01,304.445,314.6,304.445,311.23,343468,0.0
2020-11-02,314.65,320.74,312.05,315.92,233551,0.0
2020-11-03,330.22,335.37,323.32,329.14,479160,0.0
2020-11-04,330.15,339.9,324.595,328.2,400232,0.0
2020-11-05,330.14,337.67,323.4475,336.75,194334,0.0
2020-11-08,346.13,348.98,328.14,328.33,359784,0.0
2020-11-09,321.99,329.23,318.13,319.43,417770,0.0
2020-11-10,325.24,334.05,325.24,328.69,205371,0.0
2020-11-11,328.52,332.58,322.865,323.63,181676,0.0
2020-11-12,326.36,329.23,324.55,328.385,302084,0.0
2020-11-15,328.17,328.79,320.955,322.98,268900,0.0
2020-11-16,321.88,324.185,318.48,319.88,270815,0.0
2020-11-17,318.52,319.77,315.34,317.98,247063,0.0
2020-11-18,316.25,325.53,313.64,323.7,269513,0.0
2020-11-19,323.73,325.95,317.81,317.81,237578,0.0
2020-11-22,318.95,319.425,310.9425,313.21,272050,0.0
2020-11-23,316.41,321.33,313.845,319.96,327991,0.0
2020-11-24,323.7,328.13,320.2,322.34,241040,0.0
2020-11-26,326.24,331.99,324.23,330.37,181165,0.0
2020-11-29,330.17,338.84,328.75,338.36,375061,0.0
2020-11-30,339.09,343.7,335.2,340.93,291386,0.0
2020-12-01,338.87,339.8451,334.23,334.63,211885,0.0
2020-12-02,332.65,340.5,332.65,338.08,188697,0.0
2020-12-03,339.15,345.54,339,343.64,173531,0.0
2020-12-06,343.92,346.6761,340.48,341.72,235794,0.0
2020-12-07,344.49,344.49,338.27,341.4,240280,0.0
2020-12-08,342.7,343.48,333.27,334.34,212015,0.0
2020-12-09,332.19,337.2123,330.255,334.01,252570,0.0
2020-12-10,331.57,335.73,328.6,335.18,182664,0.0
2020-12-13,336.75,346.31,335.26,342.815,286156,0.0
2020-12-14,344.31,349.37,342.19,342.75,260166,0.0
2020-12-15,344.63,346,341.3004,343.62,208136,0.0
2020-12-16,345.74,346.73,342.255,346.63,243029,0.0
2020-12-17,347.67,358.01,347.005,357.81,449950,0.0
2020-12-20,351.73,357.89,344.2746,356.28,257404,0.0
2020-12-21,355,362.58,355,362.49,255527,0.0
2020-12-22,364.72,369.82,362.19,362.435,298095,0.0
2020-12-23,362.76,366.325,361.13,364.13,185352,0.0
2020-12-27,367.08,368,361.94,363.92,154580,0.0
2020-12-28,365,366.69,358.72,360.52,159658,0.0
2020-12-29,362.96,364.8634,360.87,362.16,146226,0.0
2020-12-30,363.81,366.47,362.42,363.82,209108,0.0
2021-01-03,362.35,373.79,353.745,357.63,410480,0.0
2021-01-04,356.78,360.5,353.7255,359.49,280384,0.0
2021-01-05,351.85,355.345,348.5291,349.9,343452,0.0
2021-01-06,352.61,366.17,352.61,364.87,308668,0.0
2021-01-07,366.56,375.78,365,374.62,378629,0.0
2021-01-10,371.65,375,369.02,373.52,212643,0.0
2021-01-11,371.38,375.85,370.57,373.05,305332,0.0
2021-01-12,370.94,378.85,366.49,375.79,358355,0.0
2021-01-13,376,378.36,367.61,369.1,361749,0.0
2021-01-14,368.85,370.57,362.22,363.94,395493,0.0
2021-01-18,367.27,370.76,365.27,369.36,301100,0.0
2021-01-19,371.89,380.755,371.47,378.77,254520,0.0
2021-01-20,379.57,380.21,371.74,372.03,299748,0.0
2021-01-21,371.23,375.83,370.79,374.57,521307,0.0
2021-01-24,376.59,377.65,364.51,367.52,346254,0.0
2021-01-25,368.12,369.87,362.97,366.64,297644,0.0
2021-01-26,362.21,364.98,345.45,349.17,410581,0.0
2021-01-27,353.36,369.535,352.93,362.63,347059,0.0
2021-01-28,357.16,360.85,351.87,354.52,288905,0.0
2021-01-31,358.1,370.43,356.27,367.76,309231,0.0
2021-02-01,369.97,377.99,369.97,375.4,236745,0.0
2021-02-02,376.67,376.99,369.815,370.07,177303,0.0
2021-02-03,372.59,377.63,370.75,377.42,197465,0.0
2021-02-04,379.72,384.66,377.43,379.79,210997,0.0
2021-02-07,381.11,383.76,379.48,381.86,253364,0.0
2021-02-08,382,387.9183,381.52,386.39,182484,0.0
2021-02-09,388.97,390.31,383.35,386.56,255458,0.0
2021-02-10,390.39,396.62,390.39,396.21,225168,0.0
2021-02-11,397.64,404.16,395.13,403.6,219233,0.0
2021-02-15,404.89,413.19,400.81,401.62,295865,0.0
2021-02-16,397.65,397.65,388.39,394.07,207519,0.0
2021-02-17,390.46,391.545,383.395,389.93,236294,0.0
2021-02-18,391.2,400.6,390.094,395.37,341515,0.0
2021-02-21,393.61,393.61,382.0263,383.43,287138,0.0
2021-02-22,378,378.47,364.845,375.57,357647,0.0
2021-02-23,371.67,386.68,365.045,385.98,330776,0.0
2021-02-24,354.4,369.7,336.83,338.45,1178216,0.0
2021-02-25,340.96,349.02,337.98,340.99,725661,0.0
2021-02-28,347.39,352.49,345.05,346.23,513961,0.0
2021-03-01,350.06,350.78,334.91,335.99,446660,0.0
2021-03-02,333.79,333.79,317.55,319.82,710250,0.0
2021-03-03,318.99,321.77,301.69,306.16,774066,0.0
2021-03-04,311.93,312.57,292.79,308.03,872430,0.0
2021-03-07,307.47,311.94,292.83,293.45,643599,0.0
2021-03-08,300.01,312.88,297.76,307.88,651133,0.0
2021-03-09,310.625,316.9,308.2003,310.09,619995,0.0
2021-03-10,317.73,325.44,317.73,322.76,642860,0.0
2021-03-11,316.56,319.28,314.11,316.89,412971,0.0
2021-03-14,314.77,325.89,314.77,325.71,378158,0.0
2021-03-15,329.96,333.24,327.985,330.69,472666,0.0
2021-03-16,326.37,330.92,321.3601,328.37,346803,0.0
2021-03-17,321.36,327.44,318.1,321.49,443242,0.0
2021-03-18,322.43,328.42,320.69,324.37,440500,0.0
2021-03-21,326.26,337.235,326.26,334.68,363119,0.0
2021-03-22,338.49,340.98,331.9,333.27,299709,0.0
2021-03-23,331.9332,335.07,328.0905,330.48,302936,0.0
2021-03-24,328.73,331.8999,323.4648,327.99,358498,0.0
2021-03-25,328.16,343.71,324.095,343.38,573797,0.0
2021-03-28,342.04,345.7,336.41,342.23,462615,0.0
2021-03-29,338.72,338.81,330.47,331.85,418001,0.0
2021-03-30,335.38,342.25,333.49,339.78,330171,0.0
2021-03-31,344.88,356.99,343.515,351.85,543051,0.0
2021-04-04,353.99,363.785,353.81,363.02,393064,0.0
2021-04-05,360,362.295,354.295,358.43,214705,0.0
2021-04-06,359.86,359.86,353.33,355.33,170736,0.0
2021-04-07,359.6,364.205,359.08,362.34,179863,0.0
2021-04-08,361.95,367.32,359.65,366.6,204385,0.0
2021-04-11,367.09,370.7,366.33,366.97,228867,0.0
2021-04-12,370.31,374.41,368.85,370.52,314748,0.0
2021-04-13,370.18,373.37,365.45,366.93,179207,0.0
2021-04-14,369.11,375.435,368,374.44,235033,0.0
2021-04-15,375.33,375.33,368.44,373.93,346887,0.0
2021-04-18,371.74,372.87,361.86,364.81,189569,0.0
2021-04-19,363.54,367.14,361.14,364.94,150447,0.0
2021-04-20,365.57,367.545,362.98,366,332348,0.0
2021-04-21,367.18,371.71,362.81,364.99,267808,0.0
2021-04-22,366.46,374.14,366.46,371.51,164931,0.0
2021-04-25,370.44,376.91,367.337,376.88,217909,0.0
2021-04-26,377.7,378.75,370.23,373.51,172280,0.0
2021-04-27,371.64,376.83,370.27,375.63,133070,0.0
2021-04-28,377.21,378,367.4,371.79,223472,0.0
2021-04-29,368.25,369.8,364.741,365.6,245382,0.0
2021-05-02,369.03,369.54,360.5,361.35,186163,0.0
2021-05-03,357.62,357.62,347.06,350.6,384606,0.0
2021-05-04,356.25,358.83,351.97,355.49,338798,0.0
2021-05-05,335.52,343.075,328.24,332.67,701452,0.0
2021-05-06,338.95,342.59,331.79,332.11,504097,0.0
2021-05-09,330.14,332.26,322.97,323.17,455713,0.0
2021-05-10,318.4,326.14,314.68,320.83,550785,0.0
2021-05-11,314.7,323.14,313.75,320.52,513115,0.0
2021-05-12,324.27,326.28,317.1127,317.39,338311,0.0
2021-05-13,321.63,328.42,320.37,326.48,372356,0.0
2021-05-16,324.86,325.495,318.61,321.29,228624,0.0
2021-05-17,324.03,328.77,320.83,321,290896,0.0
2021-05-18,316.24,327.32,316.22,326.84,257270,0.0
2021-05-19,329.12,335.89,328.5,333.73,216649,0.0
2021-05-20,336.6,337.37,328.47,330.37,200389,0.0
