Date,Open,High,Low,Close,Volume,OpenInterest
2017-06-01,59.65,59.69,58.72,59.34,4128042,0.0
2017-06-04,59.46,60.275,59.4,59.49,3284879,0.0
2017-06-05,59.62,59.93,59.14,59.84,3227152,0.0
2017-06-06,60.06,60.85,59.98,60.22,5160476,0.0
2017-06-07,60.34,60.41,59.25,60.24,5400270,0.0
2017-06-08,60.33,60.8,56.95,58.02,11398058,0.0
2017-06-11,56.79,56.88,55.13,56.47,14092202,0.0
2017-06-12,57.15,57.75,56.4,57.6,6112782,0.0
2017-06-13,57.73,59.03,57.58,58.45,7114376,0.0
2017-06-14,57.11,59.47,56.9,58.91,7798992,0.0
2017-06-15,58.76,59.39,58.33,58.5,5981479,0.0
2017-06-18,59.19,60.42,58.86,60.32,4402374,0.0
2017-06-19,60.61,61.1,59.94,60.15,4850486,0.0
2017-06-20,60.5,60.94,60.14,60.68,4358223,0.0
2017-06-21,60.42,61.5767,60.03,61.16,4491689,0.0
2017-06-22,61.03,61.09,60.02,60.13,4434796,0.0
2017-06-25,60.37,60.87,59.27,60.22,3700300,0.0
2017-06-26,60.11,60.11,57.77,57.99,6367518,0.0
2017-06-27,58.27,58.83,57.52,58.79,6449834,0.0
2017-06-28,58.4,58.5,55.94,57.28,7766954,0.0
2017-06-29,57.63,57.82,56.88,57.27,4919342,0.0
2017-07-02,57.56,57.72,56.14,56.23,3239988,0.0
2017-07-04,56.66,57.42,55.86,56.87,5185751,0.0
2017-07-05,56.27,56.78,56.02,56.33,4621777,0.0
2017-07-06,56.47,58.36,56.33,57.79,4948800,0.0
2017-07-09,57.98,58.63,57.68,58.21,3274437,0.0
2017-07-10,58.13,58.27,57.38,57.98,3477463,0.0
2017-07-11,58.53,61.02,58.395,60.71,8752158,0.0
2017-07-12,60.89,61.21,60.07,60.19,5916278,0.0
2017-07-13,60.54,60.97,60.28,60.44,3747649,0.0
2017-07-16,60.51,60.58,59.8,60.19,2513750,0.0
2017-07-17,60.3,61.05,59.97,61.02,3856195,0.0
2017-07-18,61.25,62.07,60.56,61.02,4480969,0.0
2017-07-19,61.1,61.44,60.47,61.08,3028350,0.0
2017-07-20,60.74,61.37,60.63,60.92,4631858,0.0
2017-07-23,60.95,61.58,60.8,61.12,3284883,0.0
2017-07-24,61.31,61.875,60.92,60.95,3848652,0.0
2017-07-25,61.15,62.32,61.14,62.32,4210174,0.0
2017-07-26,62.8,62.87,59.76,61.17,6858789,0.0
2017-07-27,60.65,61.745,60.25,61.44,3610874,0.0
2017-07-30,61.55,61.98,60.98,61.78,4020292,0.0
2017-07-31,62.2,62.46,61.52,62.08,3645760,0.0
2017-08-01,62.29,62.33,60.13,61.44,4597987,0.0
2017-08-02,63.01,63.92,61.76,63.64,10127845,0.0
2017-08-03,63.12,63.3,60.92,61.69,9216946,0.0
2017-08-06,61.75,62.8,61.49,62.501,6391699,0.0
2017-08-07,62.31,62.475,60.84,61.02,7321512,0.0
2017-08-08,60.33,61.57,60.05,61.37,5087368,0.0
2017-08-09,60.84,61.25,59.79,59.9,5179702,0.0
2017-08-10,59.95,60.77,59.46,60.43,4758466,0.0
2017-08-13,61.2,62.76,61.01,61.57,4437377,0.0
2017-08-14,61.81,62.075,61.09,61.97,2254609,0.0
2017-08-15,62.13,62.9,61.81,62.57,3781818,0.0
2017-08-16,62.25,62.72,61.05,61.06,2691186,0.0
2017-08-17,60.95,62.39,60.73,62.02,3576321,0.0
2017-08-20,62,62.29,61.12,61.46,2778764,0.0
2017-08-21,61.78,63.97,61.69,63.93,6549479,0.0
2017-08-22,63.34,64.21,63.06,64.02,4370084,0.0
2017-08-23,64.31,64.45,62.8,63.44,3158452,0.0
2017-08-24,63.63,63.96,62.49,62.59,3537811,0.0
2017-08-27,63.09,63.12,62.1,62.43,2977131,0.0
2017-08-28,61.72,63.48,61.63,63.15,3735470,0.0
2017-08-29,63.2,65.46,63.06,65.34,6463194,0.0
2017-08-30,65.66,66.24,64.81,65.22,5775619,0.0
2017-08-31,65.33,65.53,63.43,65.11,4822195,0.0
2017-09-04,64.84,65.25,63.84,65.04,4007877,0.0
2017-09-05,65.06,65.3,63.63,63.67,4482499,0.0
2017-09-06,63.96,65.87,63.72,65.84,6202056,0.0
2017-09-07,65.54,66.09,64.48,64.93,3897219,0.0
2017-09-10,65.54,66.37,65.33,65.82,4247147,0.0
2017-09-11,66.11,66.16,64.92,65.75,3940449,0.0
2017-09-12,65.58,65.74,64.64,65.39,3783988,0.0
2017-09-13,64.7,65.66,64.35,64.84,3704433,0.0
2017-09-14,64.94,65.11,64.34,64.67,6306547,0.0
2017-09-17,64.76,65.12,63.7,63.87,4887679,0.0
2017-09-18,64.02,64.29,63.01,63.98,5192334,0.0
2017-09-19,64.47,64.87,63.55,64.67,5253566,0.0
2017-09-20,64.53,64.64,63.51,64.11,3520627,0.0
2017-09-21,63.74,64.59,63.02,63.57,4629376,0.0
2017-09-24,63.39,63.42,61.01,61.82,7266910,0.0
2017-09-25,62.12,62.43,61.26,61.44,4649841,0.0
2017-09-26,61.69,63.13,61.68,62.77,3393849,0.0
2017-09-27,62.68,63.6,62.31,63.54,4822983,0.0
2017-09-28,63.49,64.71,63.44,64.49,3859377,0.0
2017-10-01,64.42,64.71,62.99,63.38,4651229,0.0
2017-10-02,63.61,63.7895,62.63,63.12,3117357,0.0
2017-10-03,62.76,63.02,61.85,62.62,5765204,0.0
2017-10-04,62.65,63.1,62.21,62.77,3178399,0.0
2017-10-05,62.41,63.05,61.97,62.93,2679238,0.0
2017-10-08,61.16,61.46,60.25,61.18,7171519,0.0
2017-10-09,60.84,61.24,60.45,61.13,3962975,0.0
2017-10-10,60.97,61.205,60.31,61.05,4840399,0.0
2017-10-11,61.13,62.26,60.89,61.73,3657526,0.0
2017-10-12,62.07,62.12,60.28,60.77,5572156,0.0
2017-10-15,60.81,61.93,60.7,61.48,3451964,0.0
2017-10-16,61.19,61.54,60.66,61.34,2091236,0.0
2017-10-17,61.41,62.025,61.15,61.18,3067676,0.0
2017-10-18,60.62,61.69,60.03,61.67,3852306,0.0
2017-10-19,62.17,62.83,61.92,62.31,4235843,0.0
2017-10-22,62.37,62.55,61.225,61.47,3523509,0.0
2017-10-23,61.94,63.33,61.74,62.41,5265965,0.0
2017-10-24,61.95,62.27,61.19,61.82,4285314,0.0
2017-10-25,62.23,62.59,61.55,61.74,4091637,0.0
2017-10-26,62.36,64.04,62.36,63.81,4991804,0.0
2017-10-29,63.98,65.58,63.95,65.29,5603489,0.0
2017-10-30,65.37,65.93,64.86,65.15,5941644,0.0
2017-10-31,65.4,65.44,63.92,64.99,4252194,0.0
2017-11-01,65.07,65.5,64.49,65.11,4790711,0.0
2017-11-02,66.5,66.65,62.11,62.88,16611329,0.0
2017-11-05,63.08,63.39,60.4,60.56,11626411,0.0
2017-11-06,60.73,61.03,59.78,60.65,6239165,0.0
2017-11-07,62.17,64.9,61.82,64.22,9723822,0.0
2017-11-08,63.17,63.86,62.28,62.99,4462188,0.0
2017-11-09,62.55,62.75,61.93,62.68,2949784,0.0
2017-11-12,62.4,63.97,62.35,63.29,2385676,0.0
2017-11-13,63.05,64.37,62.48,64.02,3528592,0.0
2017-11-14,63.44,63.67,62.21,62.57,3244697,0.0
2017-11-15,62.82,64.09,62.73,63.8,3539422,0.0
2017-11-16,63.67,64.13,63.18,63.77,3429544,0.0
2017-11-19,63.59,63.84,62.95,63.6,2429557,0.0
2017-11-20,63.97,64.695,63.86,64.5,2880630,0.0
2017-11-21,64.91,66.16,64.77,64.81,4538040,0.0
2017-11-23,64.84,66.14,64.78,66.035,1320917,0.0
2017-11-26,66.18,66.45,65.63,65.75,2687529,0.0
2017-11-27,66.02,66.38,65.54,65.97,2608358,0.0
2017-11-28,65.61,65.71,61.63,61.69,7610787,0.0
2017-11-29,62.23,62.51,60.55,62.4,6540141,0.0
2017-11-30,61.96,62.69,60.7128,61.64,4401663,0.0
2017-12-03,62.05,62.14,58.03,58.3,10435450,0.0
2017-12-04,57.36,60.43,57.02,59.24,6575948,0.0
2017-12-05,59.17,60.5,58.33,60.44,7321044,0.0
2017-12-06,60.48,62.12,60.37,61.58,5737045,0.0
2017-12-07,62.26,63.51,61.83,62.11,4247285,0.0
2017-12-10,61.82,62.86,61.82,62.85,2648582,0.0
2017-12-11,63.75,64.69,62.85,64.07,5347636,0.0
2017-12-12,64.52,64.95,63.97,64.27,4294676,0.0
2017-12-13,64.02,65.45,64,64.7,3917195,0.0
2017-12-14,65.14,66.67,64.67,66.39,6167038,0.0
2017-12-17,67.08,67.4,65.51,65.67,5004203,0.0
2017-12-18,65.76,65.91,64.23,64.9,4976062,0.0
2017-12-19,65.31,65.44,64.0061,64.38,3818530,0.0
2017-12-20,64.51,64.8965,63.8,64.75,2755177,0.0
2017-12-21,64.52,64.88,64.12,64.18,2752675,0.0
2017-12-25,63.88,64.11,63.03,63.12,2380124,0.0
2017-12-26,63.36,63.47,62.75,63.02,3847073,0.0
2017-12-27,63.01,63.35,62.27,63.07,2691350,0.0
2017-12-28,63.3,63.64,62.79,63.33,2319449,0.0
2018-01-01,63.54,64.67,63.37,63.98,3554593,0.0
2018-01-02,64.21,65.745,64.08,64.98,3592060,0.0
2018-01-03,65.41,65.53,64.03,64.66,3050837,0.0
2018-01-04,64.88,66.18,64.49,66.03,4088806,0.0
2018-01-07,66.17,66.95,65.33,66.29,3526857,0.0
2018-01-08,66.41,66.48,64.57,66.19,5111103,0.0
2018-01-09,65.93,66.78,65.78,66.49,3196415,0.0
2018-01-10,68.29,69.31,67.23,68.88,6559400,0.0
2018-01-11,69.35,70.36,68.71,70,6381221,0.0
2018-01-15,70.56,70.81,68.05,68.36,4014937,0.0
2018-01-16,69.62,70.82,68.45,70,5501418,0.0
2018-01-17,69.76,70.37,68.83,69.44,4406317,0.0
2018-01-18,69.86,70.84,69.12,70.57,3741948,0.0
2018-01-21,70.45,71.4,69.68,71.3,2830871,0.0
2018-01-22,71.03,71.99,70.79,71.18,3816471,0.0
2018-01-23,71.43,71.69,69.67,70.07,7360370,0.0
2018-01-24,70.6,71.2,69.95,70.46,3856291,0.0
2018-01-25,70.99,72.39,70.41,72.15,4609764,0.0
2018-01-28,72.13,72.67,71.33,72.08,6882833,0.0
2018-01-29,71.07,71.8,70.36,71.61,4234012,0.0
2018-01-30,72.96,74.945,72.96,73.75,5201519,0.0
2018-01-31,73.08,74.24,72.8,72.97,3858400,0.0
2018-02-01,72.29,72.59,71.01,71.05,4565562,0.0
2018-02-04,70.18,70.77,66.91,67.98,8330013,0.0
2018-02-05,65.63,69.48,65.38,69.34,8655014,0.0
2018-02-06,69.25,70.49,69.06,69.1,5100702,0.0
2018-02-07,69.27,69.47,65.76,65.83,8438085,0.0
2018-02-08,66.94,67.64,63.32,66.74,16398452,0.0
2018-02-11,66.81,68.93,66.81,67.97,6709686,0.0
2018-02-12,67.6,68.21,67,68.04,4372610,0.0
2018-02-13,67.2,69.53,67.11,69.29,6053988,0.0
2018-02-14,69.64,72.05,68.7,71.99,5093836,0.0
2018-02-15,71.96,72.1252,69.42,69.83,5365847,0.0
2018-02-19,69.6,70.91,69.38,70.48,4103314,0.0
2018-02-20,70.54,71.84,69.9,70.22,4615399,0.0
2018-02-21,70.06,70.7,68.71,69.13,4008722,0.0
2018-02-22,69.64,71.71,69.44,71.7,4729286,0.0
2018-02-25,72.39,73.73,72.3,72.78,3965240,0.0
2018-02-26,72.7,73,71.67,72.24,3243163,0.0
2018-02-27,72.77,74.51,72.59,73.135,5815437,0.0
2018-02-28,73.16,73.42,71.52,72,6770111,0.0
2018-03-01,71.06,74.35,70.74,74,5540574,0.0
2018-03-04,73.42,74.97,72.92,74.71,5029258,0.0
2018-03-05,75.4,75.48,72.86,73.54,6389114,0.0
2018-03-06,73.01,73.77,72.39,73.69,4706654,0.0
2018-03-07,74.1,76.49,73.82,76.42,6835483,0.0
2018-03-08,76.57,77.85,76.02,77.82,7645393,0.0
2018-03-11,78.82,79.21,75.89,76.47,7026327,0.0
2018-03-12,77.09,77.45,75.42,75.54,4187490,0.0
2018-03-13,75.98,76.09,73.68,73.84,9677956,0.0
2018-03-14,72.61,73.31,72.13,73,8847128,0.0
2018-03-15,73.53,73.56,71.36,71.64,8086551,0.0
2018-03-18,71,72.03,69.81,71.05,6641115,0.0
2018-03-19,71.35,72.08,70.79,71.36,3152140,0.0
2018-03-20,71.2,72.63,71.11,71.61,3604641,0.0
2018-03-21,70.63,71.625,69.32,69.4,3661812,0.0
2018-03-22,69.49,70.15,68.02,68.05,4122746,0.0
2018-03-25,69.43,70.14,68.43,70.07,3691256,0.0
2018-03-26,70.67,70.67,65.56,66.3,5844243,0.0
2018-03-27,65.93,66.57,64.45,65.97,8261409,0.0
2018-03-28,66.51,68.04,64.92,67.46,7546620,0.0
2018-04-01,66.8,67.23,64.0918,65.09,7688297,0.0
2018-04-02,65.39,65.86,64.09,65.48,5618407,0.0
2018-04-03,63.955,66.52,63.52,66.26,4037507,0.0
2018-04-04,67.2,67.66,66.15,66.52,3706637,0.0
2018-04-05,65.85,66.36,64.13,64.56,2961649,0.0
2018-04-08,65.16,66.77,64.96,65.77,4533494,0.0
2018-04-09,66.96,67.05,65.3,66.51,5305089,0.0
2018-04-10,65.8,66.77,65.71,65.86,2456715,0.0
2018-04-11,66.25,67.58,65.8,67.22,3354648,0.0
2018-04-12,67.41,67.59,65.29,65.88,4045348,0.0
2018-04-15,66.53,66.85,65.76,66.55,4066780,0.0
2018-04-16,67.25,68.52,67.1,68.29,4832248,0.0
2018-04-17,68.75,69.01,67.97,68.69,3624544,0.0
2018-04-18,68.39,68.72,67.44,67.68,3508497,0.0
2018-04-19,67.44,67.47,65.96,66.3,3809394,0.0
2018-04-22,66.6,67.84,65.965,66.24,3220341,0.0
2018-04-23,66.46,67.24,64.71,65.35,3973272,0.0
2018-04-24,65.42,65.76,64.01,64.83,3090625,0.0
2018-04-25,65.26,66.695,64.93,66.34,3843140,0.0
2018-04-26,66.69,67.3,65.51,65.79,4065679,0.0
2018-04-29,65.86,66.6,65.28,66.33,3320018,0.0
2018-04-30,66.15,67.99,65.59,67.78,3739557,0.0
2018-05-01,67.92,68.89,67.66,68.4,6436985,0.0
2018-05-02,68.48,71.03,64.06,66.62,18618747,0.0
2018-05-03,66.1,69.92,66.0228,69.86,9507505,0.0
2018-05-06,70.27,70.73,69.6,70.375,4407746,0.0
2018-05-07,69.66,70.16,69.18,69.62,2918414,0.0
2018-05-08,69.98,72.04,69.81,71.24,4537518,0.0
2018-05-09,71.78,72.91,71.32,72.9,4259552,0.0
2018-05-10,72.76,72.78,71.27,71.69,4010244,0.0
2018-05-13,71.87,72.34,71.035,71.7,2436287,0.0
2018-05-14,71.03,71.155,69.67,70.18,2907660,0.0
2018-05-15,71.13,71.94,70.1,70.34,3827820,0.0
2018-05-16,70.32,71.9,70.11,71.65,5570605,0.0
2018-05-17,71.52,72.14,71.05,71.99,4703062,0.0
2018-05-20,72.5,73.5,71.19,71.44,5327676,0.0
2018-05-21,71.88,72.57,71.23,71.37,3364121,0.0
2018-05-22,70.79,71.805,70.55,71.74,2794422,0.0
2018-05-23,71.75,71.94,70.05,70.8,4517091,0.0
2018-05-24,70.66,71.81,70.6,71.43,3039979,0.0
2018-05-28,70.8,71.19,69.87,70.64,3765437,0.0
2018-05-29,70.92,71.21,70.51,70.69,2805878,0.0
2018-05-30,70.81,72.28,70.69,70.9,4438102,0.0
2018-05-31,71.42,73.21,70.77,73.02,5379451,0.0
2018-06-03,73.25,73.86,72.66,72.78,3137266,0.0
2018-06-04,72.79,73.35,72.19,72.77,3728674,0.0
2018-06-05,73.26,75.01,73.26,74.78,4781683,0.0
2018-06-06,74.79,75.28,73.08,73.95,3324914,0.0
2018-06-07,73.51,74.83,73.45,74.3,3448248,0.0
2018-06-10,74.25,75.53,74.225,74.99,4088044,0.0
2018-06-11,75.23,76.04,74.791,75.95,3144608,0.0
2018-06-12,76.04,77.52,75.7,76.68,5817856,0.0
2018-06-13,76.83,79.25,76.8,77.72,5449345,0.0
2018-06-14,77.66,77.83,76.37,77.43,3545636,0.0
2018-06-17,76.99,77.93,76.47,77.87,2609507,0.0
2018-06-18,76.64,77.3,75.655,77.26,2707280,0.0
2018-06-19,77.25,77.67,76.78,76.85,2620575,0.0
2018-06-20,77.17,77.9054,75.31,76.06,3786409,0.0
2018-06-21,76.46,76.56,75.215,75.97,2231170,0.0
2018-06-24,75.19,75.4,74.14,74.73,4070683,0.0
2018-06-25,75.32,76.42,74.43,75.27,3443174,0.0
2018-06-26,75.77,75.89,73.4,73.42,3484850,0.0
2018-06-27,74,76.19,73.66,76.01,3653135,0.0
2018-06-28,76.44,77.24,76.08,76.33,3499530,0.0
2018-07-01,75.47,77.325,75,77.27,2266925,0.0
2018-07-02,77.64,77.68,75.72,75.88,1524247,0.0
2018-07-04,76.51,76.81,75.685,76.19,6765526,0.0
2018-07-05,76.25,77.48,76.02,77.2,1882724,0.0
2018-07-08,77.7,77.99,75.93,76.83,3192526,0.0
2018-07-09,77,77.07,75.6749,76.18,2253967,0.0
2018-07-10,75.35,79.3631,75.35,78.61,6875171,0.0
2018-07-11,79.33,81.46,78.67,81.38,7520953,0.0
2018-07-12,81.4,81.64,79.921,81.5,3764167,0.0
2018-07-15,81.61,81.64,80.1,80.22,3535695,0.0
2018-07-16,79.33,81.16,77.55,80.95,3806541,0.0
2018-07-17,80.79,81.47,80.395,81.28,3949687,0.0
2018-07-18,80.8,81.19,80.19,80.61,2681864,0.0
2018-07-19,80.93,80.955,79.55,79.65,4484400,0.0
2018-07-22,79.44,80,78.82,79.75,2424934,0.0
2018-07-23,80.1,80.2,77.96,78.41,3813504,0.0
2018-07-24,78.6,79.74,78.32,79.47,3917328,0.0
2018-07-25,79.39,79.62,77.46,77.65,5609482,0.0
2018-07-26,77.08,77.5744,74.67,75.37,5796420,0.0
2018-07-29,75.37,75.48,71.79,72.76,8422415,0.0
2018-07-30,72.91,74.29,72.515,73.42,5566639,0.0
2018-07-31,73.75,74.58,72.92,73.07,5092754,0.0
2018-08-01,73.65,74.159,72.55,74.05,5276925,0.0
2018-08-02,74.5,75.25,70.73,71.31,11984050,0.0
2018-08-05,71.16,71.61,70.46,70.57,5553310,0.0
2018-08-06,70.57,71.665,69.87,70.22,6440669,0.0
2018-08-07,70.07,70.55,69.27,70.01,6022323,0.0
2018-08-08,70.02,70.97,69.56,70.52,6461629,0.0
2018-08-09,70.1,71.04,69.77,70.62,3936209,0.0
2018-08-12,70.61,72.3,70.255,70.52,5205271,0.0
2018-08-13,71.04,71.7359,70.18,71.29,4233814,0.0
2018-08-14,70.39,70.81,68.445,69.31,7779210,0.0
2018-08-15,69.68,69.99,68.91,69.69,8359894,0.0
2018-08-16,69.51,69.67,68.33,69.14,4825534,0.0
2018-08-19,69.21,69.39,68.22,68.94,3761930,0.0
2018-08-20,69.27,70.26,69.04,69.67,4748136,0.0
2018-08-21,69.58,71.52,69.5001,71.43,7029012,0.0
2018-08-22,71.56,71.895,70.51,71.17,6437106,0.0
2018-08-23,71.71,74.16,71.46,74.08,7745823,0.0
2018-08-26,74.87,75,73.33,74.08,5414929,0.0
2018-08-27,74.25,74.33,73.39,74.01,3195684,0.0
2018-08-28,73.94,75.4,73.8778,74.85,4228731,0.0
2018-08-29,74.4,75.77,73.6,74.1,6944373,0.0
2018-08-30,71.52,72.45,71.01,72.09,7138621,0.0
2018-09-03,72.13,73.04,72.03,72.98,5189547,0.0
2018-09-04,72.93,73.18,70.995,71.65,4510619,0.0
2018-09-05,71.63,72.43,71.15,71.96,5031754,0.0
2018-09-06,71.83,73.71,71.81,73.58,4149388,0.0
2018-09-09,73.91,74.73,73.25,74.27,3949130,0.0
2018-09-10,74.88,79.54,74.66,79.51,13228494,0.0
2018-09-11,79.7,81.49,78.8,80.53,7794945,0.0
2018-09-12,80.59,81.4,79.8301,80.44,5349503,0.0
2018-09-13,80.5,82.03,80.43,81.27,5319541,0.0
2018-09-16,81.49,81.88,78.66,78.88,4909174,0.0
2018-09-17,78.82,80.38,78.82,79.63,3671016,0.0
2018-09-18,79.93,80.13,78.52,79.57,3195526,0.0
2018-09-19,79.91,81.04,79.345,80.65,3734005,0.0
2018-09-20,81.33,81.33,80.25,80.28,5273873,0.0
2018-09-23,79.7,80.69,79.35,80.61,4356392,0.0
2018-09-24,80.915,81.26,79.87,80.51,3542712,0.0
2018-09-25,81.11,82.46,81.02,81.57,5603543,0.0
2018-09-26,81.94,83.23,81.92,82.87,5470747,0.0
2018-09-27,82.76,83.75,82.74,83.21,5231587,0.0
2018-09-30,84.18,84.6794,82.31,83.27,4360978,0.0
2018-10-01,83.02,83.75,82.2001,83.38,3767300,0.0
2018-10-02,83.82,83.925,82.5201,83.01,3491195,0.0
2018-10-03,82.5,82.68,79.83,80.36,6655451,0.0
2018-10-04,79.5,81,78.66,79.58,4252429,0.0
2018-10-07,79.02,79.25,76.33,77.63,5546498,0.0
2018-10-08,76.9395,78.85,76.62,77.64,4118140,0.0
2018-10-09,77.52,77.59,73.43,73.59,7934337,0.0
2018-10-10,73.8,75.64,73.2281,73.85,7542809,0.0
2018-10-11,79.225,79.2475,76.55,77.92,11444607,0.0
2018-10-14,75.54,76.7,74.05,75.67,10492488,0.0
2018-10-15,77.14,78.98,76.49,78.73,6951159,0.0
2018-10-16,77.35,78.53,76.96,78.3,4729973,0.0
2018-10-17,73.97,74.58,71.22,71.79,18273168,0.0
2018-10-18,72.09,72.76,69.53,69.75,10066312,0.0
2018-10-21,70.1,70.95,69.32,69.78,4705787,0.0
2018-10-22,67.79,69.39,66.7139,68.98,6217619,0.0
2018-10-23,69.13,70.09,67.24,67.25,7933962,0.0
2018-10-24,67.91,70.73,67.66,70.35,6193048,0.0
2018-10-25,68.25,70.21,67.59,68.821,5846027,0.0
2018-10-28,70.34,70.34,63.4,65.24,10062004,0.0
2018-10-29,65.69,67.5,65.34,67.48,8194204,0.0
2018-10-30,68.67,70.14,68.12,69,6222692,0.0
2018-10-31,69.43,69.73,67.95,69.32,4202759,0.0
2018-11-01,69.95,70.29,68.38,68.96,4699933,0.0
2018-11-04,68,68.3,64,64.34,15766533,0.0
2018-11-05,64.32,65.9799,63.67,64.24,9133097,0.0
2018-11-06,65.26,66.5999,64.985,65.09,12203813,0.0
2018-11-07,65.37,65.4,62.35,62.5,11349972,0.0
2018-11-08,54.99,56.92,53.5,55,30406770,0.0
2018-11-11,55,55.6,53.81,53.93,10648481,0.0
2018-11-12,54.2,54.98,52.39,52.55,8675233,0.0
2018-11-13,53.19,53.49,51.37,51.61,8698248,0.0
2018-11-14,51.41,53.675,51.03,53.56,11343079,0.0
2018-11-15,53.06,53.1,50.855,50.94,10181071,0.0
2018-11-18,50.81,50.87,48.89,49.14,12494170,0.0
2018-11-19,47.77,49.905,46.83,49.26,13176230,0.0
2018-11-20,50.04,51.5,49.86,50.9,9343988,0.0
2018-11-22,50.46,51,49.72,50.07,4952939,0.0
2018-11-25,50.69,51.02,49.99,50.91,8758064,0.0
2018-11-26,50.61,50.82,49.8,50.75,7391549,0.0
2018-11-27,51.1,51.205,49.98,51.03,6858846,0.0
2018-11-28,50.64,52.91,50.6,52.565,8234229,0.0
2018-11-29,52.53,52.55,49.26,49.87,11912996,0.0
2018-12-02,51,51.44,46.45,46.6,29448700,0.0
2018-12-03,46.66,48.4,46.34,46.51,21609423,0.0
2018-12-05,46.25,48.31,45.5,48.16,17415123,0.0
2018-12-06,47.87,48.7699,47.2,47.21,15919182,0.0
2018-12-09,47.23,48.37,46.67,47.88,10330857,0.0
2018-12-10,48.57,48.86,47.72,48.2,10299828,0.0
2018-12-11,49.05,50.22,48.42,48.44,10556253,0.0
2018-12-12,48.75,49.26,47.721,48.52,7218902,0.0
2018-12-13,47.47,48.45,46.97,47.74,6746445,0.0
2018-12-16,47.6,48.42,46.64,47.08,8044893,0.0
2018-12-17,47.75,47.85,46.78,47.33,7711538,0.0
2018-12-18,47.33,48.12,45.855,46.33,7344701,0.0
2018-12-19,46.18,47.7301,45.9301,47.06,9015350,0.0
2018-12-20,47.62,47.96,44.96,45.84,13278737,0.0
2018-12-23,45.35,46.29,43.92,43.97,5771768,0.0
2018-12-25,44.43,46.45,43.71,46.42,10738265,0.0
2018-12-26,45.71,47.06,45.21,47.06,6723651,0.0
2018-12-27,47.32,47.5851,46.1,46.771,5287576,0.0
2018-12-30,47.04,47.32,46.01,46.405,6493592,0.0
2019-01-01,45.25,47.51,45.1367,46.94,6557866,0.0
2019-01-02,46.44,46.6524,45,45.4,6543576,0.0
2019-01-03,46,47.55,45.13,47.11,7915370,0.0
2019-01-06,47.24,49.0799,47.09,48.535,7758260,0.0
2019-01-07,49.07,51.105,49,49.99,11297624,0.0
2019-01-08,50.37,51.41,49.9145,50.82,7067473,0.0
2019-01-09,50.5,51.49,50.09,51.34,5408710,0.0
2019-01-10,46.38,46.84,44.47,46.565,33748077,0.0
2019-01-13,46.07,47.68,45.82,47.3498,9530423,0.0
2019-01-14,47.33,47.8853,46.62,46.83,7495856,0.0
2019-01-15,46.76,47.375,45.86,47.095,8236802,0.0
2019-01-16,46.95,47.63,46.41,47.38,7015238,0.0
2019-01-17,47.89,49.32,47.84,48.66,9920291,0.0
2019-01-21,48.17,48.17,46.82,46.885,7422708,0.0
2019-01-22,47.32,47.44,45.63,45.98,8353838,0.0
2019-01-23,45.94,47.4,45.89,47.24,5580451,0.0
2019-01-24,47.86,48.39,47.32,47.805,5541634,0.0
2019-01-27,47,47.22,45.96,46.74,8300278,0.0
2019-01-28,46.36,46.47,45.23,45.72,6949116,0.0
2019-01-29,46.18,46.31,45.5,46.31,7949677,0.0
2019-01-30,46.46,47.49,45.98,47.255,7647875,0.0
2019-01-31,47.19,47.49,45.51,45.98,15142736,0.0
2019-02-03,46.32,47.03,46.07,46.725,9347556,0.0
2019-02-04,46.93,48.09,46.61,47.74,7460628,0.0
2019-02-05,45,45,42.53,42.995,32467506,0.0
2019-02-06,43.21,44.33,43.05,43.925,15763686,0.0
2019-02-07,43.78,43.93,42.88,43.355,17789167,0.0
2019-02-10,43.8,43.8,39.85,40.1901,42831166,0.0
2019-02-11,40.34,42.2352,40.11,41.72,26379087,0.0
2019-02-12,42.93,45.33,42.84,44.585,48898889,0.0
2019-02-13,44.09,46.59,43.7901,45.46,20071915,0.0
2019-02-14,45.47,45.6,44.14,44.545,16132532,0.0
2019-02-18,44.45,44.79,43.5,44.46,11332177,0.0
2019-02-19,44.67,45.56,42.48,42.78,18889646,0.0
2019-02-20,42.7,42.86,41.67,41.91,12854870,0.0
2019-02-21,42,42.25,41.25,41.505,12392720,0.0
2019-02-24,41.82,42.21,41,41.96,8980701,0.0
2019-02-25,41.82,42.68,41.72,42.07,7070054,0.0
2019-02-26,42.06,42.36,41.61,41.79,7840083,0.0
2019-02-27,41.78,42.35,41.67,42.15,7963201,0.0
2019-02-28,42.6,43.179,42.18,42.84,8468136,0.0
2019-03-03,43.06,43.25,41.31,41.8,7604267,0.0
2019-03-04,41.84,42,41.05,41.87,6186114,0.0
2019-03-05,41.95,42.86,41.86,42.56,7668078,0.0
2019-03-06,42.43,42.4721,41.18,41.42,8572347,0.0
2019-03-07,41.01,42.12,40.89,42.04,7722982,0.0
2019-03-10,42.23,43.1,41.99,42.92,5070153,0.0
2019-03-11,43.07,43.1499,42.555,42.63,4880127,0.0
2019-03-12,42.83,43.95,42.565,43.7,7013754,0.0
2019-03-13,43.73,43.93,43.23,43.32,5711360,0.0
2019-03-14,44.675,45.085,43.91,44.63,9101987,0.0
2019-03-17,44.93,45.16,44.12,44.98,8169831,0.0
2019-03-18,45.61,47.295,45.29,46.42,14280431,0.0
2019-03-19,46.4,47.09,46.13,46.15,11055806,0.0
2019-03-20,46.08,48.83,45.9,48.61,13010616,0.0
2019-03-21,48.31,48.45,46.28,46.88,10340414,0.0
2019-03-24,46.75,47.545,46.42,46.97,6652312,0.0
2019-03-25,47.28,47.88,45.96,46.43,9101459,0.0
2019-03-26,46.29,46.29,45.24,45.52,7388089,0.0
2019-03-27,45.34,45.71,44.8702,45.6,7427782,0.0
2019-03-28,46.18,46.37,45.01,45.55,5352748,0.0
2019-03-31,46.5,47.235,46.16,47.13,3420199,0.0
2019-04-01,47.42,47.78,46.2,47.44,8783623,0.0
2019-04-02,47.75,48.6,47.4,47.65,8407577,0.0
2019-04-03,47.68,47.82,46.58,46.95,5121908,0.0
2019-04-04,47.08,47.54,46.675,47.28,4802379,0.0
2019-04-07,47.23,47.63,46.37,47.57,5053906,0.0
2019-04-08,47.19,47.65,46.85,47.01,3694067,0.0
2019-04-09,47.34,47.96,47.15,47.86,3242800,0.0
2019-04-10,48.06,48.24,46.855,47.17,4348104,0.0
2019-04-11,47.4,47.68,46.94,47.27,3138927,0.0
2019-04-14,47.27,47.57,45.64,45.75,6791412,0.0
2019-04-15,45.95,45.95,44.74,45.06,9204892,0.0
2019-04-16,45.17,45.34,43.96,44.97,6139962,0.0
2019-04-17,45.18,45.59,44.65,45.3,3916981,0.0
2019-04-21,45.24,45.53,44.7,45.34,3266896,0.0
2019-04-22,45.6,46.76,45.47,46.5,5383188,0.0
2019-04-23,46.45,46.89,46.04,46.76,4689481,0.0
2019-04-24,46.66,47.46,46.135,47.41,6783848,0.0
2019-04-25,47.48,48.48,47.3,48.14,5823222,0.0
2019-04-28,48.43,48.98,48.215,48.39,6699827,0.0
2019-04-29,48.41,48.65,47.775,48.23,6025167,0.0
2019-04-30,48.35,49.56,48.24,48.57,8874571,0.0
2019-05-01,48.78,49.83,48.72,49.54,12143533,0.0
2019-05-02,48.2,48.67,46.16,47.15,24645044,0.0
2019-05-05,46.03,48.2,46,48.16,9548561,0.0
2019-05-06,47.71,47.97,46.35,46.69,6711619,0.0
2019-05-07,47.05,47.315,46.4,46.81,8344010,0.0
2019-05-08,46.14,47.04,45.7,46.65,6611089,0.0
2019-05-09,46.56,46.63,43.52,46.02,4963849,0.0
2019-05-12,44.73,45.13,43.17,43.41,8285321,0.0
2019-05-13,43.7,45.175,43.38,44.69,6262337,0.0
2019-05-14,44.49,46.52,44.43,46.28,6324554,0.0
2019-05-15,46.27,47.32,45.82,47.29,4915586,0.0
2019-05-16,46.81,47.365,46.295,46.39,3430216,0.0
2019-05-19,45.65,45.65,43.33,43.61,7394532,0.0
2019-05-20,43.97,44.055,43.4,43.45,6791929,0.0
2019-05-21,42.94,43.64,42.83,42.91,6825661,0.0
2019-05-22,42.43,42.79,41.95,42.18,6217132,0.0
2019-05-23,42.46,42.78,41.84,42.29,4275845,0.0
2019-05-27,43.66,44.7,43.275,43.5,9162513,0.0
2019-05-28,43.2,44.16,42.84,43.99,7394279,0.0
2019-05-29,44.04,44.48,43.16,43.56,4795577,0.0
2019-05-30,43.11,43.78,43.01,43.36,4565807,0.0
2019-06-02,43.32,43.39,42.1,42.37,5456993,0.0
2019-06-03,42.98,43.64,42.25,43.62,4903651,0.0
2019-06-04,43.77,44.68,43.49,44.53,5180768,0.0
2019-06-05,44.15,44.74,43.7,44.11,3512066,0.0
2019-06-06,44.28,45.63,44.055,45.385,5995532,0.0
2019-06-09,45.77,46.47,45.2,46,5653116,0.0
2019-06-10,46.49,47.06,46.19,46.7,6041520,0.0
2019-06-11,46.46,46.53,44.97,45.08,5665969,0.0
2019-06-12,45.45,46.11,45.08,46.05,10209285,0.0
2019-06-13,45.8,45.96,45.12,45.62,8301204,0.0
2019-06-16,45.7,45.95,45,45.07,7123799,0.0
2019-06-17,45.55,46.48,45.33,45.79,6080442,0.0
2019-06-18,45.77,45.77,44.585,45.33,4857591,0.0
2019-06-19,45.99,46.33,45.45,45.68,3609622,0.0
2019-06-20,45.53,45.94,45.19,45.91,4872713,0.0
2019-06-23,45.64,47.21,45.64,47.15,6383664,0.0
2019-06-24,47.07,47.49,45.66,46.2,7960261,0.0
2019-06-25,46.36,47.465,46.21,46.72,4590909,0.0
2019-06-26,47.09,47.57,46.52,47.28,5563382,0.0
2019-06-27,47.615,47.73,46.56,47.21,4253242,0.0
2019-06-30,47.88,48.46,47.205,47.5,4726568,0.0
2019-07-01,47.96,48.815,47.69,47.97,6099001,0.0
2019-07-02,48.05,48.79,47.73,48.67,2895428,0.0
2019-07-04,48.33,48.35,46.64,48.15,5861703,0.0
2019-07-07,47.8,47.91,46.225,46.48,6070437,0.0
2019-07-08,46.17,46.705,45.725,46.36,3866401,0.0
2019-07-09,46.9,47.37,46.57,46.84,3774653,0.0
2019-07-10,46.92,47.58,46.43,47.35,4465397,0.0
2019-07-11,47.49,47.63,47.04,47.2,2469800,0.0
2019-07-14,47.26,47.85,46.88,47.66,3483537,0.0
2019-07-15,47.61,47.66,46.66,46.98,4378161,0.0
2019-07-16,46.92,47.32,46.43,46.67,4450501,0.0
2019-07-17,46.45,46.5,45.49,45.72,6961893,0.0
2019-07-18,46,46.11,45.09,45.14,5080570,0.0
2019-07-21,45.33,45.6,44.8101,45.57,3321616,0.0
2019-07-22,45.82,45.93,45.29,45.92,3467309,0.0
2019-07-23,45.71,46.99,45.69,46.87,3251025,0.0
2019-07-24,47.36,47.4,46.36,47.2,4021286,0.0
2019-07-25,47.48,48.225,47.16,47.99,5025662,0.0
2019-07-28,48,48.525,47.08,48.45,4316039,0.0
2019-07-29,48.1,48.36,47.5,48.3,4428698,0.0
2019-07-30,48.79,49.9297,48.38,48.74,7742452,0.0
2019-07-31,48.93,51.24,48.81,50.2,10030413,0.0
2019-08-01,49.8,50.6,48.65,49.03,7736669,0.0
2019-08-04,47.87,47.95,45.515,46.11,9340431,0.0
2019-08-05,47.45,47.59,46.3846,46.58,6385916,0.0
2019-08-06,46.11,48.23,46.1,48.1,6278250,0.0
2019-08-07,48.41,49.565,47.91,49.34,7552854,0.0
2019-08-08,48.75,48.8,47.11,48.07,9628822,0.0
2019-08-11,47.73,48.35,46.95,47.1,5809618,0.0
2019-08-12,46.99,48.37,46.47,48.13,4584146,0.0
2019-08-13,47.09,47.27,45,45.27,7770660,0.0
2019-08-14,45.53,45.73,44.91,45.51,5535180,0.0
2019-08-15,45.94,47.17,45.79,46.64,5146780,0.0
2019-08-18,47.55,48.3,47.28,47.92,3658385,0.0
2019-08-19,47.67,49.04,47.5,48.79,5053843,0.0
2019-08-20,49.1,49.54,48.71,49.05,3658902,0.0
2019-08-21,49.29,49.29,48.33,49.08,3561130,0.0
2019-08-22,48.6,49.38,47.16,47.35,5649241,0.0
2019-08-25,47.99,48.7,47.53,48.7,3603338,0.0
2019-08-26,50.5,52.22,49.9606,51.09,16586739,0.0
2019-08-27,50.63,50.935,49.54,50.21,6730562,0.0
2019-08-28,51,51.43,50.26,50.95,5751711,0.0
2019-08-29,51.29,51.405,50.17,50.59,3828872,0.0
2019-09-02,50.48,51.57,50.43,51.05,5720616,0.0
2019-09-03,52.06,53.61,52.01,53.5,9418771,0.0
2019-09-04,55.15,56.5966,53.77,54.58,11347380,0.0
2019-09-05,54.67,55.01,54.26,54.58,6511636,0.0
2019-09-08,55.25,55.55,54.2,55.18,7821722,0.0
2019-09-09,54.75,56.1473,54.28,56.06,7818673,0.0
2019-09-10,56.54,56.77,54.41,54.91,9178490,0.0
2019-09-11,56.46,57.52,55.14,55.44,9829277,0.0
2019-09-12,55.64,56.02,55.315,55.95,5858734,0.0
2019-09-15,55.18,55.94,55.17,55.79,5635976,0.0
2019-09-16,55.5,55.72,54.77,55.35,6068749,0.0
2019-09-17,55.21,55.23,54.13,55.11,4492511,0.0
2019-09-18,55.43,55.56,54.71,55,3768367,0.0
2019-09-19,55.04,55.48,54.52,54.75,6199296,0.0
2019-09-22,54.47,54.74,53.67,54.18,3726164,0.0
2019-09-23,54.61,54.63,53.4125,53.99,6313151,0.0
2019-09-24,53.89,55.04,53.58,54.94,4648259,0.0
2019-09-25,54.72,55.07,54.16,54.23,6031057,0.0
2019-09-26,54.22,54.72,52.05,52.33,6612894,0.0
2019-09-29,52.6,52.995,52.31,52.92,5469680,0.0
2019-09-30,53.34,53.55,52.24,52.89,8626700,0.0
2019-10-01,51.9,52.54,50.25,52.24,12422390,0.0
2019-10-02,52.19,54.77,52.07,54.07,12941234,0.0
2019-10-03,54.75,55.49,54.55,55.43,16176574,0.0
2019-10-06,55.06,55.89,54.56,55.42,11924334,0.0
2019-10-07,54.75,55.3,54.1,54.11,13116558,0.0
2019-10-08,53.76,54.75,53.2,53.41,16596659,0.0
2019-10-09,52.93,53.84,51.45,53.7,15987335,0.0
2019-10-10,54.35,55.38,54.15,54.79,15762097,0.0
2019-10-13,54.35,55.2,54.01,55,9645362,0.0
2019-10-14,55.15,55.6,54.16,55.57,12733680,0.0
2019-10-15,55.4,55.9398,55.14,55.59,9939813,0.0
2019-10-16,56,56.46,55.51,55.6,10271042,0.0
2019-10-17,55.66,55.688,53.38,54.53,14968670,0.0
2019-10-20,55.24,55.82,54.725,55.49,4363387,0.0
2019-10-21,55.67,55.72,54.49,54.535,4068428,0.0
2019-10-22,54.56,55.33,54.35,54.81,2982769,0.0
2019-10-23,55.18,55.735,54.62,55.45,5119536,0.0
2019-10-24,56.21,56.275,55.02,55.27,5379147,0.0
2019-10-27,55.99,56.18,54.21,54.56,6863972,0.0
2019-10-28,54.47,54.63,53.62,54,5129303,0.0
2019-10-29,55.25,55.95,54.405,55.88,7448979,0.0
2019-10-30,55.93,56.07,54.74,56.06,5460472,0.0
2019-10-31,56.21,57.43,55.46,55.82,9583046,0.0
2019-11-03,55.56,56.01,54.17,55.73,9812623,0.0
2019-11-04,55.8,56.27,55.01,55.54,4549502,0.0
2019-11-05,55.78,56.59,55.47,56.37,5656425,0.0
2019-11-06,56.75,56.82,54.3546,54.55,10962131,0.0
2019-11-07,53.5,54.84,52.65,54.3,15455701,0.0
2019-11-10,53.85,53.93,52.24,52.53,6204449,0.0
2019-11-11,52.7,53.05,51.69,51.95,11886514,0.0
2019-11-12,51.6,52.63,51.46,52.33,11175174,0.0
2019-11-13,52.32,52.98,52.1,52.71,5946101,0.0
2019-11-14,53.15,53.71,52.7,53.44,4859112,0.0
2019-11-17,53.43,53.45,52.2742,52.72,4856912,0.0
2019-11-18,53.1,53.38,52.48,53.28,4200073,0.0
2019-11-19,53.24,54.19,53.145,54.0804,5590777,0.0
2019-11-20,53.95,54.29,53.31,53.7,3571204,0.0
2019-11-21,53.77,53.9,52.59,53.03,4169978,0.0
2019-11-24,53.23,53.76,53.02,53.73,3303654,0.0
2019-11-25,53.93,54.23,53.56,54.17,2825589,0.0
2019-11-26,54.33,54.56,53.9,54.48,2889992,0.0
2019-11-28,54.13,55.18,54.007,54.84,2037345,0.0
2019-12-01,54.93,54.98,53.36,54.23,4283832,0.0
2019-12-02,53.61,54.61,53.52,54.6,4232604,0.0
2019-12-03,54.75,54.87,53.755,53.87,3996855,0.0
2019-12-04,54.09,55.04,53.74,54.99,4290212,0.0
2019-12-05,55.12,55.4194,54.8,55.21,4604212,0.0
2019-12-08,55.12,55.4,54.37,54.38,3532783,0.0
2019-12-09,54.46,55.99,54.1,55.94,3962108,0.0
2019-12-10,55.94,56.98,55.94,56.48,5088284,0.0
2019-12-11,56.6,58.81,56.48,58.56,8304887,0.0
2019-12-12,58.5,58.74,57.7908,58.665,5026930,0.0
2019-12-15,59.23,59.34,58.57,58.61,4087786,0.0
2019-12-16,58.7,58.74,58.1,58.26,3132220,0.0
2019-12-17,58.34,59.12,57.96,59.02,4115692,0.0
2019-12-18,58.71,59.23,58.525,59.13,3248940,0.0
2019-12-19,59.2,59.71,58.79,59.23,6747979,0.0
2019-12-22,59.6,59.745,58.83,58.88,2452307,0.0
2019-12-23,58.78,59.03,58.52,58.81,1349442,0.0
2019-12-25,58.81,59.27,58.71,58.89,1704268,0.0
2019-12-26,59.21,59.59,58.78,59.19,2662089,0.0
2019-12-29,59.35,59.5539,58.615,58.88,2439458,0.0
2019-12-30,58.72,59.47,58.65,59.42,2595242,0.0
2020-01-01,59.91,60.05,58.56,58.64,4435746,0.0
2020-01-02,58.03,58.93,57.65,58.67,4098417,0.0
2020-01-05,58.47,59.87,58.435,59.75,3159243,0.0
2020-01-06,59.72,60.41,59.21,60.335,3620885,0.0
2020-01-07,60,60.885,59.85,59.87,4506822,0.0
2020-01-08,60.24,60.43,58.86,59.34,6394133,0.0
2020-01-09,59.76,59.76,58.73,58.95,3855676,0.0
2020-01-12,59.12,59.58,58.82,59.24,3450288,0.0
2020-01-13,59.58,60.575,58.91,60.05,6162369,0.0
2020-01-14,60.05,60.45,59.28,59.63,5011111,0.0
2020-01-15,60,60.45,59.72,60.44,5504635,0.0
2020-01-16,60.61,61.28,60.44,61.23,7187341,0.0
2020-01-20,60.9,61.64,60.81,61.43,8900794,0.0
2020-01-21,61.65,61.9,60.235,60.32,10375183,0.0
2020-01-22,60.32,60.55,60.06,60.13,7865786,0.0
2020-01-23,60.22,60.35,58.95,59.38,13717953,0.0
2020-01-26,58.19,58.69,57.78,58.32,5428100,0.0
2020-01-27,58.79,60.365,58.61,60.05,4683968,0.0
2020-01-28,60.49,60.57,59.9,60.4,3482324,0.0
2020-01-29,59.92,60.9,59.92,60.88,4447960,0.0
2020-01-30,60.2,60.3,58.3469,58.46,7290298,0.0
2020-02-02,58.64,58.9,58.09,58.2,4152833,0.0
2020-02-03,58.86,59.38,57.37,59.22,5907913,0.0
2020-02-04,60.14,60.14,58.44,58.85,4798079,0.0
2020-02-05,59.19,60.64,59,60.27,8182148,0.0
2020-02-06,61.33,62.8412,60.38,61.54,11933518,0.0
2020-02-09,61.42,61.945,60.77,61.64,4605829,0.0
2020-02-10,61.93,61.93,60.58,61.19,4958762,0.0
2020-02-11,61.5,63.12,61.44,62.81,4430077,0.0
2020-02-12,62.25,62.94,62,62.5892,2802081,0.0
2020-02-13,62.63,63.54,62.31,63.51,3468921,0.0
2020-02-17,63.36,64.12,63.26,63.74,4576748,0.0
2020-02-18,64,64.43,63.79,64.37,3918997,0.0
2020-02-19,64.3,64.53,62.93,64,3508213,0.0
2020-02-20,63.82,63.931,63.07,63.37,2908478,0.0
2020-02-23,61.21,63.2,61.01,62.31,5159959,0.0
2020-02-24,61.8,62.02,59.31,59.51,9724872,0.0
2020-02-25,59.9,60.5,58.96,59.36,7453427,0.0
2020-02-26,57.8,60.29,57.52,58.28,8117948,0.0
2020-02-27,56.29,58.18,55.923,58.16,8663140,0.0
2020-03-01,58.3,60.65,57.91,60.62,8461386,0.0
2020-03-02,60.56,61.82,58.14,58.75,8843838,0.0
2020-03-03,60,62.59,59.59,62.57,6198394,0.0
2020-03-04,60.78,62.3,60.34,61.52,6102055,0.0
2020-03-05,59.65,60.875,58.355,59.96,8486587,0.0
2020-03-08,56.6,59.12,55.4,57.165,24405550,0.0
2020-03-09,59.45,61.12,57.93,60.72,12664830,0.0
2020-03-10,58.75,60.46,58.4,59.33,9445668,0.0
2020-03-11,55.1,57.49,52.83,54.56,10475244,0.0
2020-03-12,57,59.05,53.1,59.04,8960134,0.0
2020-03-15,53.11,57.07,52.48,52.76,9493469,0.0
2020-03-16,53.66,57,50.51,56.16,19991150,0.0
2020-03-17,53,58.22,52.05,55.75,11767779,0.0
2020-03-18,55.62,58.16,53.72,54.1163,9433236,0.0
2020-03-19,55.25,55.595,51.38,52.04,11228725,0.0
2020-03-22,52.805,57.66,52.33,56.47,18259560,0.0
2020-03-23,58.34,61.25,53.82,54.41,13702395,0.0
2020-03-24,55.01,55.7099,52.52,52.87,9794653,0.0
2020-03-25,53.06,57.78,53.06,57.64,8653379,0.0
2020-03-26,56.55,58.63,55.76,56.96,7413168,0.0
2020-03-29,58.34,59.75,57.5141,58.47,7678159,0.0
2020-03-30,58.04,60.1,57.83,59.52,7020377,0.0
2020-03-31,58,59.61,57.055,57.49,6572616,0.0
2020-04-01,58.27,61.09,58.01,60.77,14495684,0.0
2020-04-02,61.26,61.72,58.77,59.98,6474671,0.0
2020-04-05,61.13,62.395,60.1,61.6,7783882,0.0
2020-04-06,62.53,62.55,58.12,59.87,13418697,0.0
2020-04-07,60.36,61.495,59.91,61.07,6623885,0.0
2020-04-08,61.28,61.8,59.55,60.49,7190903,0.0
2020-04-12,60.3165,63,60.02,62.73,5512138,0.0
2020-04-13,63.98,64,62.72,63.28,12540750,0.0
2020-04-14,62.63,66.0566,62.25,65.67,17099446,0.0
2020-04-15,66.4535,68.32,65.55,68.07,29496207,0.0
2020-04-16,66.5,67,64.89,66.89,36250945,0.0
2020-04-19,66.62,67.15,65.96,66.51,12655415,0.0
2020-04-20,66.24,67.04,64.97,65.72,19928727,0.0
2020-04-21,66.7,67.11,64.73,66.95,21456440,0.0
2020-04-22,66.98,67.5799,65.82,65.88,9405932,0.0
2020-04-23,66.07,66.88,65.8,66.65,16223112,0.0
2020-04-26,67.397,67.77,66.51,67.07,9388057,0.0
2020-04-27,67,67.33,63.72,63.85,7223175,0.0
2020-04-28,64.149,65.2,62.3374,64.81,15095510,0.0
2020-04-29,64.82,65.46,63.41,63.71,8092339,0.0
2020-04-30,63.14,64.935,62.85,64.76,8725716,0.0
2020-05-03,65.33,66.89,65.23,66.67,6730562,0.0
2020-05-04,67.67,69.63,66.97,68.58,26572066,0.0
2020-05-05,74,74.795,71.03,72.87,20378058,0.0
2020-05-06,72.31,73.645,71.12,73.14,15216624,0.0
2020-05-07,73.18,74,72.51,73.11,5241929,0.0
2020-05-10,73.0609,75.97,72.6,75.43,8037090,0.0
2020-05-11,75.265,75.49,71.95,72.24,15337188,0.0
2020-05-12,72.51,75.01,71.97,73.68,7875428,0.0
2020-05-13,73.12,73.9,71.61,73,5836189,0.0
2020-05-14,72.62,74,72.285,73.93,5108032,0.0
2020-05-17,73.86,74.68,72.45,72.89,14129544,0.0
2020-05-18,72.9,74.44,72.72,73.02,4511532,0.0
2020-05-19,73.535,74.54,73.24,73.76,10065028,0.0
2020-05-20,74.36,74.49,72.44,72.46,11913520,0.0
2020-05-21,73.01,73.16,72.2,73.09,9269561,0.0
2020-05-25,73.37,73.4888,69.61,70,9221890,0.0
2020-05-26,69.29,70.34,66.592,70.15,11197555,0.0
2020-05-27,70,71.73,69.4006,70.17,7130217,0.0
2020-05-28,70.66,72.21,69.82,71.96,13298250,0.0
2020-05-31,72.19,73.58,71.72,72.98,8926904,0.0
2020-06-01,72.78,73.03,71.0902,73,11250430,0.0
2020-06-02,72.39,72.63,69.665,69.91,17304764,0.0
2020-06-03,69.5,71.1,69.1,69.81,12435232,0.0
2020-06-04,67.99,69.59,67.4,69.51,7782195,0.0
2020-06-07,68.49,70.77,68.33,70.68,6108973,0.0
2020-06-08,71.28,72.16,70.23,72.011,10581304,0.0
2020-06-09,72.38,74.24,72.31,73.85,14512064,0.0
2020-06-10,72.87,74.35,71.02,71.29,6556697,0.0
2020-06-11,71.5,73.21,71.23,71.945,2829486,0.0
2020-06-14,71.48,73.55,71.27,73.2,11714490,0.0
2020-06-15,74,74.19,72.23,72.95,5738026,0.0
2020-06-16,73.69,76.48,73.31,75.55,23553114,0.0
2020-06-17,75.99,76.37,74.89,76.01,5981210,0.0
2020-06-18,76.18,76.75,75.09,76.58,13267331,0.0
2020-06-21,76.67,77.2,75.87,76.13,4711289,0.0
2020-06-22,76.73,77.63,76.22,76.42,4056494,0.0
2020-06-23,76.46,77.17,74.43,75.58,5932320,0.0
2020-06-24,76.61,76.77,74.46,76.22,5036858,0.0
2020-06-25,76.54,76.84,74.65,76.44,5532078,0.0
2020-06-28,75.82,76.515,74.93,75.46,4399751,0.0
2020-06-29,75.69,76.43,75.42,75.87,5132642,0.0
2020-06-30,75.45,78.23,74.97,78.03,9558861,0.0
2020-07-01,78.86,79.11,77.045,77.53,4676571,0.0
2020-07-05,78.46,79.44,78.05,78.67,5365900,0.0
2020-07-06,79,80.38,78.39,78.505,5341863,0.0
2020-07-07,79.06,79.345,77.97,79.25,4338085,0.0
2020-07-08,79.93,80.74,78.8213,80.63,5444066,0.0
2020-07-09,80.72,81.5254,79.63,81.27,4878966,0.0
2020-07-12,82.01,82.05,77.52,78,6414383,0.0
2020-07-13,76.81,79.89,76.21,79.77,4415795,0.0
2020-07-14,78.52,79.585,77.455,79.15,4846837,0.0
2020-07-15,78.88,79.48,77.87,79.32,3078891,0.0
2020-07-16,79.41,79.85,77.95,78.66,4998803,0.0
2020-07-19,79.07,81.37,78.68,81.16,4683930,0.0
2020-07-20,81.645,81.83,79.62,80.77,4819919,0.0
2020-07-21,80.97,81.38,80.42,81.09,2511273,0.0
2020-07-22,81.49,82.67,79.38,79.62,4074423,0.0
2020-07-23,79.32,80.745,78.12,79.99,4026222,0.0
2020-07-26,80.6,81.795,80.59,81.64,2838527,0.0
2020-07-27,81.37,81.86,80.59,80.75,2897829,0.0
2020-07-28,81.26,81.44,80.62,81.19,2693980,0.0
2020-07-29,80.6,82.02,79.91,81.69,3666888,0.0
2020-07-30,82.81,83.45,81.76,82.62,6725720,0.0
2020-08-02,84.41,85.05,82.87,84.79,5981473,0.0
2020-08-03,86.77,87.04,83.95,86.44,14022482,0.0
2020-08-04,84.65,86.02,83.35,84.31,10153094,0.0
2020-08-05,87.55,87.7265,85.5,86.85,8507963,0.0
2020-08-06,84.43,85.4,80.99,82.46,8599984,0.0
2020-08-09,82.51,82.645,80.84,82.26,4774127,0.0
2020-08-10,81.51,81.51,78.7,79.12,8467020,0.0
2020-08-11,79.58,81.99,79.58,81.71,5369056,0.0
2020-08-12,82.28,82.98,81.2,81.26,4957830,0.0
2020-08-13,81.97,82.3,79.98,80.39,8801200,0.0
2020-08-16,80.97,82.05,80.1686,81.99,5951930,0.0
2020-08-17,82.6,83.2799,81.59,83.16,4046134,0.0
2020-08-18,82.95,83.73,81.73,81.99,4762039,0.0
2020-08-19,82.02,84.22,81.8613,83.989,4555009,0.0
2020-08-20,84.05,84.09,82.73,83.21,3370566,0.0
2020-08-23,83.34,83.66,81.91,83.07,3592339,0.0
2020-08-24,82.93,83.845,82.3685,83.6027,3246784,0.0
2020-08-25,83.83,84.94,83.54,84.48,6170083,0.0
2020-08-26,85,85,82.775,83.93,3867561,0.0
2020-08-27,83.95,84.03,82.31,83.22,3897322,0.0
2020-08-30,82.81,83.9299,82.69,83.54,4181887,0.0
2020-08-31,83.8438,84.49,82.6,83.32,5278757,0.0
2020-09-01,83.58,84.02,82.475,83.44,6409262,0.0
2020-09-02,82.96,83,79.411,80.32,7306852,0.0
2020-09-03,79.1,79.8,75.68,79,8310389,0.0
2020-09-07,76.58,77.49,75.92,76.19,8876491,0.0
2020-09-08,77.85,80,77.26,79.58,6223103,0.0
2020-09-09,80.58,81.11,78.73,79.1,5543626,0.0
2020-09-10,79.83,80.52,77.63,77.95,5140465,0.0
2020-09-13,79.04,79.42,78.48,79.13,5488812,0.0
2020-09-14,80,82.2089,79.78,81.8,5127075,0.0
2020-09-15,81.68,82.39,79.825,79.96,4665338,0.0
2020-09-16,78.06,79.19,77.71,78.76,6730559,0.0
2020-09-17,79.33,80.64,78.08,80.12,7201843,0.0
2020-09-20,79.64,81.465,79.16,81.41,5678924,0.0
2020-09-21,82.3128,83.275,80.755,82.63,5644468,0.0
2020-09-22,82.53,83.15,79.89,80.15,5005911,0.0
2020-09-23,79.28,80.89,79.25,79.69,4593144,0.0
2020-09-24,79.88,81.335,79.06,80.98,4451296,0.0
2020-09-27,81.63,82.02,80.505,81.96,3111651,0.0
2020-09-28,81.83,82,80.54,80.76,4191308,0.0
2020-09-29,80.61,82.015,80.4,80.9,5818145,0.0
2020-09-30,81.72,83.54,81.38,82.68,4880891,0.0
2020-10-01,81.99,81.99,78.13,78.32,7234662,0.0
2020-10-04,79.36,80.17,78.4,79.95,4833954,0.0
2020-10-05,79.66,80.644,78.12,78.32,3712151,0.0
2020-10-06,78.68,78.925,77.66,78.47,4690197,0.0
2020-10-07,78.9618,78.9618,77.35,77.82,4722262,0.0
2020-10-08,78.19,78.75,77.72,78.21,4675163,0.0
2020-10-11,79.28,81.92,78.95,81.07,5682724,0.0
2020-10-12,81.45,82.46,80.461,81.98,4138404,0.0
2020-10-13,82.51,82.96,81.0768,81.895,4052365,0.0
2020-10-14,81.02,81.47,80.115,80.34,3186844,0.0
2020-10-15,80.95,81.615,80.52,80.63,3526403,0.0
2020-10-18,82.28,82.505,79.81,80.07,3226932,0.0
2020-10-19,80.5,81.13,79.595,80.13,2774789,0.0
2020-10-20,80.985,82.465,80.72,81.95,4253571,0.0
2020-10-21,82.205,82.205,79.57,80.78,3708934,0.0
2020-10-22,81,81.3807,79.89,81.04,3728257,0.0
2020-10-25,80.75,81.76,79.76,80.5,3447899,0.0
2020-10-26,81,81.49,80.08,80.96,4645909,0.0
2020-10-27,80.18,80.68,78.93,79.01,4897455,0.0
2020-10-28,78.81,79.47,77.133,77.76,7843296,0.0
2020-10-29,77.45,78.28,74.37,75.83,9956980,0.0
2020-11-01,76.55,77.77,75.7,76.41,6105216,0.0
2020-11-02,76.58,77.68,75.76,76.25,5644867,0.0
2020-11-03,78.93,80.02,77.67,79.37,6829322,0.0
2020-11-04,80.7427,81.68,79.89,80.17,5346010,0.0
2020-11-05,79.87,80.14,77.27,78.81,6838129,0.0
2020-11-08,75,78.23,71.19,75.41,11764779,0.0
2020-11-09,74.8,76.24,73.21,75.11,7558466,0.0
2020-11-10,76.34,76.69,75.71,76.55,4690990,0.0
2020-11-11,77.07,78.4,76.525,76.71,4061054,0.0
2020-11-12,77.5,77.645,76.61,77.64,3890894,0.0
2020-11-15,76.72,77.5,75.57,77.46,7310531,0.0
2020-11-16,77.52,78.8,77.01,77.12,5607677,0.0
2020-11-17,76.9453,77.07,75.26,75.48,8762080,0.0
2020-11-18,73.96,76.7,73.74,75.91,8261272,0.0
2020-11-19,75.7,77.71,75.5,76.81,5877221,0.0
2020-11-22,76.92,77.34,75.11,75.93,6527296,0.0
2020-11-23,75.93,76.05,74.91,75.22,6225436,0.0
2020-11-24,75.93,77.14,75.65,76.52,4269490,0.0
2020-11-26,77.7,78.21,76.66,78.14,2991683,0.0
2020-11-29,78.32,79.73,77.78,79.48,6991607,0.0
2020-11-30,79.94,79.99,78.63,79.94,5098104,0.0
2020-12-01,79.72,80.01,78.7388,79.15,3803353,0.0
2020-12-02,79.31,79.81,78.55,78.79,4135886,0.0
2020-12-03,78.72,80.93,78.635,80.9,5595105,0.0
2020-12-06,81.4,82.95,81.18,82.27,6106509,0.0
2020-12-07,82.48,83.635,81.99,83.63,6205065,0.0
2020-12-08,83.5,83.68,81.87,82.64,9401383,0.0
2020-12-09,82.28,83.93,81.68,83.1,7978406,0.0
2020-12-10,83.13,84.04,82.87,83.67,5211649,0.0
2020-12-13,84.27,86.2601,84.075,85.93,6978171,0.0
2020-12-14,86.25,86.96,85.59,86.93,5228194,0.0
2020-12-15,87.26,88.29,86.84,88.225,5785494,0.0
2020-12-16,88.8652,89.35,86.979,88.45,5794805,0.0
2020-12-17,89.04,90.78,88.29,90.37,8075812,0.0
2020-12-20,89.48,90.05,87.18,88.81,6222033,0.0
2020-12-21,89.44,89.61,88.3,89.41,4361829,0.0
2020-12-22,89.95,90.49,88.8,90.22,3860501,0.0
2020-12-23,90.3,91.22,90.28,90.91,2028754,0.0
2020-12-27,91.76,92.26,90.77,91.43,4022996,0.0
2020-12-28,91.63,92.105,90.85,91.41,3384953,0.0
2020-12-29,91.75,92.6,91.43,91.55,2353529,0.0
2020-12-30,91.74,92.99,91.53,92.85,3856476,0.0
2021-01-03,92.695,92.91,89.22,89.9,6341012,0.0
2021-01-04,90.32,90.75,89.1,90.69,4043693,0.0
2021-01-05,89.06,89.9,87.89,87.99,6839458,0.0
2021-01-06,88.86,90.75,88.27,89.66,5512266,0.0
2021-01-07,90.07,91.37,89.53,91.3,3807875,0.0
2021-01-10,91.3,91.85,90.55,90.92,5138424,0.0
2021-01-11,91,91.185,87.96,89.25,4938076,0.0
2021-01-12,89.64,90.335,88.44,89.77,3677098,0.0
2021-01-13,90.1638,91.24,89.65,90.02,4788900,0.0
2021-01-14,89.9856,90.75,88.57,90.7,5888911,0.0
2021-01-18,90.915,93.37,90.83,93.15,4876310,0.0
2021-01-19,93.96,95.87,93.57,95.12,4870458,0.0
2021-01-20,95.47,95.7,94.21,94.59,3572569,0.0
2021-01-21,94.68,95.23,93.82,94.43,3212422,0.0
2021-01-24,95.53,95.76,92.74,93.39,4865938,0.0
2021-01-25,93.35,93.68,92.14,92.38,5917447,0.0
2021-01-26,91,91,88.21,88.66,11195033,0.0
2021-01-27,89.57,91.42,89.01,90.28,6117259,0.0
2021-01-28,89.995,91.33,89.74,91.01,4004938,0.0
2021-01-31,91.48,92.16,90.86,91.42,3688393,0.0
2021-02-01,92.04,94.18,91.81,93.98,5286974,0.0
2021-02-02,93.89,94.07,92.59,92.77,6281364,0.0
2021-02-03,93.35,94.42,92.41,92.68,6120680,0.0
2021-02-04,100.66,104.2299,100,101.61,15677996,0.0
2021-02-07,102.05,103.08,100.39,101.26,5305437,0.0
2021-02-08,101.95,103.77,101.06,102.74,4855784,0.0
2021-02-09,103.04,103.44,101.245,102.78,3281673,0.0
2021-02-10,103.5,104.215,102.55,103.23,3016135,0.0
2021-02-11,102.78,103.89,102.14,103.81,2440302,0.0
2021-02-15,103.82,104.53,102.48,102.96,3182043,0.0
2021-02-16,102.58,103.37,101.81,102.35,3462404,0.0
2021-02-17,101.83,102.4,100.94,102.29,4545852,0.0
2021-02-18,102.95,103.08,100.585,100.79,3578868,0.0
2021-02-21,99.82,99.82,96.41,96.59,5506648,0.0
2021-02-22,95.07,96.85,93.55,96.42,5407538,0.0
2021-02-23,95.45,96.06,94.52,95.69,4361105,0.0
2021-02-24,95.32,96.42,93.79,95.1,4712568,0.0
2021-02-25,96,97.21,95.16,95.58,4976958,0.0
2021-02-28,97.09,98.92,96.89,98.75,4466278,0.0
2021-03-01,98.91,98.99,96.59,96.74,3324917,0.0
2021-03-02,96.29,96.53,92.88,93.71,4522996,0.0
2021-03-03,93.08,94.56,90.74,91.511,5332905,0.0
2021-03-04,92.2,93.39,90.32,92.56,6789133,0.0
2021-03-07,91.75,92.83,89.13,89.17,5843971,0.0
2021-03-08,91.6,93.6925,91.6,92.48,4527471,0.0
2021-03-09,93.26,93.7,91.09,91.31,3721790,0.0
2021-03-10,92.97,93.8311,92.43,92.93,3669545,0.0
2021-03-11,91.89,93.13,91.15,93.04,2587202,0.0
2021-03-14,92.8661,93.05,91.4,92.58,2659045,0.0
2021-03-15,93.56,94.8,92.925,93.27,3916181,0.0
2021-03-16,92.4,92.93,90.82,92.44,4173802,0.0
2021-03-17,90.74,91.63,89.165,89.58,5927066,0.0
2021-03-18,89.69,91.54,89.69,90.48,6170547,0.0
2021-03-21,90.63,92.53,90.55,91.91,3484594,0.0
2021-03-22,92.24,92.6,91.08,91.38,3929432,0.0
2021-03-23,91.55,91.55,89.67,90.53,3835960,0.0
2021-03-24,90.41,91.13,89.06,90.86,4159310,0.0
2021-03-25,91.24,92.49,90.77,92.39,5214759,0.0
2021-03-28,92.25,94.92,92.03,94.05,7015948,0.0
2021-03-29,92.47,92.875,90.79,92.71,5231224,0.0
2021-03-30,92.85,94.08,92.5,93.01,4158766,0.0
2021-03-31,94,95.7,93.7413,95.55,5320763,0.0
2021-04-04,96.01,98.42,95.52,97.9,4541428,0.0
2021-04-05,98.19,98.19,97.03,97.31,3024519,0.0
2021-04-06,96.46,97.33,96.41,96.82,3738987,0.0
2021-04-07,97.81,97.87,96.15,96.47,3152282,0.0
2021-04-08,96.07,96.31,94.545,95.78,3004561,0.0
2021-04-11,95.1,96.28,95,96.15,3255742,0.0
2021-04-12,96.95,98.25,96.49,97.54,3831600,0.0
2021-04-13,97.1,97.53,96.41,96.71,2845005,0.0
2021-04-14,97.05,98.04,96.4,97.8,4310181,0.0
2021-04-15,98.1,98.1,96.05,96.47,4735929,0.0
2021-04-18,96.925,97.58,95.33,95.98,2952437,0.0
2021-04-19,96.35,96.35,94.12,94.48,3978550,0.0
2021-04-20,93.54,93.556,91.89,93.18,6296160,0.0
2021-04-21,93.38,94.4858,92.98,93.71,4875784,0.0
2021-04-22,93.7,94.04,92.69,93.02,3426531,0.0
2021-04-25,92.75,94.39,92.51,94.23,3883930,0.0
2021-04-26,94.5,94.86,91.26,91.6,8113647,0.0
2021-04-27,92.29,92.3,91,91.21,5896782,0.0
2021-04-28,91.67,92.16,91.08,92.09,4150584,0.0
2021-04-29,91.13,91.9868,90.89,91.2,5334700,0.0
2021-05-02,91.68,92.02,90.79,91.16,5888640,0.0
2021-05-03,90.71,90.97,87.44,88.71,12569234,0.0
2021-05-04,93.6,94.77,90,90.05,11763303,0.0
2021-05-05,90.02,93.52,89.64,93.03,7317318,0.0
2021-05-06,93.42,95.12,93.035,94.8,5867691,0.0
2021-05-09,95,95.74,93.14,93.17,5464796,0.0
2021-05-10,93.7,95.77,92.94,95.33,5916238,0.0
2021-05-11,94.47,94.8,92.26,92.68,5472738,0.0
2021-05-12,93.47,94.045,92.825,93.44,3335714,0.0
2021-05-13,94.31,94.4,93.06,93.34,3017664,0.0
2021-05-16,92.68,93.08,91.53,92.3,4377773,0.0
2021-05-17,92.55,95.35,92.25,93.66,5398877,0.0
2021-05-18,92.33,94.42,92.2,94.27,3526163,0.0
2021-05-19,94.78,97.23,94.58,96.57,4438416,0.0
2021-05-20,96.99,97.07,95.25,95.38,3550345,0.0
