Date,Open,High,Low,Close,Volume,OpenInterest
2017-05-30,242.52,242.89,237.56,239.48,3222239,0.0
2017-05-31,241.6,241.87,233.81,234.6,4558113,0.0
2017-06-01,248.97,255.82,244.15,254.54,9066605,0.0
2017-06-04,254,256.78,250.2,252.21,3067764,0.0
2017-06-05,250.77,255.34,250.62,253.86,2342700,0.0
2017-06-06,253.73,255.85,252.97,254.28,2000829,0.0
2017-06-07,255,256.1,252.32,254.95,2070350,0.0
2017-06-08,255.51,256,241.45,243.34,4515363,0.0
2017-06-11,240.62,243.11,235.751,242.67,3918726,0.0
2017-06-12,244.96,247.9115,241.67,242.94,1952297,0.0
2017-06-13,243.57,244.95,237.625,240.54,2370051,0.0
2017-06-14,235.34,239.49,235.27,238.06,2171858,0.0
2017-06-15,238.83,239.43,235.13,236.28,2494388,0.0
2017-06-18,244.98,245.37,240.35,241.15,2165480,0.0
2017-06-19,242,243.65,239.845,239.99,1847748,0.0
2017-06-20,243.42,245.905,241.9201,245.13,2808517,0.0
2017-06-21,245.51,246.41,243.08,244.04,1307089,0.0
2017-06-22,243.54,246.87,242.7902,245.25,1863681,0.0
2017-06-25,245.99,247.9,241.2,242.77,2472912,0.0
2017-06-26,241.36,241.99,235.23,235.33,2373438,0.0
2017-06-27,236.59,241.73,234.5,241.05,1782754,0.0
2017-06-28,238.7,238.97,230.5701,234.01,2573076,0.0
2017-06-29,236.27,236.69,232.86,233.07,1886532,0.0
2017-07-02,234.51,235.24,229.08,229.65,1522368,0.0
2017-07-04,231,232.33,229.11,231.6,2116048,0.0
2017-07-05,227.79,235.73,227.5,235.1,1848137,0.0
2017-07-06,235.3,240.19,235.27,239.61,1612629,0.0
2017-07-09,240.51,241.94,238.81,241.78,1636021,0.0
2017-07-10,242,242.6,239.39,240.9,1435066,0.0
2017-07-11,243,247.18,241.06,246.43,1757959,0.0
2017-07-12,247.12,249.87,246.55,247.33,1420981,0.0
2017-07-13,248.63,250.4,247.85,250.29,977763,0.0
2017-07-16,250.79,252.36,248.86,249.04,1267713,0.0
2017-07-17,247.25,250.93,246.06,250.89,825577,0.0
2017-07-18,252,254.54,250.55,254.35,1867636,0.0
2017-07-19,254.5,255,252.35,253.48,828262,0.0
2017-07-20,251.83,253.52,250.46,253.06,986926,0.0
2017-07-23,253.29,253.68,251.69,253,809805,0.0
2017-07-24,252.8,254.41,250.18,254.31,1095764,0.0
2017-07-25,254.69,258.19,254.62,257.005,1296057,0.0
2017-07-26,258.21,258.49,248.95,250.91,2321034,0.0
2017-07-27,248.92,251.115,247.5,250.36,2074110,0.0
2017-07-30,250.98,252.45,245.46,246.72,1259101,0.0
2017-07-31,248.23,250,246.96,248.37,1316141,0.0
2017-08-01,254.6,257.28,251.055,253.1594,2833750,0.0
2017-08-02,252.81,253,247.23,250.3,1758229,0.0
2017-08-03,250.48,251,248.12,249.01,983272,0.0
2017-08-06,249.39,252.89,248.9,252.43,1129912,0.0
2017-08-07,251.98,254.29,250.42,251.34,1470903,0.0
2017-08-08,249.54,250.36,247.52,249.14,1589730,0.0
2017-08-09,246.66,246.99,240.46,240.67,2004973,0.0
2017-08-10,240.27,245.24,238.7,244.17,1250962,0.0
2017-08-13,246.86,251.25,246,250.84,1146119,0.0
2017-08-14,252.2,254.06,251.27,253.69,1248974,0.0
2017-08-15,254.32,254.74,251.81,253.42,1024212,0.0
2017-08-16,253,254.25,246.65,246.95,1680127,0.0
2017-08-17,247.33,251.48,246.13,249.37,1455604,0.0
2017-08-20,251.89,251.89,246.18,249.62,1327102,0.0
2017-08-21,251.83,256.19,251,255.16,2069837,0.0
2017-08-22,253.92,258.91,253.39,256.98,1921225,0.0
2017-08-23,258.67,259.36,251.1,254.76,4015234,0.0
2017-08-24,252.55,254.4,243.78,245.3,5354988,0.0
2017-08-27,247.13,247.64,242.5003,243.24,2439003,0.0
2017-08-28,241.29,244.58,240.03,241.62,2604954,0.0
2017-08-29,241.57,246.34,240.881,246.02,1563825,0.0
2017-08-30,246.62,252.53,245.55,252.06,2056094,0.0
2017-08-31,252.33,255.34,252.3,252.73,1758137,0.0
2017-09-04,250.12,252.73,247.02,249,1804745,0.0
2017-09-05,250.57,251.31,247.7,249.35,969064,0.0
2017-09-06,249.79,250,246.13,246.55,1113168,0.0
2017-09-07,246.09,246.397,243.1001,244.12,1263124,0.0
2017-09-10,247.08,248.24,246.01,247.74,1102018,0.0
2017-09-11,249.66,249.74,245.5,247.129,1334141,0.0
2017-09-12,245.82,247.91,245.15,246.22,1507269,0.0
2017-09-13,244.62,247.51,243.24,246.96,1967704,0.0
2017-09-14,247.63,251.19,245.11,250.54,2982610,0.0
2017-09-17,251.2,252.83,248.61,249.71,1824613,0.0
2017-09-18,251.17,251.8499,248.33,249.65,1527978,0.0
2017-09-19,249.74,249.88,237.86,242.9,4316892,0.0
2017-09-20,242.03,242.7,238.18,240.44,2064123,0.0
2017-09-21,238.34,240.745,238.12,239.24,1771696,0.0
2017-09-24,237.72,237.81,231.53,235.5,2820702,0.0
2017-09-25,237.88,239.95,235.31,237.31,2365280,0.0
2017-09-26,239.5,242.67,238.58,240.52,1931126,0.0
2017-09-27,239.51,243.36,239.5,242.96,1130404,0.0
2017-09-28,242.94,244.28,241.51,242.53,1118638,0.0
2017-10-01,245.31,245.31,239.75,240.48,1366055,0.0
2017-10-02,240.08,240.945,237.89,239.51,2028741,0.0
2017-10-03,238.78,242.33,237.51,242,1752885,0.0
2017-10-04,243.27,245.74,242.37,243.68,1701003,0.0
2017-10-05,240.3,245.75,240.3,245.69,1308285,0.0
2017-10-08,246,247.25,245.39,246.39,1187218,0.0
2017-10-09,247.53,248.16,243.04,246,1099474,0.0
2017-10-10,245.21,251.17,245.14,250.44,1979757,0.0
2017-10-11,250.42,251.28,248.28,248.74,1589157,0.0
2017-10-12,250.15,250.84,247.47,247.96,1072928,0.0
2017-10-15,248.58,249.47,245.62,246.67,1117226,0.0
2017-10-16,245.84,245.94,242.34,242.59,2084237,0.0
2017-10-17,243.33,244.61,239.8,244,1514153,0.0
2017-10-18,240.82,244.37,238.3644,244.29,1932479,0.0
2017-10-19,246.96,247,243.76,244.24,1607655,0.0
2017-10-22,245.18,245.645,242.71,244.365,1885922,0.0
2017-10-23,245.07,248.14,244.11,247.68,1740249,0.0
2017-10-24,245.68,248.925,244.23,245.83,1538370,0.0
2017-10-25,246.54,247.85,243.76,243.76,1897751,0.0
2017-10-26,244.34,252.99,242.79,252.87,3092504,0.0
2017-10-29,253.31,262.2,253.27,261.29,3842387,0.0
2017-10-30,262.21,266.7,261.3,263.9,2296676,0.0
2017-10-31,264.24,265.64,256.89,259.24,1982421,0.0
2017-11-01,262.18,264.64,248.87,259.47,5453873,0.0
2017-11-02,264.01,278,257.11,273.57,10324326,0.0
2017-11-05,278.3,281.8,270.03,277.53,5957294,0.0
2017-11-06,272.535,274.5,267.54,271.31,2926666,0.0
2017-11-07,269.33,273.82,267.24,272.41,2145315,0.0
2017-11-08,268.64,270.4,262.5,265.49,2163868,0.0
2017-11-09,265.79,266.64,263.6,264.95,1498750,0.0
2017-11-12,262.5,265.98,261.55,265,2034706,0.0
2017-11-13,263.3,265.58,261.26,263.1,1405203,0.0
2017-11-14,262.04,267,258.0301,265.73,2110869,0.0
2017-11-15,266.8,274.65,266.11,272.06,2192783,0.0
2017-11-16,271.77,272.11,268.43,271.9897,1799402,0.0
2017-11-19,272.62,276.75,271.39,274.9,1667247,0.0
2017-11-20,276.1,278.205,274.91,276.59,1332560,0.0
2017-11-21,277.02,277.71,274.1705,275.36,1239805,0.0
2017-11-23,276.67,282.99,276.51,282.44,854176,0.0
2017-11-26,280.26,285.68,279.77,284.65,1895513,0.0
2017-11-27,284.86,284.9,276.84,277.4,1937643,0.0
2017-11-28,278,278.135,264.87,271.43,3524290,0.0
2017-11-29,271.78,278.3507,270.09,277.93,2000822,0.0
2017-11-30,275.21,275.51,264.05,271.56,3631549,0.0
2017-12-03,273.83,274.52,260.14,263.66,3532228,0.0
2017-12-04,262.66,266.12,260.45,261.58,2654452,0.0
2017-12-05,258.89,264.42,254.2,263.72,3297904,0.0
2017-12-06,274.89,275.7,261.6728,263.98,6197594,0.0
2017-12-07,265.76,266.94,259.3,259.84,3190013,0.0
2017-12-10,259.34,263.55,258.79,259.94,2328013,0.0
2017-12-11,259.36,260.88,255.715,258.81,2049107,0.0
2017-12-12,260.41,263.29,260.18,262.06,1732253,0.0
2017-12-13,262.34,263,256.7,259.34,2503586,0.0
2017-12-14,261.65,266,258.2575,265.78,2686562,0.0
2017-12-17,264.08,266.51,262.59,264.46,1996322,0.0
2017-12-18,263.3,265.2863,261.2709,263.76,1302918,0.0
2017-12-19,266.14,266.35,262.78,265.64,1426843,0.0
2017-12-20,265.95,266.25,261.07,261.67,1186621,0.0
2017-12-21,261.77,263.3707,258.7,262.34,981765,0.0
2017-12-25,257.23,258.38,253.39,258.1,1614648,0.0
2017-12-26,259.23,261.6095,258.5,259.1,990285,0.0
2017-12-27,260.16,260.8,258.55,260.37,954622,0.0
2017-12-28,259.77,261.945,256.64,257.32,1140770,0.0
2018-01-01,259.77,267.5,257.57,267.01,1997342,0.0
2018-01-02,267.285,270.73,266.03,269.68,2214419,0.0
2018-01-03,271.59,271.76,268.43,270.02,1364408,0.0
2018-01-04,271.97,274.26,269.45,271.355,2191548,0.0
2018-01-07,270.92,272.55,269.06,272.07,1449845,0.0
2018-01-08,273.09,273.85,268.19,268.41,1826210,0.0
2018-01-09,265.98,266.14,260.73,262.71,2313043,0.0
2018-01-10,263.31,263.85,261.55,263.47,1237740,0.0
2018-01-11,263.39,265.32,262.01,264.14,1382267,0.0
2018-01-15,265.18,267,261.66,263.21,2351364,0.0
2018-01-16,265.48,266.53,260.46,265.94,2697142,0.0
2018-01-17,265.46,270.06,264.48,269.9,2146770,0.0
2018-01-18,268.87,269.44,266.07,266.32,1917550,0.0
2018-01-21,265.65,266.77,260.62,261.93,1934412,0.0
2018-01-22,261.74,264.411,258.11,262.93,2613925,0.0
2018-01-23,260.97,263.27,256,256.87,3302785,0.0
2018-01-24,257.74,257.84,247,247.28,4754006,0.0
2018-01-25,249.42,250.95,245.2406,250.63,3779359,0.0
2018-01-28,248.28,249.49,243.49,245.44,4009448,0.0
2018-01-29,241.25,245.03,237.01,240.96,3520689,0.0
2018-01-30,249.78,253.14,244.86,248.09,6042511,0.0
2018-01-31,241.72,245.9,238.1,238.78,5420079,0.0
2018-02-01,236.77,237.96,234.09,235.57,4006020,0.0
2018-02-04,234.68,244,227.6004,228.1,5399411,0.0
2018-02-05,225.62,240.4,224.9,240.3,5917263,0.0
2018-02-06,238.76,243.1,237,237.47,3017100,0.0
2018-02-07,237.39,238.52,229.51,229.57,3026770,0.0
2018-02-08,232.79,237.07,226.25,235.49,3241639,0.0
2018-02-11,237.86,245.48,237.5,244.41,2589086,0.0
2018-02-12,241.01,246.03,240.06,245.95,1779827,0.0
2018-02-13,245,248.65,243.48,247.58,1854932,0.0
2018-02-14,249.28,251.84,244.43,251.83,1910351,0.0
2018-02-15,251.27,252.37,248.04,248.79,2389287,0.0
2018-02-19,248.74,255.74,247.52,249.63,3159304,0.0
2018-02-20,252.49,253.47,248.448,248.62,2044481,0.0
2018-02-21,249.12,253.1,248.27,249.47,1360813,0.0
2018-02-22,252.14,255.03,250.29,253.65,1200574,0.0
2018-02-25,251.96,254.44,251,252.96,2016278,0.0
2018-02-26,252.09,255.67,251.68,251.8,1433771,0.0
2018-02-27,254.08,254.49,245.98,246.46,1859576,0.0
2018-02-28,245.86,249.12,241.31,243.3,1796244,0.0
2018-03-01,240.43,251.18,240.23,250.88,1944111,0.0
2018-03-04,249.9,251.335,243.44,247.06,1806929,0.0
2018-03-05,249.31,251.3,247.32,250.97,2031856,0.0
2018-03-06,248.69,249.4,244.332,247.09,2364911,0.0
2018-03-07,248.04,248.3,245.915,246.95,2370061,0.0
2018-03-08,248.58,254.275,247.63,253.75,2009728,0.0
2018-03-11,260.65,264.2993,259.62,262.85,3942060,0.0
2018-03-12,266.43,273.85,260.23,261.39,5173275,0.0
2018-03-13,262,262.34,255.15,260.59,2912845,0.0
2018-03-14,263.73,268.9,263.5,267.76,4155968,0.0
2018-03-15,263,263.6,254.41,254.87,8176831,0.0
2018-03-18,253.77,256.49,242.772,244.88,5625360,0.0
2018-03-19,245.1,248.05,241.28,242.34,4966761,0.0
2018-03-20,240.58,250.59,240.06,246.01,4221374,0.0
2018-03-21,242.03,246.7195,241.5,243.46,3290447,0.0
2018-03-22,243.38,245.215,240.405,242.81,4695192,0.0
2018-03-25,247.77,248.83,240.51,247.73,3390467,0.0
2018-03-26,248.08,254.25,241.6,244.43,5032841,0.0
2018-03-27,244.08,246.93,235.6,236.67,3073927,0.0
2018-03-28,238.09,240.84,234.76,235.68,3152417,0.0
2018-04-01,233.63,236.12,225.44,227.65,3902033,0.0
2018-04-02,230.86,236.98,227.21,236.79,3379980,0.0
2018-04-03,230.05,237.92,229.5,236.9,2766818,0.0
2018-04-04,240.76,241.68,235,236.27,2927888,0.0
2018-04-05,233.73,236.54,227.76,228.84,2034721,0.0
2018-04-08,229.98,239.66,229.26,234.69,2794600,0.0
2018-04-09,239.56,241.56,237.66,239.75,2428316,0.0
2018-04-10,238.12,240.72,237.08,240.39,1387590,0.0
2018-04-11,241.43,242.64,237.1,239.44,2502979,0.0
2018-04-12,250,252,244.9,246.93,3499686,0.0
2018-04-15,249.09,249.89,245.68,249.38,1871580,0.0
2018-04-16,250.75,252.85,249.64,251.82,1665301,0.0
2018-04-17,250.87,251.67,247.46,249.59,1510946,0.0
2018-04-18,243.54,246.28,240.66,242.87,3699178,0.0
2018-04-19,241.22,241.6,235.01,237.13,3001790,0.0
2018-04-22,237.99,238.32,232.12,233.46,2117759,0.0
2018-04-23,235.74,236.12,226.69,228.32,3316720,0.0
2018-04-24,229,231.1,225.86,229,2214589,0.0
2018-04-25,231,231.88,228.3,230.47,2394871,0.0
2018-04-26,233.57,234.2,230.7,232.77,1959155,0.0
2018-04-29,232.58,234.12,228.32,229.42,2979586,0.0
2018-04-30,230.16,230.845,226.36,230.38,3483942,0.0
2018-05-01,233.3,233.44,226.8,228.78,4250924,0.0
2018-05-02,226.49,227.88,222.68,225.25,4357111,0.0
2018-05-03,223.65,232.09,221.98,230.54,3890885,0.0
2018-05-06,231.3,236.9,231,235.93,2795726,0.0
2018-05-07,235.74,238.96,234.816,238.85,2303071,0.0
2018-05-08,235.8,239.13,234.0477,238.17,2494223,0.0
2018-05-09,239.73,243.73,238.61,243.52,1738675,0.0
2018-05-10,243.08,244.5,241.6,243.37,1505166,0.0
2018-05-13,246.28,248.42,243.8,244.79,2072304,0.0
2018-05-14,242.54,244.46,238.5,241.48,1567214,0.0
2018-05-15,242.14,242.21,238.99,240.53,1868863,0.0
2018-05-16,238.12,241.66,238.0003,239.38,1679879,0.0
2018-05-17,239.86,240.62,235.88,235.96,1818922,0.0
2018-05-20,239.46,240.5,236.67,239.06,1699848,0.0
2018-05-21,240.24,241.3695,237.58,238.43,1212771,0.0
2018-05-22,236.31,240.63,236.03,240.62,1572240,0.0
2018-05-23,240.86,244.36,240,243.67,1537174,0.0
2018-05-24,244.04,250.68,244.04,250.03,2376516,0.0
2018-05-28,248.64,251.11,248.4675,249.69,2071594,0.0
2018-05-29,251.24,252.03,249.33,249.34,1655427,0.0
2018-05-30,249.66,255.29,249,252.08,2301500,0.0
2018-05-31,254.27,257.7,252.54,256.58,1776585,0.0
2018-06-03,258,259.36,256.23,258.37,1766214,0.0
2018-06-04,259.47,261.35,258.04,259.3,2308590,0.0
2018-06-05,260.74,263.78,259.71,263.54,2669445,0.0
2018-06-06,263,266.48,262.92,264.77,3018026,0.0
2018-06-07,257.45,259.93,253.74,257.97,5458410,0.0
2018-06-10,257.86,261.8,256.32,260.82,2109665,0.0
2018-06-11,260.33,261.73,258.4,261.48,1887549,0.0
2018-06-12,261.8,266.07,260.71,263.6,2239506,0.0
2018-06-13,265,269.07,264.1,268.48,2322902,0.0
2018-06-14,268.66,271.81,266.33,270.17,3067003,0.0
2018-06-17,269,269,264.23,264.5,1670091,0.0
2018-06-18,256,261.13,254.15,260.95,2254853,0.0
2018-06-19,261.8,264.02,260.74,261.07,1660995,0.0
2018-06-20,261.58,262.57,258.44,259.71,1215247,0.0
2018-06-21,261.07,261.5,258.96,259.71,1217815,0.0
2018-06-24,256.42,256.42,250.43,252.4,1849751,0.0
2018-06-25,253,254.61,250.55,251.55,1501670,0.0
2018-06-26,252.09,255.16,246.85,247.12,1539558,0.0
2018-06-27,246.28,247.32,242.265,244.89,2184591,0.0
2018-06-28,245.77,246.95,242.57,242.74,2021758,0.0
2018-07-01,240.09,242.22,237.42,242.18,1853857,0.0
2018-07-02,242.96,243.39,239,239.22,683728,0.0
2018-07-04,241.47,245.61,240.68,245.4,1279084,0.0
2018-07-05,244.9,248.6,244.42,247.83,905064,0.0
2018-07-08,249,249.23,245.525,247.45,901628,0.0
2018-07-09,248.34,251.8,247.05,250.56,1049373,0.0
2018-07-10,245.1,247.54,242.61,243.46,1859700,0.0
2018-07-11,207.08,210.28,197.4567,209.9895,35480308,0.0
2018-07-12,212.5,214,201.9,202.455,13909075,0.0
2018-07-15,201.7,206.38,200.53,203.289,7756243,0.0
2018-07-16,202.21,209.09,202.01,208.31,8673561,0.0
2018-07-17,207.22,209.88,206.63,208.75,6605101,0.0
2018-07-18,208.07,211.48,208.04,210.39,4960158,0.0
2018-07-19,210.1,211.21,208.76,210.33,4902973,0.0
2018-07-22,210.19,218.64,210.19,216.72,6916410,0.0
2018-07-23,217.8,220.3895,216,217.62,6706436,0.0
2018-07-24,217.71,228.65,217.71,225.97,7636355,0.0
2018-07-25,226.5,229.77,221.57,223.17,6722126,0.0
2018-07-26,224.09,229.29,220.07,220.9,6118850,0.0
2018-07-29,220.83,228.015,220.83,225.2,6181577,0.0
2018-07-30,226.73,228.84,221.54,221.77,4812687,0.0
2018-07-31,223.26,223.94,216.2,216.78,2839597,0.0
2018-08-01,214.27,218.26,213.25,216.36,3035845,0.0
2018-08-02,216.15,218,214.4,217.83,1809055,0.0
2018-08-05,216.7,218.3051,215.86,216.95,1509440,0.0
2018-08-06,219.22,221.835,217.14,220.39,1724640,0.0
2018-08-07,220.54,221.23,218.95,219.46,1025707,0.0
2018-08-08,220.15,220.2478,215.94,216.6,1973191,0.0
2018-08-09,212.81,214.48,210.46,212.26,2521388,0.0
2018-08-12,211.65,213.979,210.45,211.12,2136962,0.0
2018-08-13,211.58,211.58,206.84,207.29,2010916,0.0
2018-08-14,205.13,207.58,202.77,206.63,2670355,0.0
2018-08-15,207.83,208.86,206.685,208.69,1850028,0.0
2018-08-16,207.97,211.19,205.51,209.26,2779045,0.0
2018-08-19,209.48,210,205.86,206.73,3213071,0.0
2018-08-20,207.52,211.44,207.11,210.52,1778332,0.0
2018-08-21,210.45,211.71,207.43,207.54,1697146,0.0
2018-08-22,207.73,209.08,205.28,205.6,2264611,0.0
2018-08-23,206.35,209.27,204.68,208.96,1161881,0.0
2018-08-26,210.25,214.3747,208.63,212.97,1550539,0.0
2018-08-27,214.63,215.96,212.57,214.4,1182723,0.0
2018-08-28,214.81,215.8,213.45,214.98,1052518,0.0
2018-08-29,214.97,216.94,214.605,216.65,1860849,0.0
2018-08-30,216.03,219.32,215.85,219.03,1515518,0.0
2018-09-03,218.59,220.29,217.13,219.46,2461176,0.0
2018-09-04,219.95,221.8,219.58,221.42,2522797,0.0
2018-09-05,221.5,222.82,213.92,215.99,4048476,0.0
2018-09-06,224.2,235.41,224,233.08,7588979,0.0
2018-09-09,234.66,240.95,232.05,240.64,4115216,0.0
2018-09-10,238.05,239.7,230.4,232.55,4066161,0.0
2018-09-11,228.1,230.85,222.83,229.86,3893842,0.0
2018-09-12,233.69,239.22,231.12,235.44,2963643,0.0
2018-09-13,235.16,237.09,233.69,236.33,1755349,0.0
2018-09-16,240.01,240.3,234.31,234.83,2478010,0.0
2018-09-17,235,241.4,234.87,239.74,2975734,0.0
2018-09-18,240.47,242.49,239.77,241.78,1970305,0.0
2018-09-19,242.99,246.04,241.72,244.86,2328859,0.0
2018-09-20,246.33,248.77,245.18,248.76,5729079,0.0
2018-09-23,248.05,250.1,247.31,249.45,3423773,0.0
2018-09-24,248.98,249.35,245.8,247.65,3189125,0.0
2018-09-25,245.64,248.05,244.8,245.44,2564094,0.0
2018-09-26,245.69,247.88,244.911,246.46,2453367,0.0
2018-09-27,245.54,246.97,243.85,246.66,1691760,0.0
2018-09-30,247.88,252.1413,247.67,249.52,2286211,0.0
2018-10-01,249.14,251.71,247.92,248.08,1686776,0.0
2018-10-02,248.81,251.33,247,249.4,1572625,0.0
2018-10-03,246.66,249.73,246.2,248.17,1935172,0.0
2018-10-04,248.69,250.05,242.4,244.23,3344460,0.0
2018-10-07,242.54,245.42,240.38,241.35,2233571,0.0
2018-10-08,240.59,245.7267,240.37,244.7,2105721,0.0
2018-10-09,243.8,245.07,231.64,231.83,5478411,0.0
2018-10-10,234.3,235.6,227.19,228.9,3615188,0.0
2018-10-11,235.47,235.48,229.11,232.95,3089363,0.0
2018-10-14,231.39,235.33,230.04,232.5,1514438,0.0
2018-10-15,236,238.76,234.18,238.32,2741130,0.0
2018-10-16,239.74,239.74,233.92,237.26,1543962,0.0
2018-10-17,235.43,236.82,226.5301,227.73,2596149,0.0
2018-10-18,228.28,231.09,226.93,228.25,2056052,0.0
2018-10-21,230.56,232.43,228.04,228.66,1880332,0.0
2018-10-22,222.81,229.54,218.8227,229.06,2636931,0.0
2018-10-23,226.4,226.41,217.84,218.71,2988207,0.0
2018-10-24,219.88,223.39,219.15,222.27,2521494,0.0
2018-10-25,215.57,217.34,209.2,212.76,4343637,0.0
2018-10-28,216.19,218.69,208.23,212.25,2310031,0.0
2018-10-29,213.78,221.56,211,221.13,2455202,0.0
2018-10-30,225,225.67,221.71,223.4,2139178,0.0
2018-10-31,224.69,234.23,224.69,229.88,2890181,0.0
2018-11-01,225.33,225.97,217.75,220.76,3715400,0.0
2018-11-04,219.02,221.1,213.71,219.93,1979915,0.0
2018-11-05,220.3,229.16,219.72,228.25,2195672,0.0
2018-11-06,231.99,235.29,229.21,234.4,2264862,0.0
2018-11-07,232.71,242.62,232.71,240.25,1997988,0.0
2018-11-08,235,239.02,232.54,238.99,2422485,0.0
2018-11-11,230.98,231.87,220.28,223.63,3459310,0.0
2018-11-12,225.49,229.82,222.32,224.83,1634581,0.0
2018-11-13,226.76,230.53,225.62,226.21,2123711,0.0
2018-11-14,226.22,239.31,2.303,236.5,3111139,0.0
2018-11-15,233.82,239.2,231.65,237.72,2967476,0.0
2018-11-18,236.53,241.08,228.54,229.12,2958549,0.0
2018-11-19,223.94,229.0765,222.58,227.69,2712575,0.0
2018-11-20,230.22,233.31,227.51,230.02,1644087,0.0
2018-11-22,227.58,232.69,227.58,229.97,688742,0.0
2018-11-25,234.22,238.15,231.55,235.35,2196855,0.0
2018-11-26,233.58,238.37,232.42,235.9,2846529,0.0
2018-11-27,236.5,238,231.62,235.18,2724035,0.0
2018-11-28,234.27,238.63,232.76,235.78,1522117,0.0
2018-11-29,235.4,238.28,233.39,237.4,2644942,0.0
2018-12-02,245.2,247.04,241.47,242.11,3154361,0.0
2018-12-03,240.49,241.13,231.58,232.17,2983124,0.0
2018-12-05,226.24,227.25,217.61,226.95,4971207,0.0
2018-12-06,234.05,238.28,224.5,228.56,7289867,0.0
2018-12-09,227.95,240.32,226.51,239.25,3955039,0.0
2018-12-10,243.46,250.34,243.42,246.83,5323267,0.0
2018-12-11,252.44,260.19,252,255.04,6397623,0.0
2018-12-12,258.46,261.5,254.58,258.224,5137843,0.0
2018-12-13,255.36,261.59,254.63,254.73,3866665,0.0
2018-12-16,253.99,261.32,253.08,254.23,4841640,0.0
2018-12-17,255.08,255.59,248.81,249.68,4643194,0.0
2018-12-18,249,255.93,242.52,243.81,4925563,0.0
2018-12-19,244.4,248.5,238.45,241.98,6628196,0.0
2018-12-20,241.89,251.7446,241.89,244.62,6165995,0.0
2018-12-23,242,243.7,233.51,233.7,2615990,0.0
2018-12-25,237.78,248.5,233.4954,248.04,3228516,0.0
2018-12-26,245,251.23,242.14,250.7,3413840,0.0
2018-12-27,253,258.06,251.16,253.4,2476244,0.0
2018-12-30,257.83,258.5,250.95,252.6,2096373,0.0
2019-01-01,248.85,254.7047,246.49,253.3999,2643651,0.0
2019-01-02,244.56,246.54,230.68,231.06,6055478,0.0
2019-01-03,234.29,236.45,231.67,233.25,4647199,0.0
2019-01-06,233.65,240.24,230.76,238.11,4818589,0.0
2019-01-07,240.11,241.9,233.368,235.9,2953520,0.0
2019-01-08,238.42,246.68,237.85,246.17,4776616,0.0
2019-01-09,245.57,250.565,244.36,249.44,2507884,0.0
2019-01-10,249.43,252.92,249.32,250.41,1788443,0.0
2019-01-13,248.11,251.58,245.9,251.345,1975846,0.0
2019-01-14,252.76,262.22,252.01,256.5501,3460625,0.0
2019-01-15,257.2,257.35,251.42,251.9,1954015,0.0
2019-01-16,250.06,257.35,248.72,254.9502,3145842,0.0
2019-01-17,259.13,261.94,257,260.32,3211065,0.0
2019-01-21,258,259.46,254.895,257.57,2746553,0.0
2019-01-22,259.54,260.91,253.65,257.55,2707889,0.0
2019-01-23,261.09,266.74,260,263.95,3159163,0.0
2019-01-24,265.17,268.31,260.91,267.86,2551627,0.0
2019-01-27,261.56,268.85,258.65,267.84,2813543,0.0
2019-01-28,267.35,267.6,263.83,266.23,2431701,0.0
2019-01-29,270,273.75,267.37,270.57,2524248,0.0
2019-01-30,270.56,271,266.35,268.43,1601696,0.0
2019-01-31,269.15,269.6,264.89,266.84,1956033,0.0
2019-02-03,267.5,271.91,264.95,271.91,1630657,0.0
2019-02-04,271.96,274.63,269.91,270.04,1760057,0.0
2019-02-05,273.27,280,272.75,276.25,2415079,0.0
2019-02-06,272.86,274.57,266.3,268.56,2358137,0.0
2019-02-07,267.33,274.29,267.06,273.64,2037044,0.0
2019-02-10,274.4,275.74,273.28,275.498,1215060,0.0
2019-02-11,278.65,280.39,277.06,279.46,1630863,0.0
2019-02-12,280,282.16,277.97,281.01,1645442,0.0
2019-02-13,280.6,282.84,278.95,281.69,1331307,0.0
2019-02-14,284.09,284.09,278.7914,281.84,1554093,0.0
2019-02-20,283.24,283.35,278.93,280.94,1139052,0.0
2019-02-21,279.95,280,274.66,276.5,2418496,0.0
2019-02-24,280.78,280.83,278.48,278.58,1541181,0.0
2019-02-25,277.93,278.01,274.45,274.89,2473050,0.0
2019-02-26,273.22,275.1,269.58,271.5,2331055,0.0
2019-02-27,269.97,275.709,268.63,275.42,2188487,0.0
2019-02-28,277.73,278.1619,271.13,272.77,1617977,0.0
2019-03-03,275,276.58,270.86,274.89,1498214,0.0
2019-03-04,275.5,280.44,274.53,276.95,1962957,0.0
2019-03-05,276.66,277,270.48,271.29,1823241,0.0
2019-03-06,270.18,270.335,264.08,265.49,2111880,0.0
2019-03-07,261.5,264.76,259.2,264.19,2028884,0.0
2019-03-10,264.89,270.55,264.05,269.07,1923035,0.0
2019-03-11,269.76,270.03,264.27,269.63,2001051,0.0
2019-03-12,270.51,273.08,269.02,271.2,2767632,0.0
2019-03-13,272.09,272.26,267.8909,268.26,3513090,0.0
2019-03-14,296.22,299.5479,287.24,290.15,6990142,0.0
2019-03-17,290.23,296.98,290.21,293.88,4907267,0.0
2019-03-18,294.16,300.98,294.11,299.59,4615339,0.0
2019-03-19,298,299,290.29,290.94,3734384,0.0
2019-03-20,291.91,299.37,291,296.8,2187471,0.0
2019-03-21,295.06,296.4368,291.4,292.72,2031287,0.0
2019-03-24,292.2,294.18,289.002,292.22,2264278,0.0
2019-03-25,294.37,299.47,294.2255,297.03,2512673,0.0
2019-03-26,297.57,298.68,292.46,295.95,1983062,0.0
2019-03-27,297.11,303.3,295.67,299.08,2843787,0.0
2019-03-28,301.22,302.6744,298.28,300.66,1744909,0.0
2019-03-31,303.11,306.44,299.75,305.79,858833,0.0
2019-04-01,306.16,307.35,302.61,302.96,1836309,0.0
2019-04-02,306.22,307.4,301.82,304.06,1869197,0.0
2019-04-03,304.75,306,301.67,301.94,1393381,0.0
2019-04-04,303.29,304.44,301.8,304.39,1439939,0.0
2019-04-07,304.14,305.3,301.9975,304.4,1132205,0.0
2019-04-08,302.58,304.11,300.29,303.45,960069,0.0
2019-04-09,303.6,307.77,303,307.47,1253502,0.0
2019-04-10,308.15,310.19,306.23,309.49,1434706,0.0
2019-04-11,311.35,317.44,310.57,317.1,2798811,0.0
2019-04-14,317.03,317.52,313.165,316.4,1419011,0.0
2019-04-15,319.91,320.01,316.1,318.58,1578087,0.0
2019-04-16,320.24,320.94,317.84,320.53,1604935,0.0
2019-04-17,321.04,322.4458,318.16,318.6,2317282,0.0
2019-04-21,317.32,317.89,314.2,315,1220001,0.0
2019-04-22,316.76,318.09,314.19,315.64,1464554,0.0
2019-04-23,314.58,317.005,313.19,314.36,2072979,0.0
2019-04-24,312.95,312.95,306.57,312,2187901,0.0
2019-04-25,309.15,310.95,305.11,310.4,1403558,0.0
2019-04-28,311.24,314.67,310.44,312.73,1058283,0.0
2019-04-29,313.32,318.42,312.53,318.4,1273900,0.0
2019-04-30,320.5,323.2,318.6861,318.83,1473223,0.0
2019-05-01,319.98,322.185,314.23,315.83,1573123,0.0
2019-05-02,314.95,316.65,310.69,315.68,1474753,0.0
2019-05-05,306.79,311.93,305.35,311.57,1274893,0.0
2019-05-06,308.65,309.615,303.73,307.29,1570489,0.0
2019-05-07,305.3,307.66,303.11,303.4,1286364,0.0
2019-05-08,300,305.85,296.8501,304.17,2058899,0.0
2019-05-09,303.23,305.405,296.66,303.87,1859429,0.0
2019-05-12,293.82,295.68,288.2,293.44,3282572,0.0
2019-05-13,295.69,304.6,295.48,302,2171258,0.0
2019-05-14,300.27,307.77,298.955,304.38,1457186,0.0
2019-05-15,299.75,303.1,294.7,297.29,2727407,0.0
2019-05-16,292.78,293.57,288.41,289.75,3643845,0.0
2019-05-19,278,279.95,268.64,272.49,5991723,0.0
2019-05-20,277.09,279.78,274.65,275.4,2101199,0.0
2019-05-21,270.48,275.06,268.97,269,2934029,0.0
2019-05-22,264.58,265.49,258.17,259.99,4246693,0.0
2019-05-23,262.7,265.74,255.74,255.91,2536312,0.0
2019-05-27,256.57,257.73,250.09,254.17,3965489,0.0
2019-05-28,252.74,256.37,251.58,254.12,2512065,0.0
2019-05-29,254.66,257.34,254.12,256.55,1515697,0.0
2019-05-30,253.04,255.735,251,251.63,1739261,0.0
2019-06-02,252.55,258.33,251.2,253.12,2640257,0.0
2019-06-03,256.96,266,255.76,265.79,3076647,0.0
2019-06-04,269.01,271.51,262.4,265.65,2128044,0.0
2019-06-05,267.02,275,265.28,272.86,2722863,0.0
2019-06-06,274.78,277.8744,273.28,274.87,2252035,0.0
2019-06-09,276.73,284.77,276.72,280.22,2000338,0.0
2019-06-10,290.49,291.75,279.4126,283.56,3187596,0.0
2019-06-11,281.67,283.16,277.41,279.75,2387966,0.0
2019-06-12,281.52,282.89,277.41,281.91,5140782,0.0
2019-06-13,258.11,268.09,257.47,265.93,18123813,0.0
2019-06-16,264.84,268.7,261.34,265.97,3336907,0.0
2019-06-17,268.15,283.02,266.4615,278.05,4879009,0.0
2019-06-18,278.78,279.07,273.71,277.5,2278448,0.0
2019-06-19,282.51,285.45,277.16,278.91,5140159,0.0
2019-06-20,276.61,281,273.96,274.02,3141588,0.0
2019-06-23,275.52,279.45,275,279.18,1724789,0.0
2019-06-24,279.16,282.88,276.02,276.57,1646581,0.0
2019-06-25,278.58,284.03,278.1,281.44,1708344,0.0
2019-06-26,282.93,288.45,282.23,285.71,1946896,0.0
2019-06-27,287.618,289.3,284.82,287.74,1671079,0.0
2019-06-30,301.68,305.75,296.325,300.35,4103938,0.0
2019-07-01,298.88,300.67,293.9,295.475,1649479,0.0
2019-07-02,283.8,288.78,283.015,284.89,4266586,0.0
2019-07-04,283.65,285.44,281.97,282.7,2185409,0.0
2019-07-07,280,281.1851,274.39,274.9,3046569,0.0
2019-07-08,273.45,275.98,272.41,275.53,2346863,0.0
2019-07-09,277.86,278.8,274,274.5,2536692,0.0
2019-07-10,275.24,277.4523,272.95,276.04,1848429,0.0
2019-07-11,276.38,285.93,276.38,285.39,1897712,0.0
2019-07-14,291.1035,294.49,287.27,288.41,2713585,0.0
2019-07-15,286.99,287.79,282.3914,284.05,1255989,0.0
2019-07-16,285.56,287.29,283.19,285.14,1295419,0.0
2019-07-17,286.18,290.3,283.8,289.77,1616591,0.0
2019-07-18,291.83,293.16,289.53,290,1860361,0.0
2019-07-21,293,299.99,292.24,296.18,2675639,0.0
2019-07-22,299.5,302.36,299.21,300.81,1670806,0.0
2019-07-23,301.2,304.88,300.5,303.76,1606159,0.0
2019-07-24,302.13,302.13,299.4,300.45,1265866,0.0
2019-07-25,301.59,303.015,300.53,300.92,1024872,0.0
2019-07-28,301.23,302.55,296.9576,301.6,1034784,0.0
2019-07-29,299.09,300.93,297.1,299.57,895761,0.0
2019-07-30,300.03,300.83,286.67,289.99,1715316,0.0
2019-07-31,288.01,297.82,282.32,285.19,1827827,0.0
2019-08-01,282.07,283.84,275.91,278.56,1517961,0.0
2019-08-04,271.95,272.24,264.08,267.66,2192799,0.0
2019-08-05,270.13,272.18,264.56,266.43,1864220,0.0
2019-08-06,264.03,272.722,263,270.05,1801141,0.0
2019-08-07,270.38,272.5599,262.5,270.98,2412208,0.0
2019-08-08,273.94,280.55,273.94,275.85,2463067,0.0
2019-08-11,273.38,278.21,272.54,275.75,1447033,0.0
2019-08-12,275.3,285.5,272.03,283.73,1889168,0.0
2019-08-13,278.79,280.1525,270.38,271.43,2215005,0.0
2019-08-14,272,272.78,264.85,268.48,1577687,0.0
2019-08-15,272.15,275.75,271.98,273.82,1492868,0.0
2019-08-18,279.5,280.065,275.6125,278.76,1165690,0.0
2019-08-19,278.16,284.955,277.01,280.42,1317457,0.0
2019-08-20,284.64,288.26,284.05,287.5,1712008,0.0
2019-08-21,288.39,289.41,284.55,287.74,1066026,0.0
2019-08-22,283.99,285.48,271.05,272.13,2004139,0.0
2019-08-25,276.95,277.95,275,277.31,1079871,0.0
2019-08-26,279.15,280.22,274.91,275.63,1062401,0.0
2019-08-27,274.33,276.41,270.47,276.06,1383110,0.0
2019-08-28,281.49,285.49,281.05,283.47,1389492,0.0
2019-08-29,285.36,285.9,279.9,282.52,1122439,0.0
2019-09-02,280,280.85,270.93,274.03,1861216,0.0
2019-09-03,277.23,284.35,277.23,283.115,1592893,0.0
2019-09-04,288.36,293.68,288.355,291.06,1680866,0.0
2019-09-05,291.85,293.3,289.3,292.07,1164560,0.0
2019-09-08,295,297.2,290.4,292.74,1595828,0.0
2019-09-09,291.35,294.45,288.82,294.39,1794312,0.0
2019-09-10,296.32,298.78,294.55,298.01,1500628,0.0
2019-09-11,300.1,302.33,296.47,300.6804,2521583,0.0
2019-09-12,297.65,297.99,283.89,290.115,5786275,0.0
2019-09-15,286.8,290.27,285.7,288.51,1571672,0.0
2019-09-16,288.02,289.3,283.75,288.78,1929616,0.0
2019-09-17,288.49,290.755,283.88,287.75,1239341,0.0
2019-09-18,288.5,291.945,287.23,290.73,1678105,0.0
2019-09-19,287.67,288.4,281.82,283.45,2762736,0.0
2019-09-22,283.61,287.16,282.08,285.39,1089479,0.0
2019-09-23,287.32,288.9,279.75,282.44,1461533,0.0
2019-09-24,271.75,277.21,270,275.77,5007238,0.0
2019-09-25,275.26,278.66,272.68,276.99,2376736,0.0
2019-09-26,276.63,281.2769,272.96,274.29,2645376,0.0
2019-09-29,275.79,276.72,272.5,276.08,1555935,0.0
2019-09-30,278.27,279.65,273.3824,274.85,1705627,0.0
2019-10-01,273.46,273.78,268.32,270.04,1643843,0.0
2019-10-02,270,274.5,267.22,274.32,1450722,0.0
2019-10-03,278.49,281.7,275.2,281.54,4464436,0.0
2019-10-06,280.01,281.02,275.7,276.12,3004761,0.0
2019-10-07,274.06,274.9,268.91,270.33,4012208,0.0
2019-10-08,273.68,274.91,272.02,273.18,2742093,0.0
2019-10-09,274.56,278.78,273.655,274.55,3037841,0.0
2019-10-10,279.49,284.08,279.09,280.9097,3836807,0.0
2019-10-13,280.42,282.65,279.88,281.6,1708762,0.0
2019-10-14,282.64,290.62,282.2,290.39,3746850,0.0
2019-10-15,289,290.1,286.54,288.55,3181379,0.0
2019-10-16,290.14,291.715,288.32,289.51,2365189,0.0
2019-10-17,289.5,289.94,284,286.74,3167934,0.0
2019-10-20,287.26,291.9,287.06,289.57,1007733,0.0
2019-10-21,289.61,290.86,287.24,287.46,1110929,0.0
2019-10-22,282.96,283.54,278.76,280.29,1744540,0.0
2019-10-23,282.89,283.26,278.7,282.3,1441135,0.0
2019-10-24,283.26,291.37,283.2231,289.83,1704199,0.0
2019-10-27,291.16,292.48,288.32,291.56,990210,0.0
2019-10-28,292.28,293.7,288.07,288.13,1082302,0.0
2019-10-29,290.01,290.97,286.52,290.24,1430378,0.0
2019-10-30,289.8,294.08,287.8,292.94,2243537,0.0
2019-10-31,292.99,296.59,292.09,296.59,1750377,0.0
2019-11-03,299.52,305.46,299.1001,305.08,2961684,0.0
2019-11-04,305.83,316.78,304.47,314.05,3481110,0.0
2019-11-05,312.25,314.28,308.71,313.16,1535912,0.0
2019-11-06,315.58,319.5,310.65,311.82,2108207,0.0
2019-11-07,309.87,313.6,305.13,313.4,1602157,0.0
2019-11-10,311.2,313.24,310.84,312.74,827831,0.0
2019-11-11,314,316.405,313.257,315.55,1441242,0.0
2019-11-12,312.48,315.705,312,313.59,1089501,0.0
2019-11-13,310.75,311.8374,306.11,308.96,1589345,0.0
2019-11-14,312.27,313.06,310.075,312.89,1536819,0.0
2019-11-17,311.82,313.41,308.03,311.05,1246487,0.0
2019-11-18,316.65,325.67,316.65,317.7,2787420,0.0
2019-11-19,315.9,316.83,309,311.67,1571745,0.0
2019-11-20,311.14,315.7,309.8,315.24,1637923,0.0
2019-11-21,316.64,319.48,313.71,314.93,1112040,0.0
2019-11-24,316.61,320.1842,316.27,319.69,1248796,0.0
2019-11-25,318.87,320.18,316.05,316.26,1584568,0.0
2019-11-26,317.94,319.94,316.47,318.43,1654032,0.0
2019-11-28,316.85,317.79,315,316.27,725951,0.0
2019-12-01,317.72,317.93,310.56,310.92,1965307,0.0
2019-12-02,305.82,309,303.13,306.37,1547913,0.0
2019-12-03,309.75,311.37,307.13,309.73,1262278,0.0
2019-12-04,310.59,312.459,309.06,311.17,1280539,0.0
2019-12-05,314.78,316.34,312.06,315.96,1387447,0.0
2019-12-08,316,317.15,313.94,314.4,2188512,0.0
2019-12-09,315.1,315.91,313.25,315.18,1334632,0.0
2019-12-10,315.18,321.35,315.18,319.71,1861103,0.0
2019-12-11,319.73,330.16,319.43,327.17,3067226,0.0
2019-12-12,318.06,319.77,310.62,315.37,6627229,0.0
2019-12-15,317.97,327.5995,317.5301,323.02,2893351,0.0
2019-12-16,323.74,324.95,321.75,323.74,1679173,0.0
2019-12-17,324.4,331.2,323.55,327.44,2807519,0.0
2019-12-18,329.21,329.255,323.71,324.07,2745853,0.0
2019-12-19,322.47,322.47,316.91,318.8,3868935,0.0
2019-12-22,320.54,322.3344,317.61,319.53,1398257,0.0
2019-12-23,320,320.68,319.01,320.5,463650,0.0
2019-12-25,321.27,321.74,316.82,317.95,1180418,0.0
2019-12-26,319.3,319.35,315.22,316.52,1083410,0.0
2019-12-29,316.52,317.33,312.75,313.378,969234,0.0
2019-12-30,313.12,316.36,312.8,316.02,916432,0.0
2020-01-01,319.32,322.5,317.3184,322.38,1689852,0.0
2020-01-02,317.51,320,314.08,314.09,1845323,0.0
2020-01-05,310.845,313.92,309.625,313.77,1449255,0.0
2020-01-06,315.25,316.5765,312.25,312.44,1607909,0.0
2020-01-07,313.02,313.4907,308.41,308.64,2811215,0.0
2020-01-08,312.32,312.9899,303.05,306.28,3807480,0.0
2020-01-09,305.45,305.55,298.8,298.98,3628511,0.0
2020-01-12,300.02,303.8,299.67,301.06,1824399,0.0
2020-01-13,302,309.15,301.59,308.22,2239070,0.0
2020-01-14,307.31,307.88,300.7,303.12,1915755,0.0
2020-01-15,305,307.86,304.205,307.05,1319679,0.0
2020-01-16,308.66,308.94,304.07,308.73,2088511,0.0
2020-01-20,307.66,309.51,306.33,308.13,3062806,0.0
2020-01-21,310.8,317.92,310.5,312.87,4675915,0.0
2020-01-22,315.18,319.8,310.82,319.73,4537325,0.0
2020-01-23,330.5,331.58,320.77,324,10228649,0.0
2020-01-26,316.41,319.88,308.64,308.92,3193918,0.0
2020-01-27,313.53,319.23,312.7718,318.32,1661515,0.0
2020-01-28,320.21,325.43,317.14,317.53,2018537,0.0
2020-01-29,314.33,315.52,308.59,315.26,1792245,0.0
2020-01-30,314.16,314.585,303.622,305.02,1879548,0.0
2020-02-02,306.5,306.6,303.64,305.23,1734651,0.0
2020-02-03,311.79,314.565,309.655,311.78,1906676,0.0
2020-02-04,317.5,319.81,315.86,317.51,1808997,0.0
2020-02-05,318.84,319.88,314.23,319.69,1853448,0.0
2020-02-06,318.32,318.52,314.865,315.4,1256307,0.0
2020-02-09,312.37,314.595,310.3,314.2,1731810,0.0
2020-02-10,316.65,320.79,316.01,320.17,1402638,0.0
2020-02-11,322.04,325.09,321.63,324.52,1296025,0.0
2020-02-12,321.48,325.46,320.95,323.98,1138669,0.0
2020-02-13,324.84,325.7,317.1,317.9,1666361,0.0
2020-02-17,315,315.01,308.05,310.75,2464550,0.0
2020-02-18,313.9,316.83,311.7,315.64,1655871,0.0
2020-02-19,313.96,315.69,306.12,309.09,2285404,0.0
2020-02-20,308.5,309.45,302.29,304.5,2170949,0.0
2020-02-23,294.2,298.8,290.06,291.59,3077480,0.0
2020-02-24,294.11,295.73,281.07,282.65,2756939,0.0
2020-02-25,284.35,288.2,284,285.99,1944964,0.0
2020-02-26,280.3,285.31,273.54,274.03,3070097,0.0
2020-02-27,263.33,274.13,262.74,273.52,3797868,0.0
2020-03-01,276.76,285.36,271.155,285.36,2700071,0.0
2020-03-02,284.57,288.48,271.57,274.21,2564917,0.0
2020-03-03,277.54,285.72,274.77,285.48,1875488,0.0
2020-03-04,277.26,283.09,272.45,274.05,2010892,0.0
2020-03-05,266.98,270.93,262.5,269.84,2515734,0.0
2020-03-08,251.08,260.27,244.245,246.69,7632528,0.0
2020-03-09,256.59,263.68,243.4,262.9,4237126,0.0
2020-03-10,253.88,256.49,242.49,245.97,3118736,0.0
2020-03-11,226.99,242.76,216.32,217.835,5492396,0.0
2020-03-12,225.01,234.465,201.16,234.22,7521874,0.0
2020-03-15,208.18,218.8,180.2254,187.59,6902394,0.0
2020-03-16,193.01,200.01,181.475,199.76,12164940,0.0
2020-03-17,185.66,187.48,155.67,170.69,7684462,0.0
2020-03-18,167.64,207.47,165,194.55,6927062,0.0
2020-03-19,202,208.68,187.91,192.01,6972303,0.0
2020-03-22,192.8835,195.97,177.75,193.71,3939799,0.0
2020-03-23,205.64,218.71,201.2938,212.67,5383714,0.0
2020-03-24,212.19,243.9999,209.2201,216.81,5806244,0.0
2020-03-25,227,244.8,226.03,243.33,4875975,0.0
2020-03-26,233,242.09,230,230.69,3458260,0.0
2020-03-29,232.2,241.36,228.44,240.11,4604283,0.0
2020-03-30,238,252.71,236.059,237.1,4378984,0.0
2020-03-31,227.99,234.41,219.68,224.15,3605897,0.0
2020-04-01,221.8,237.95,221.4476,237.06,8023180,0.0
2020-04-02,236.64,242.55,230.55,234.25,2481289,0.0
2020-04-05,244.58,253.4143,243.56,251.94,3190729,0.0
2020-04-06,261.48,265.5,252.53,252.94,3372466,0.0
2020-04-07,256.77,262.2,253.64,261.05,2384684,0.0
2020-04-08,265.79,267.5,251.31,254.22,2835177,0.0
2020-04-12,253.5,261.36,252.8,259.92,2277441,0.0
2020-04-13,266.12,268.38,262.32,267.35,3768609,0.0
2020-04-14,261,262.3228,256.16,257.64,4359624,0.0
2020-04-15,261.76,261.76,254.1101,258.07,6870484,0.0
2020-04-16,263.22,267.425,258.94,265.77,11877317,0.0
2020-04-19,260,265.26,257.91,258,5427193,0.0
2020-04-20,254.56,254.79,246.8001,247.65,6687450,0.0
2020-04-21,254.77,262.22,250.74,259.84,11665028,0.0
2020-04-22,260.25,265.2,258.52,258.82,3304521,0.0
2020-04-23,259.81,265.07,258.88,264.74,5788947,0.0
2020-04-26,265.09,271.22,265,268.45,2834401,0.0
2020-04-27,274.24,276.41,264.12,264.5,1540029,0.0
2020-04-28,271.08,276.99,269.23,276.02,4018039,0.0
2020-04-29,273.53,274.05,268.8,271.5,1778301,0.0
2020-04-30,266,267.8515,258.2035,260.05,4502824,0.0
2020-05-03,259.21,262.43,255.32,262.26,1413716,0.0
2020-05-04,266.55,268.94,263.71,264.87,4132782,0.0
2020-05-05,268.33,270.4794,263.62,264.04,1576612,0.0
2020-05-06,270,270.47,266,267.75,3073617,0.0
2020-05-07,272.2,275.55,270.03,275.33,1429716,0.0
2020-05-10,273.37,276.7377,271.75,275.3,1191217,0.0
2020-05-11,276.58,277.72,268.29,268.29,2923974,0.0
2020-05-12,270.07,270.33,259.36,263.16,1863681,0.0
2020-05-13,260.96,266.95,254.75,266.86,1665384,0.0
2020-05-14,259.42,264.06,256.77,260.37,1903379,0.0
2020-05-17,268.62,276.73,268,273.53,4452710,0.0
2020-05-18,273.53,276.03,271.61,271.93,1626838,0.0
2020-05-19,276.97,281.31,276.08,278.68,3084258,0.0
2020-05-20,278.92,279.5,274.65,274.79,2182116,0.0
2020-05-21,273.74,277.25,270.505,276.82,2999228,0.0
2020-05-25,285,287.09,281.39,282.01,1809568,0.0
2020-05-26,283.02,287.8,280,287.55,1969823,0.0
2020-05-27,285,289.3,282.43,283.2,1499574,0.0
2020-05-28,282.9,291.9,281.91,291.74,3723222,0.0
2020-05-31,290.42,291.1,287.37,289.89,3125358,0.0
2020-06-01,291.03,298.32,290.09,298.11,5203914,0.0
2020-06-02,301.05,310.85,300.51,309.72,5598472,0.0
2020-06-03,305.75,313,302.1,309.155,6001856,0.0
2020-06-04,319.7,328.11,315.09,317.34,4525618,0.0
2020-06-07,317.5,318.84,313.36,317.36,2014899,0.0
2020-06-08,312,318.88,311.57,315.41,3570526,0.0
2020-06-09,316.65,319.21,314.7,315.22,4626168,0.0
2020-06-10,307.62,308.55,293.4,293.67,3676176,0.0
2020-06-11,302.82,303.95,296.62,296.63,1378114,0.0
2020-06-14,295,306.75,292.41,304.47,5173736,0.0
2020-06-15,310,314.55,304,311.07,2454882,0.0
2020-06-16,313.42,316.71,311.79,313.51,3470610,0.0
2020-06-17,312.12,319.1184,311.52,318.83,3077185,0.0
2020-06-18,317.68,318.1,303.46,303.9,7295987,0.0
2020-06-21,305.5,314.18,303.53,313.32,2333706,0.0
2020-06-22,315.06,317.44,311.29,311.46,1883522,0.0
2020-06-23,309.2,310.97,304.51,306.82,1532727,0.0
2020-06-24,306.06,309.48,303,308.84,1235532,0.0
2020-06-25,313.57,315.7799,303.15,307.57,2176988,0.0
2020-06-28,308.07,310.41,304.4506,310.22,1149494,0.0
2020-06-29,309.95,317.07,306.75,315.53,1765785,0.0
2020-06-30,315.11,316.85,311.935,312.93,1284601,0.0
2020-07-01,317.7465,319.38,314.6611,315.47,1361012,0.0
2020-07-05,320,320.99,317.34,318.79,1452378,0.0
2020-07-06,317.34,318.16,312.55,313.12,1339752,0.0
2020-07-07,316.14,319.84,314.12,319.75,1433795,0.0
2020-07-08,320.01,324.33,315.245,321.5,2292029,0.0
2020-07-09,321.91,322.99,315.44,319.46,1119490,0.0
2020-07-12,321.68,323.53,310.585,311.36,1803982,0.0
2020-07-13,308.99,316.22,305.19,315.04,1391146,0.0
2020-07-14,315.95,317.77,310.1659,313.78,1247864,0.0
2020-07-15,310.61,313.88,309.3,311.23,1016262,0.0
2020-07-16,314.15,315.21,310,312.8,1071715,0.0
2020-07-19,311.85,317.65,310.285,317.14,1157080,0.0
2020-07-20,319.23,319.23,312.67,314.36,1111997,0.0
2020-07-21,315.01,315.68,310.37,313.74,1044539,0.0
2020-07-22,313.37,316.09,308.6,309.68,1119174,0.0
2020-07-23,306.59,310.91,304.18,305.79,1280193,0.0
2020-07-26,308.3,312.96,307.485,312.81,1674504,0.0
2020-07-27,311.18,312.11,306.16,307.45,1175863,0.0
2020-07-28,308.53,311.23,307.44,308.85,1230744,0.0
2020-07-29,306,312.93,306,312.09,1600196,0.0
2020-07-30,314.7,318.4,311.4,316.72,1923760,0.0
2020-08-02,318,323.49,317.28,321.24,1186892,0.0
2020-08-03,320.5,328.59,320.39,328.56,1994214,0.0
2020-08-04,328.25,331.58,325.8,329.73,1932370,0.0
2020-08-05,327.77,330.88,325.4101,329.2,1127154,0.0
2020-08-06,328.39,329.73,321.48,325.93,1171378,0.0
2020-08-09,326.32,329.27,324.0601,327.36,833644,0.0
2020-08-10,327.57,333.32,322.76,324.03,1762897,0.0
2020-08-11,325.85,335.88,325.355,333.37,1485577,0.0
2020-08-12,332.21,333.41,327.85,329.44,1336853,0.0
2020-08-13,328.02,329.85,326,327.81,837025,0.0
2020-08-16,329.51,331.79,329,330.37,760847,0.0
2020-08-17,331.86,333.18,328.14,328.6,724354,0.0
2020-08-18,329.47,333.09,328.24,329.34,857253,0.0
2020-08-19,327.69,329.99,326.06,328.83,703171,0.0
2020-08-20,328.3,330.46,325,330.09,867126,0.0
2020-08-23,332.0102,336.19,331.14,334.19,1005896,0.0
2020-08-24,335,337.09,333,336.23,983726,0.0
2020-08-25,334.74,341.51,333.51,339.69,1268388,0.0
2020-08-26,340.49,341.3,336.14,339.15,1097364,0.0
2020-08-27,339,344.82,337.7,344.815,1165170,0.0
2020-08-30,343.52,350.58,343.52,347.14,1734779,0.0
2020-08-31,350,362.07,347.42,359.54,2457732,0.0
2020-09-01,365.86,378.96,363.5673,375,3335672,0.0
2020-09-02,366.01,368.9,350.16,352.74,3262699,0.0
2020-09-03,360.97,372.53,353.5,362.67,5379363,0.0
2020-09-07,352.66,362.75,350,350.54,2198609,0.0
2020-09-08,356.16,361.85,351.1,360.04,2057838,0.0
2020-09-09,366.11,367.83,354.385,357.05,1346790,0.0
2020-09-10,360.5,364.27,354.6813,359.5,1473511,0.0
2020-09-13,364.41,365.89,359.345,362.3,1327066,0.0
2020-09-14,366.3,371.12,365.35,367.06,1398532,0.0
2020-09-15,368.18,372,366.35,367.15,1448297,0.0
2020-09-16,355,370.115,355,366.0107,1776325,0.0
2020-09-17,367.1215,367.84,355.05,359.31,2297639,0.0
2020-09-20,350.01,351.96,343.48,351.96,1908471,0.0
2020-09-21,356.37,361.8,352.95,361.8,1538978,0.0
2020-09-22,360.18,361.21,350.045,351.68,1215455,0.0
2020-09-23,350.2,357.57,349.09,352.51,1162317,0.0
2020-09-24,352.05,357.72,348.2801,356.78,1516720,0.0
2020-09-27,361.68,368.43,359.03,367.29,1709239,0.0
2020-09-28,367.96,370.8,363.985,364.56,1114045,0.0
2020-09-29,363.99,371,361.75,364.32,1457488,0.0
2020-09-30,368.98,370.71,364.82,368.91,1147930,0.0
2020-10-01,360,364.92,356.15,356.84,1260274,0.0
2020-10-04,360.84,366.85,359.9,366.08,1242718,0.0
2020-10-05,366.11,372,362.02,364.209,1078803,0.0
2020-10-06,368.35,369.86,366.06,366.74,909371,0.0
2020-10-07,369.89,374.29,368.31,373.59,1361019,0.0
2020-10-08,375,380,374,376.71,1248696,0.0
2020-10-11,381.79,385.1,379.79,382.57,1438912,0.0
2020-10-12,384.41,387.8,378.61,381.32,1246359,0.0
2020-10-13,383.54,383.735,377.85,380.01,1281089,0.0
2020-10-14,375.05,380.37,375.02,379.75,1039711,0.0
2020-10-15,383.28,383.28,378.15,378.15,806449,0.0
2020-10-18,381.24,383.605,375.15,375.81,825522,0.0
2020-10-19,377.01,381.1352,375.56,377.22,1021852,0.0
2020-10-20,375.77,376.86,370.31,372.05,884451,0.0
2020-10-21,371.075,374.31,367.11,373.62,1134220,0.0
2020-10-22,373.26,373.94,370.76,372.73,667522,0.0
2020-10-25,369.6,369.955,357.61,363.1,1172353,0.0
2020-10-26,365.18,365.18,359.22,359.36,664323,0.0
2020-10-27,354,354.86,345.525,347.03,1509227,0.0
2020-10-28,347.26,359.44,345.37,354.675,1079385,0.0
2020-10-29,349.39,352.99,344.42,349.65,1125758,0.0
2020-11-01,355.04,355.39,348.345,350.65,759430,0.0
2020-11-02,355.95,359.24,346.66,353.7,1167787,0.0
2020-11-03,360.48,368.98,357.1401,364.63,1425562,0.0
2020-11-04,372.357,382.65,372.01,381.14,1721047,0.0
2020-11-05,380.05,383.67,377.17,380.61,961077,0.0
2020-11-08,389.1,393.89,375.01,375.11,1739797,0.0
2020-11-09,370.32,373.2,360.37,363.55,1966909,0.0
2020-11-10,370.86,377.14,368.55,375.94,1140632,0.0
2020-11-11,377.23,378.6,368.28,369.82,836169,0.0
2020-11-12,375,377.33,371.58,374.44,647847,0.0
2020-11-15,374.81,381.37,374,381.37,968863,0.0
2020-11-16,378.66,382.4399,377.03,380.54,994094,0.0
2020-11-17,379.89,384.94,379.6205,381.04,1011960,0.0
2020-11-18,377.72,384.84,374.35,384.5,1238883,0.0
2020-11-19,384.31,388.85,382.7,382.8,1335953,0.0
2020-11-22,385.37,389.15,383,386.85,1035984,0.0
2020-11-23,388.62,392.81,386.175,392.23,1042701,0.0
2020-11-24,392.84,395.5,389,390.83,1028074,0.0
2020-11-26,393.15,399.17,393,394.93,582012,0.0
2020-11-29,394.02,402.16,392.74,402.07,1041275,0.0
2020-11-30,403.46,406.68,400.12,404.57,1488618,0.0
2020-12-01,404.74,405.41,401.11,403.71,687183,0.0
2020-12-02,404.5,406.64,398.1,399.79,1256909,0.0
2020-12-03,402.4,412.4,402.385,411.68,1772716,0.0
2020-12-06,416.41,422.842,413.34,420.89,1606018,0.0
2020-12-07,419.28,426.7,418.16,422.96,1545666,0.0
2020-12-08,419.47,426.1,413.67,416.27,1365670,0.0
2020-12-09,411.44,415.25,408.01,410.1,1972136,0.0
2020-12-10,404,407,398.28,406.04,2347276,0.0
2020-12-13,406.5291,414.3,406,412.31,1979257,0.0
2020-12-14,415.28,419.39,412.99,418.1,1692173,0.0
2020-12-15,418,427.146,416.9648,424.87,2001581,0.0
2020-12-16,426.5,430.01,424.545,426,1484757,0.0
2020-12-17,424.8,435.65,422,434.89,2440643,0.0
2020-12-20,428.15,432,423.7,429.31,1418014,0.0
2020-12-21,428.88,433.55,428,433.12,1236085,0.0
2020-12-22,435,436,425.08,425.46,891586,0.0
2020-12-23,428.49,432,427.57,431.78,349538,0.0
2020-12-27,434.34,437.27,431.15,432.105,918750,0.0
2020-12-28,435.83,435.83,426.79,429.03,687188,0.0
2020-12-29,431.67,437.9999,430.1,434.83,888172,0.0
2020-12-30,436.31,438.5,433.05,437.85,766561,0.0
2021-01-03,439.33,442.24,421.235,425.05,1903041,0.0
2021-01-04,425.05,429.39,422.4,428.21,1202666,0.0
2021-01-05,423.3,434.58,420.54,425.45,1435304,0.0
2021-01-06,432.0617,444.59,430.6,443.39,1664865,0.0
2021-01-07,447,449.99,438.646,445.73,1275819,0.0
2021-01-10,440.61,448.78,440.42,445.89,818213,0.0
2021-01-11,447.77,454.758,445.6,449.15,1227673,0.0
2021-01-12,450.3,453.4925,448.1065,451.34,962011,0.0
2021-01-13,453.51,458.5,451.33,451.65,1352094,0.0
2021-01-14,448.18,450,440.66,445.89,1441366,0.0
2021-01-18,448.28,459.49,448.28,459.28,1215624,0.0
2021-01-19,459.52,465.7894,455,461.88,1188572,0.0
2021-01-20,462.11,469.47,460.4,466.81,1266355,0.0
2021-01-21,463.7235,467.55,462.38,465.02,1259343,0.0
2021-01-24,469.56,470,456.08,464.85,1024833,0.0
2021-01-25,462.65,467.0339,461.88,463.87,916298,0.0
2021-01-26,455.54,456.96,441.51,444.7,1749290,0.0
2021-01-27,455.53,458.48,447.03,451.74,1279651,0.0
2021-01-28,449.9,458.1,447.63,449.72,1280474,0.0
2021-01-31,455.85,469.315,453.59,466.75,1349954,0.0
2021-02-01,469.76,476.97,468,476.88,1296083,0.0
2021-02-02,476.93,478.52,464.585,465.02,1206848,0.0
2021-02-03,460,471.16,457.4808,470.99,1324446,0.0
2021-02-04,474.33,476.92,465.36,465.96,1054549,0.0
2021-02-07,468.75,473.42,465.58,473.33,1435007,0.0
2021-02-08,472,475.19,468.62,474.63,978532,0.0
2021-02-09,477.21,477.485,465.49,469.691,1069730,0.0
2021-02-10,473.69,479.35,469.1901,478.71,1440101,0.0
2021-02-11,478.38,487.02,474.885,486.74,1170733,0.0
2021-02-15,490.875,494.78,487.02,489.14,1320817,0.0
2021-02-16,484.23,486.12,475.06,482.48,1127680,0.0
2021-02-17,480.23,485.41,475.1272,483.26,1474016,0.0
2021-02-18,487.25,495.14,486.765,489.64,1171503,0.0
2021-02-21,484,486.61,475.315,476.36,1190257,0.0
2021-02-22,471.14,474.62,456.06,471.53,1784089,0.0
2021-02-23,467.68,481.41,462.66,481.39,1195869,0.0
2021-02-24,474.75,479.375,455.21,456.74,1706459,0.0
2021-02-25,467.53,475.76,460.74,469.72,1623623,0.0
2021-02-28,479.7,490,473.86,489.92,1960004,0.0
2021-03-01,490.37,490.8599,479.6,480.51,1482242,0.0
2021-03-02,478,481.3899,461.97,463.03,1776506,0.0
2021-03-03,461.67,467,441.43,443.23,2816771,0.0
2021-03-04,454.25,456,433,450.14,3695246,0.0
2021-03-07,446.83,447.96,419.26,420.35,3700896,0.0
2021-03-08,435.69,446.9,430.6,443.59,2882393,0.0
2021-03-09,447.35,454.03,435.1,437.59,1662717,0.0
2021-03-10,449.02,457.45,442.0923,453.71,2002029,0.0
2021-03-11,445.36,453.49,444.5191,451.18,1487764,0.0
2021-03-14,455.18,471.23,453.19,470.67,2422629,0.0
2021-03-15,471.27,484,467.405,478.48,2623849,0.0
2021-03-16,470.3,487.27,470.01,483.9,1927532,0.0
2021-03-17,474.56,483.35,463.75,463.95,2379812,0.0
2021-03-18,457.05,476.675,454.1,474.23,3714809,0.0
2021-03-21,472.91,481.28,471.67,475.37,2136509,0.0
2021-03-22,473.78,475.37,462.65,464.06,1728765,0.0
2021-03-23,468.9,469.99,456.87,457.04,1589328,0.0
2021-03-24,454.96,464.02,449.31,461.69,1511170,0.0
2021-03-25,456.64,483,456.64,482.54,1889640,0.0
2021-03-28,480.4,481.16,468.27,472.86,2134292,0.0
2021-03-29,463.99,464,451.62,456.75,2399441,0.0
2021-03-30,459.4,467.07,452.4,463.68,2015016,0.0
2021-03-31,471.25,476.58,469.2,475.96,1954190,0.0
2021-04-04,479.58,489.635,476.82,488.61,1625955,0.0
2021-04-05,484.04,488.22,477.74,484.03,1512930,0.0
2021-04-06,480.5,483.91,478,482.44,1052978,0.0
2021-04-07,487.45,487.98,480.12,485.48,1193768,0.0
2021-04-08,479.54,485.31,476.54,485.15,1242005,0.0
2021-04-11,481.93,485.4199,478.6,483.67,1472280,0.0
2021-04-12,485,488.22,480.2894,485.25,1065908,0.0
2021-04-13,483.07,489.19,475.19,477.55,1386608,0.0
2021-04-14,482.73,482.3147,476.78,480,1235822,0.0
2021-04-15,480.32,481.78,476.78,478.79,1143295,0.0
2021-04-18,476.53,476.8,460.05,462,1900080,0.0
2021-04-19,460.01,462.0287,454.54,457.26,1574316,0.0
2021-04-20,455.66,460.34,452.6,460.05,2105776,0.0
2021-04-21,456.07,461.14,449,455.18,2289782,0.0
2021-04-22,457.1,467.85,457.1,466.15,1322791,0.0
2021-04-25,465.99,473.825,463.5731,472.13,1122307,0.0
2021-04-26,473.7,474.26,465.06,466.34,1072809,0.0
2021-04-27,465.18,465.97,456.05,459.2,1336046,0.0
2021-04-28,467.88,469.82,459.03,466.29,1208031,0.0
2021-04-29,459.71,460.7331,453.84,456.32,1384152,0.0
2021-05-02,459.75,459.84,448.28,449.96,1217408,0.0
2021-05-03,446.97,447.7,437.31,444.59,1831719,0.0
2021-05-04,450.27,451.44,442.37,443.82,1083418,0.0
2021-05-05,443.72,449.09,439.84,448.7,1092055,0.0
2021-05-06,454.59,458.38,449.2,452.58,941076,0.0
2021-05-09,448.6,448.532,435.765,436.06,1780000,0.0
2021-05-10,425.35,441.76,423.05,440.18,1502683,0.0
2021-05-11,429.2857,430.86,419.14,422.35,2520851,0.0
2021-05-12,429.79,434.82,425.64,430.67,1462552,0.0
2021-05-13,436.39,445.12,432.05,441.1,1188846,0.0
2021-05-16,442.14,442.14,432.84,439.95,1176596,0.0
2021-05-17,444.18,444.4375,433.28,433.86,1425210,0.0
2021-05-18,426,442.5,425.7,441.71,1683666,0.0
2021-05-19,445.7,459.3,445.33,455.09,1797229,0.0
2021-05-20,457.99,457.99,449.35,451.24,1048493,0.0
