Date,Open,High,Low,Close,Volume,OpenInterest
2017-05-30,1862.38,1877.07,1850,1877.07,315832,0.0
2017-05-31,1878.25,1894.77,1870.43,1890.83,233006,0.0
2017-06-01,1899.04,1902,1881.02,1894.65,314557,0.0
2017-06-04,1889.71,1900.25,1888.89,1891.2,239200,0.0
2017-06-05,1888.94,1908.92,1886.9,1889.89,313695,0.0
2017-06-06,1890.2,1893.97,1878.48,1890.36,240200,0.0
2017-06-07,1895.98,1899.13,1884.73,1891,207528,0.0
2017-06-08,1890,1895.31,1826.54,1840.94,403490,0.0
2017-06-11,1835,1839.47,1781.11,1813.01,667031,0.0
2017-06-12,1825.73,1854.77,1822.62,1843.51,337354,0.0
2017-06-13,1845,1855.56,1815.01,1830.93,324961,0.0
2017-06-14,1814,1819.59,1791.61,1809.2,369544,0.0
2017-06-15,1816.08,1816.08,1797.36,1802.61,312776,0.0
2017-06-18,1815.78,1855.9,1812.02,1851.59,335509,0.0
2017-06-19,1850,1858.82,1844.22,1850.21,232246,0.0
2017-06-20,1854.59,1870,1848.04,1867.78,174615,0.0
2017-06-21,1870.8,1874.89,1861,1861.51,173598,0.0
2017-06-22,1859.55,1876.62,1855.22,1874.67,203972,0.0
2017-06-25,1880,1896.05,1867.64,1876.93,235516,0.0
2017-06-26,1871.29,1882.05,1852.61,1858.58,201810,0.0
2017-06-27,1864.66,1898.68,1861.75,1890.22,271879,0.0
2017-06-28,1881.12,1889.69,1850.5,1875.85,309320,0.0
2017-06-29,1884.05,1887.01,1870.04,1871.21,287964,0.0
2017-07-02,1877.67,1884.32,1836.08,1840.79,202426,0.0
2017-07-04,1845.5,1869.28,1841.37,1866.32,210827,0.0
2017-07-05,1851.15,1877.3,1845.01,1873.7,239623,0.0
2017-07-06,1873.86,1921.4,1873.86,1918.69,371066,0.0
2017-07-09,1920,1936.22,1911.46,1921.99,209284,0.0
2017-07-10,1920.89,1933.55,1903.9,1929.63,180743,0.0
2017-07-11,1939.22,1951.4,1937,1946.25,180724,0.0
2017-07-12,1950,1950,1934.73,1940.72,141048,0.0
2017-07-13,1949.47,1955.62,1942.88,1950.07,126339,0.0
2017-07-16,1949.11,1955.69,1938.45,1945.26,115529,0.0
2017-07-17,1949,1989.04,1948.26,1976.26,296095,0.0
2017-07-18,1981.18,1999,1980.42,1991.25,215529,0.0
2017-07-19,2000,2008.65,1993.17,1999.22,192601,0.0
2017-07-20,1993.52,2002.85,1990.18,1994.97,121118,0.0
2017-07-23,1994.9,2005.09,1992.46,2001.45,99334,0.0
2017-07-24,2004.69,2023.37,1995.35,2016.97,195598,0.0
2017-07-25,2019.24,2037,2017.56,2033.15,190933,0.0
2017-07-26,2040.05,2043.95,1996,2023.64,284965,0.0
2017-07-27,2026.47,2040.63,2007.98,2024.07,257498,0.0
2017-07-30,2030,2033,2010.24,2028.5,229417,0.0
2017-07-31,2040.09,2041.49,2017.01,2024.57,232572,0.0
2017-08-01,2023.45,2025.5,2000,2020.91,175994,0.0
2017-08-02,2020.97,2030,2012.55,2027.99,209335,0.0
2017-08-03,2031.02,2035.47,2020.29,2031.85,182651,0.0
2017-08-06,2034.73,2044.51,2022,2042.07,224741,0.0
2017-08-07,2044,2067.99,2035.11,2045.03,370529,0.0
2017-08-08,1910.51,1919.99,1875.08,1906.17,1337471,0.0
2017-08-09,1900.22,1903.86,1845.41,1847.32,614020,0.0
2017-08-10,1852.99,1867.4,1845.17,1855.47,354261,0.0
2017-08-13,1869.87,1877,1860.76,1873.96,193098,0.0
2017-08-14,1879.3,1883.5,1859.05,1860.84,206555,0.0
2017-08-15,1869.5,1869.5,1852.3,1855.11,219792,0.0
2017-08-16,1854.47,1854.63,1811.28,1811.54,370649,0.0
2017-08-17,1809.62,1820,1801,1810.5,298253,0.0
2017-08-20,1807.4,1820.25,1787,1801.54,261943,0.0
2017-08-21,1812.5,1821.18,1803.91,1818.33,260296,0.0
2017-08-22,1815.89,1823.69,1808.17,1813.02,224812,0.0
2017-08-23,1813.04,1822.47,1801.11,1815.48,147929,0.0
2017-08-24,1822.83,1822.83,1788.29,1793.49,221607,0.0
2017-08-27,1800,1805,1782.45,1789.92,294124,0.0
2017-08-28,1775.9,1811,1774.4,1807.96,250690,0.0
2017-08-29,1809.1,1818.8,1808.15,1812.99,151270,0.0
2017-08-30,1821.82,1856.35,1817.26,1855.62,264956,0.0
2017-08-31,1858.56,1867.49,1848.55,1850.42,219233,0.0
2017-09-04,1845.75,1848.12,1825.82,1843.81,197278,0.0
2017-09-05,1824.03,1851.88,1806.03,1842.44,300708,0.0
2017-09-06,1848.75,1853.87,1841.26,1845.93,153557,0.0
2017-09-07,1846.94,1854.06,1838.06,1838.07,142325,0.0
2017-09-10,1852.06,1870.25,1851.89,1869.83,299415,0.0
2017-09-11,1875.46,1882.9,1858.2,1868.72,156942,0.0
2017-09-12,1863.64,1873.39,1859.17,1870.91,126030,0.0
2017-09-13,1860.68,1865.35,1840.61,1844.6,201823,0.0
2017-09-14,1845.97,1847.52,1836.01,1842.26,210759,0.0
2017-09-17,1846.56,1867.86,1846.15,1855.05,140314,0.0
2017-09-18,1859.46,1863.5,1844.6,1861.03,108322,0.0
2017-09-19,1861.81,1872.81,1853.18,1865.93,116746,0.0
2017-09-20,1868.72,1876,1852.26,1866.65,111194,0.0
2017-09-21,1864.59,1874.45,1857.74,1862.13,117111,0.0
2017-09-24,1856.13,1861.39,1810,1829.02,350424,0.0
2017-09-25,1835.45,1843.43,1820.22,1826.09,218081,0.0
2017-09-26,1831.53,1834.77,1814.11,1819.23,218731,0.0
2017-09-27,1810.21,1824.37,1806.03,1811.69,163379,0.0
2017-09-28,1812.53,1839,1812.53,1830.82,172588,0.0
2017-10-01,1838.6,1874.95,1838.6,1857.48,224927,0.0
2017-10-02,1857,1870,1857,1868.15,153466,0.0
2017-10-03,1866.3,1895,1862.93,1889.28,204259,0.0
2017-10-04,1894.6,1913.97,1889.01,1910.55,222917,0.0
2017-10-05,1909.34,1922,1904.01,1918.99,149262,0.0
2017-10-08,1920.3,1939.98,1917.04,1927.29,113527,0.0
2017-10-09,1938.08,1943.5,1911.9,1916.37,176079,0.0
2017-10-10,1916.55,1926.64,1908,1919.85,98742,0.0
2017-10-11,1920.2,1924.36,1913.46,1917.74,102720,0.0
2017-10-12,1932.77,1938.43,1920.02,1929.05,163293,0.0
2017-10-15,1940,1944.99,1922.5,1935.94,109343,0.0
2017-10-16,1929.01,1938.55,1926.41,1933.69,135028,0.0
2017-10-17,1935.69,1961.45,1933.99,1942.05,196889,0.0
2017-10-18,1934.02,1943.49,1923,1926.1,186395,0.0
2017-10-19,1941.78,1946.89,1937.46,1942.54,148555,0.0
2017-10-22,1950,1959.99,1931.28,1935.17,175549,0.0
2017-10-23,1938.39,1946.68,1927.59,1931.14,112639,0.0
2017-10-24,1927.58,1935.71,1913.01,1929.58,118761,0.0
2017-10-25,1937.35,1945,1931.01,1938.43,152510,0.0
2017-10-26,1885,1902.52,1869,1890.53,505432,0.0
2017-10-29,1885.15,1891.82,1863.73,1879.81,230067,0.0
2017-10-30,1884.94,1913.52,1870,1911.97,204582,0.0
2017-10-31,1918.47,1927.73,1910.94,1911.2,211303,0.0
2017-11-01,1910.83,1917.52,1903.69,1911.15,156132,0.0
2017-11-02,1914.01,1916.8,1893.57,1894.09,290793,0.0
2017-11-05,1885.55,1904.98,1875.56,1904.14,507168,0.0
2017-11-06,1746.7,1748,1638.1,1640,2209987,0.0
2017-11-07,1650,1669.98,1630.56,1661.33,853350,0.0
2017-11-08,1656.93,1707.22,1640.18,1703.37,828160,0.0
2017-11-09,1700,1709.52,1682.69,1696.81,482090,0.0
2017-11-12,1688.4,1722.35,1683.28,1722.17,310686,0.0
2017-11-13,1710.02,1728.26,1709.98,1718.31,359576,0.0
2017-11-14,1715.78,1730.03,1706.03,1727.79,284604,0.0
2017-11-15,1735.54,1741.92,1727.46,1730.96,339402,0.0
2017-11-16,1734.21,1749.6,1727.34,1749.08,301500,0.0
2017-11-19,1750.99,1773.08,1747.88,1755.58,283668,0.0
2017-11-20,1766.51,1771.41,1758,1765.69,224757,0.0
2017-11-21,1771.59,1774.85,1756.03,1758.58,214247,0.0
2017-11-23,1758.17,1765.75,1754.38,1760.42,100666,0.0
2017-11-26,1760.15,1777.08,1746.39,1762.79,242822,0.0
2017-11-27,1763.32,1767.36,1750.11,1752.02,161186,0.0
2017-11-28,1753.13,1753.13,1717.97,1734.15,303796,0.0
2017-11-29,1740.95,1750.22,1729.51,1740.12,221459,0.0
2017-11-30,1726.8,1736.49,1704.12,1735.31,216897,0.0
2017-12-03,1740,1749.82,1721.3,1725.17,286843,0.0
2017-12-04,1725.82,1741.07,1721.44,1724.88,183536,0.0
2017-12-05,1716.71,1727.38,1701.9,1720.24,183397,0.0
2017-12-06,1705.89,1722.29,1690.34,1720,297989,0.0
2017-12-07,1729.6,1739.78,1715.83,1719.06,230385,0.0
2017-12-10,1720.71,1733,1712.74,1715,160479,0.0
2017-12-11,1715,1733.4,1713.54,1724.26,209798,0.0
2017-12-12,1732,1746.11,1725.17,1744.66,166155,0.0
2017-12-13,1744.99,1768.53,1742.67,1760.97,213890,0.0
2017-12-14,1770.05,1775.73,1758.38,1759.99,330459,0.0
2017-12-17,1776.87,1786.75,1767.6,1781.16,206482,0.0
2017-12-18,1783.11,1793.57,1768.96,1780.36,204961,0.0
2017-12-19,1782.9,1786.54,1770.65,1773.74,271380,0.0
2017-12-20,1775.14,1788.95,1773.03,1780.31,129814,0.0
2017-12-21,1778.37,1786.23,1773.09,1774.33,105216,0.0
2017-12-25,1772.32,1772.32,1752.65,1753.72,107639,0.0
2017-12-26,1754.24,1761.82,1748.87,1757.89,99844,0.0
2017-12-27,1758.4,1764.99,1754.37,1764.05,78785,0.0
2017-12-28,1765.44,1769.99,1737.41,1738.41,123963,0.0
2018-01-01,1750.09,1790.66,1744.5,1784.82,206571,0.0
2018-01-02,1790.23,1829.02,1785,1825.11,294856,0.0
2018-01-03,1838.54,1848.9,1802.03,1806.38,324669,0.0
2018-01-04,1820.18,1825.5,1805.8,1822.01,196571,0.0
2018-01-07,1827.49,1874.95,1825.19,1852.19,272075,0.0
2018-01-08,1863.2,1876.73,1857.5,1865.48,185305,0.0
2018-01-09,1855.52,1873.55,1855.42,1871.36,114210,0.0
2018-01-10,1880,1900.86,1877.88,1893.09,161252,0.0
2018-01-11,1898.04,1925.98,1890.01,1919.4,290232,0.0
2018-01-15,1930.71,1949.83,1914.96,1920.88,275371,0.0
2018-01-16,1927.55,1958.96,1918.68,1950.54,221009,0.0
2018-01-17,1948.65,1957.49,1925.97,1926.67,200155,0.0
2018-01-18,1931.48,1933.8,1901.03,1908.58,300564,0.0
2018-01-21,1910,1926.69,1901,1916.15,146481,0.0
2018-01-22,1927.55,1969.36,1924.99,1965,206626,0.0
2018-01-23,1977.91,1984.94,1942.65,1957.13,198599,0.0
2018-01-24,1966.88,1976.6,1945.47,1949.29,167729,0.0
2018-01-25,1960.99,1964.96,1944.96,1948.85,156592,0.0
2018-01-28,1942.67,1960.46,1921.25,1929.38,173163,0.0
2018-01-29,1907.12,1933.13,1900.33,1922.08,175228,0.0
2018-01-30,1928.01,1934.97,1896,1912.68,237216,0.0
2018-01-31,1903.99,1928.84,1893.39,1900.41,187806,0.0
2018-02-01,1890.13,1900,1856.57,1858.24,261079,0.0
2018-02-04,1841.3,1872.61,1816.5,1826.53,295624,0.0
2018-02-05,1799.11,1864,1799.11,1859.36,247730,0.0
2018-02-06,1847.39,1900.37,1836.68,1883.68,239951,0.0
2018-02-07,1884.21,1889.28,1803.01,1806.05,256245,0.0
2018-02-08,1767.98,1824,1714.07,1760.86,663556,0.0
2018-02-11,1773.99,1801.69,1732.35,1790.64,390908,0.0
2018-02-12,1779.23,1804.83,1775.28,1796.98,156241,0.0
2018-02-13,1784.22,1825.83,1773.02,1818.41,227949,0.0
2018-02-14,1850.86,1875.82,1836.09,1870.34,235212,0.0
2018-02-15,1874.62,1926.87,1868.68,1884.27,325671,0.0
2018-02-19,1883.07,1915.32,1880.93,1893.92,205084,0.0
2018-02-20,1913.42,1916.04,1880.66,1880.67,224833,0.0
2018-02-21,1884.19,1907.75,1870.72,1877.69,219158,0.0
2018-02-22,1889.73,1907.81,1875.16,1907.53,274697,0.0
2018-02-25,1908.46,1923.22,1897.66,1905.79,304040,0.0
2018-02-26,1884,1919.75,1870.02,1905.73,310834,0.0
2018-02-27,2051,2087.34,2035,2036.46,727896,0.0
2018-02-28,2034.61,2053.54,1998.83,2028.37,452680,0.0
2018-03-01,2002.82,2037.87,1995.58,2035.24,379581,0.0
2018-03-04,2020,2077,2014.89,2072.33,354619,0.0
2018-03-05,2075.1,2095.87,2058.81,2085.42,307611,0.0
2018-03-06,2065,2127.96,2065,2122.95,343371,0.0
2018-03-07,2137.99,2169.15,2130.68,2153.24,324418,0.0
2018-03-08,2169,2177.96,2159.07,2172.06,289691,0.0
2018-03-11,2180,2218.1,2174.07,2205.76,296245,0.0
2018-03-12,2210.93,2228.99,2162.18,2169.81,305583,0.0
2018-03-13,2175.55,2194.58,2162.33,2189.14,203629,0.0
2018-03-14,2190.01,2207.57,2171.1,2188.28,202315,0.0
2018-03-15,2196.19,2198.58,2169.77,2170.44,206127,0.0
2018-03-18,2161.62,2165.76,2124.89,2148.82,208104,0.0
2018-03-19,2139.45,2167.69,2138.03,2139.12,154205,0.0
2018-03-20,2142.3,2165.82,2134.58,2144.45,171830,0.0
2018-03-21,2132.89,2154.54,2101.83,2113.79,231222,0.0
2018-03-22,2116.24,2138.99,2086.14,2086.17,218996,0.0
2018-03-25,2111.22,2142.38,2079.02,2133.72,163264,0.0
2018-03-26,2137.43,2140.24,2056.51,2077.27,216822,0.0
2018-03-27,2066.98,2083.92,2020.7,2054.32,364835,0.0
2018-03-28,2059.67,2094.18,2040.58,2080,205367,0.0
2018-04-01,2070.43,2076,2009.92,2028.72,188896,0.0
2018-04-02,2050,2079.99,2036.07,2067.62,205795,0.0
2018-04-03,2043.21,2081.88,2014.18,2069.71,214086,0.0
2018-04-04,2077.53,2102.46,2071,2091.1,192264,0.0
2018-04-05,2074.9,2096.82,2025.54,2032.92,183994,0.0
2018-04-08,2053.74,2088.81,2045,2049.24,165109,0.0
2018-04-09,2076.02,2087.23,2058,2077.61,158134,0.0
2018-04-10,2067.64,2104.78,2065.04,2081.19,177459,0.0
2018-04-11,2094.45,2102.65,2082.15,2085.03,122630,0.0
2018-04-12,2104.67,2104.67,2077.32,2085.87,167390,0.0
2018-04-15,2094.11,2117.64,2085.77,2096.58,122024,0.0
2018-04-16,2119.9,2172,2112.5,2162.64,235597,0.0
2018-04-17,2171.62,2186.05,2156.22,2180.78,171303,0.0
2018-04-18,2175.49,2186.05,2155.59,2158.67,154191,0.0
2018-04-19,2161.03,2167.48,2118.62,2132.5,223390,0.0
2018-04-22,2133.1,2150.46,2112.69,2133.05,132441,0.0
2018-04-23,2137.61,2151.98,2055.13,2067.01,245101,0.0
2018-04-24,2061.12,2090.0083,2034.56,2077.69,148964,0.0
2018-04-25,2098.01,2117.98,2078.01,2110.93,191552,0.0
2018-04-26,2151,2172,2123.09,2140.97,271154,0.0
2018-04-29,2143.65,2193.06,2133.81,2177.56,287184,0.0
2018-04-30,2170.4,2182.34,2151.79,2179.09,184143,0.0
2018-05-01,2176.27,2185.7,2148.99,2149.81,147434,0.0
2018-05-02,2149,2161.96,2116.2083,2152.19,143583,0.0
2018-05-03,2148.6,2178.82,2126,2175.71,182875,0.0
2018-05-06,2189.9,2201.84,2172.59,2194.16,218797,0.0
2018-05-07,2195.02,2199.3,2155,2161.04,210698,0.0
2018-05-08,2185,2192.2,2158.26,2182.69,287549,0.0
2018-05-09,2050,2098.43,2047.01,2079.83,625002,0.0
2018-05-10,2092.32,2095,2063.58,2070.95,272936,0.0
2018-05-13,2066.72,2074.32,2055.02,2074.22,239274,0.0
2018-05-14,2054.1,2071.15,2034.67,2067.76,238760,0.0
2018-05-15,2070.34,2092.74,2065.57,2074.89,164092,0.0
2018-05-16,2073.51,2098.46,2069.15,2089.06,152642,0.0
2018-05-17,2097.91,2097.91,2066.35,2066.35,169030,0.0
2018-05-20,2076.37,2079.22,2062.51,2071.37,160274,0.0
2018-05-21,2076.03,2082.48,2065.05,2075.85,151998,0.0
2018-05-22,2056.05,2086.51,2053,2083.4,193121,0.0
2018-05-23,2087,2095.51,2074.95,2088.28,147904,0.0
2018-05-24,2084.94,2118.98,2081.02,2110.96,214410,0.0
2018-05-28,2094.72,2105.1,2059.1,2076.03,266106,0.0
2018-05-29,2086.41,2108.41,2073.73,2098.03,191012,0.0
2018-05-30,2100.02,2118.01,2097.6,2109.37,173248,0.0
2018-05-31,2120.99,2135.43,2118.05,2128.16,155286,0.0
2018-06-03,2134,2146.65,2125.26,2125.77,162454,0.0
2018-06-04,2131.95,2144.929,2126,2141,184133,0.0
2018-06-05,2145.85,2156.46,2129,2153.74,160497,0.0
2018-06-06,2157.16,2157.16,2121.92,2131.45,153831,0.0
2018-06-07,2127.71,2143.845,2121.47,2133.9,131526,0.0
2018-06-10,2139,2139.36,21.2303,2124.98,125571,0.0
2018-06-11,2126.09,2133.66,2121.99,2129.75,130587,0.0
2018-06-12,2134.03,2134.03,2103.12,2106.35,243339,0.0
2018-06-13,2114.5,2129.99,2111.31,2123.44,204479,0.0
2018-06-14,2126.07,2145.82,2112.12,2140.31,248028,0.0
2018-06-17,2126.56,2153.83,2120.89,2144.59,149263,0.0
2018-06-18,2123.76,2146.73,2116.16,2139.24,132568,0.0
2018-06-19,2149,2163.2,2138.03,2145.41,189762,0.0
2018-06-20,2145.54,2153.39,2118.03,2121.93,170108,0.0
2018-06-21,2130.04,2132.55,2095.97,2102.84,177204,0.0
2018-06-24,2091.26,2094.59,2029.02,2053.14,278254,0.0
2018-06-25,2050.52,2062.35,2030.45,2040.39,186154,0.0
2018-06-26,2048.93,2060.32,2001.31,2002.83,218628,0.0
2018-06-27,1997,2025.61,1980,2019.51,161846,0.0
2018-06-28,2035.95,2049.48,2023.68,2027.85,214052,0.0
2018-07-01,2012.67,2061.61,1992.318,2047.9,172946,0.0
2018-07-02,2060.15,2072.74,2047.11,2061.71,99330,0.0
2018-07-04,2072.95,2075.15,2050.99,2068.86,124533,0.0
2018-07-05,2077,2089.61,2063.42,2087.49,118085,0.0
2018-07-08,2094.85,2099.06,2076.96,2081.64,155961,0.0
2018-07-09,2085.95,2087.78,2055.41,2064.02,155241,0.0
2018-07-10,2056.86,2058.98,2027.02,2052.88,201636,0.0
2018-07-11,2062.43,2070.04,2042.41,2057.09,223729,0.0
2018-07-12,2052.98,2053.26,2028.08,2031.42,140760,0.0
2018-07-15,2030.98,2033.9,2015.26,2020.3,229220,0.0
2018-07-16,2000.6,2046.58,2000.02,2031.52,190556,0.0
2018-07-17,2024.59,2034.98,2014.15,2024.24,153288,0.0
2018-07-18,2016.37,2020.69,2002.56,2010.25,150731,0.0
2018-07-19,2008.79,2025.67,2002.35,2009.67,203329,0.0
2018-07-22,2005.99,2010.55,1985,1995.16,136727,0.0
2018-07-23,2009,2049.99,2008.75,2026.13,174549,0.0
2018-07-24,2029.48,2067.99,2029,2064.77,305620,0.0
2018-07-25,2067.92,2085.94,2041.01,2083.13,328908,0.0
2018-07-26,2118.56,2131.9,2060.19,2086.28,373756,0.0
2018-07-29,2089,2095.63,2027.3,2029.64,337994,0.0
2018-07-30,2032.36,2042.55,2007.43,2030.81,110819,0.0
2018-07-31,2030.65,2049,2011.35,2023.71,219268,0.0
2018-08-01,2011.19,2037.9965,1997,2033.66,259151,0.0
2018-08-02,2035.77,2039.99,2020.7,2029.71,115366,0.0
2018-08-05,2032,2087.825,2026.63,2077.42,332389,0.0
2018-08-06,2093,2109,2076,2080,340636,0.0
2018-08-07,2077.87,2084.9,2041.64,2041.64,496602,0.0
2018-08-08,1911,1956.74,1901,1942.59,1518078,0.0
2018-08-09,1909.85,1919.435,1890.1,1897.5,721885,0.0
2018-08-12,1901.72,1904.9,1852.18,1853,358043,0.0
2018-08-13,1863.14,1867.93,1832.43,1833.45,517411,0.0
2018-08-14,1819.95,1872.22,1815.5,1862.68,651066,0.0
2018-08-15,1873,1884.56,1822.12,1824.99,885124,0.0
2018-08-16,1822.15,1842.66,1816.04,1842.66,553288,0.0
2018-08-19,1844.26,1878.74,1840.64,1858.65,386095,0.0
2018-08-20,1874,1901.6,1871,1899.15,354122,0.0
2018-08-21,1899.44,1926.39,1898.09,1917,428720,0.0
2018-08-22,1910.02,1930,1892.31,1895.2,373586,0.0
2018-08-23,1900.41,1919.19,1900.41,1902.43,337710,0.0
2018-08-26,1913.99,1938.79,1913.99,1936.53,298314,0.0
2018-08-27,1943.71,1944.5,1925.02,1932.36,175453,0.0
2018-08-28,1929.47,1953.27,1929.47,1942.88,137780,0.0
2018-08-29,1939.61,1957.94,1931.74,1943.58,238673,0.0
2018-08-30,1938.87,1952.89,1938.87,1952.4,235131,0.0
2018-09-03,1950.61,1951.05,1921.4,1926.44,337222,0.0
2018-09-04,1927.97,1927.97,1889.61,1891.55,489149,0.0
2018-09-05,1890.88,1910.83,1871.86,1909.93,254021,0.0
2018-09-06,1895.49,1922.98,1889.6,1901.76,264857,0.0
2018-09-09,1915.07,1917,1871.91,1877.57,311028,0.0
2018-09-10,1869.87,1887.58,1846.36,1881.31,198541,0.0
2018-09-11,1873.41,1889.5312,1867.17,1875.46,144987,0.0
2018-09-12,1889.15,1909.26,1876.4,1884,252926,0.0
2018-09-13,1885.72,1918.71,1883.38,1917.76,260022,0.0
2018-09-16,1917.94,1919.94,1879.32,1890.76,331151,0.0
2018-09-17,1890.08,1918.04,1888.845,1911.11,279369,0.0
2018-09-18,1910.49,1933.28,1888.39,1926.78,247471,0.0
2018-09-19,1939.63,1958.595,1933.014,1947.58,241197,0.0
2018-09-20,1956,1962.12,1939.61,1956.74,505101,0.0
2018-09-23,1934.985,1973.07,1923.36,1959.09,350786,0.0
2018-09-24,1964.21,1972.61,1952.21,1955.01,347390,0.0
2018-09-25,1957.98,1986.44,1954.97,1968.65,217327,0.0
2018-09-26,1974.8,1989.79,1965.978,1969.34,320086,0.0
2018-09-27,1972.57,1990.74,1964.62,1969.34,390527,0.0
2018-09-30,1993.51,2017.11,1987.33,1989.21,289573,0.0
2018-10-01,1976.645,1996.4,1976.185,1977.15,172181,0.0
2018-10-02,1983.06,1987.51,1972,1972.63,326053,0.0
2018-10-03,1965,1969.99,1929.885,1933.26,245055,0.0
2018-10-04,1932.97,1939.47,1900.12,1900.51,336627,0.0
2018-10-07,1890.375,1916.8969,1880.98,1900.9,286292,0.0
2018-10-08,1894.015,1915.6583,1869.21,1870.5,300976,0.0
2018-10-09,1856.1628,1862.73,1785.46,1788.74,619496,0.0
2018-10-10,1788.4,1808.015,1757.16,1781.71,589429,0.0
2018-10-11,1817.34,1829.045,1791.78,1807.17,660850,0.0
2018-10-14,1806,1826.25,1790.02,1811.33,337549,0.0
2018-10-15,1825,1835.64,1811.71,1831.32,313003,0.0
2018-10-16,1836.195,1858.285,1823.5,1850.51,299946,0.0
2018-10-17,1847,1854.39,1808.09,1811.62,213469,0.0
2018-10-18,1817.29,1836.02,1796,1805.74,218496,0.0
2018-10-21,1810.88,1851.12,1807.37,1827.29,154141,0.0
2018-10-22,1787.04,1841.515,1785.67,1829.54,278186,0.0
2018-10-23,1828.21,1847.21,1745.63,1751.64,313879,0.0
2018-10-24,1770.79,1814.68,1760.01,1806.55,248833,0.0
2018-10-25,1790,1801.2,1751.08,1768.65,321569,0.0
2018-10-28,1795,1840.8,1759.82,1791.99,310905,0.0
2018-10-29,1790.4,1855.11,1775,1836,364113,0.0
2018-10-30,1848.74,1898.0399,1845.13,1875.5,363326,0.0
2018-10-31,1882.73,1908.09,1868.66,1895.05,274882,0.0
2018-11-01,1903.24,1904.96,1856.875,1874.67,185993,0.0
2018-11-04,1873.76,1885.15,1838.59,1871.12,550904,0.0
2018-11-05,1988.54,2009.99,1946.22,1949.47,789706,0.0
2018-11-06,1973.25,2015.65,1965.88,1997.7,485764,0.0
2018-11-07,1991.12,2019.48,1975.07,1978.19,199336,0.0
2018-11-08,1967.5,1973.8499,1922.205,1936.63,167290,0.0
2018-11-11,1928.13,1938.92,1891.86,1907.17,189685,0.0
2018-11-12,1916.09,1930.71,1904.23,1909.56,179667,0.0
2018-11-13,1932.59,1935,1885.11,1890.14,243573,0.0
2018-11-14,1872.01,1899.13,1840.45,1888.86,298851,0.0
2018-11-15,1864.95,1874.56,1831.5,1854.15,272115,0.0
2018-11-18,1854.65,1875,1779.82,1780,436429,0.0
2018-11-19,1761.3,1780.6375,1726.78,1749.31,780457,0.0
2018-11-20,1779.28,1788.835,1756.77,1760.74,329305,0.0
2018-11-22,1750.72,1776.41,1737.255,1762.59,141289,0.0
2018-11-25,1778.09,1818.71,1766.77,1802.47,309240,0.0
2018-11-26,1793.57,1832.41,1789.78,1825,273100,0.0
2018-11-27,1828.26,1875.91,1816.55,1869.86,256017,0.0
2018-11-28,1866,1885.145,1859.7117,1865.23,311666,0.0
2018-11-29,1868.32,1897.11,1852.8,1890.51,249018,0.0
2018-12-02,1925.47,1945.8398,1915.36,1919.7,444178,0.0
2018-12-03,1917.8,1925.54,1852.93,1862.13,277159,0.0
2018-12-05,1839.64,1889.51,1817.8801,1881.83,307565,0.0
2018-12-06,1867.22,1882.155,1814.99,1833.695,317585,0.0
2018-12-09,1833.04,1852.84,1811.26,1827.06,304076,0.0
2018-12-10,1839.83,1877.99,1834.31,1853.41,218936,0.0
2018-12-11,1884.14,1894.0166,1842,1856.15,262219,0.0
2018-12-12,1864.6,1865.61,1821.28,1831.62,273050,0.0
2018-12-13,1806.9,1833.28,1796.535,1806.8,329249,0.0
2018-12-16,1796.66,1806.96,1701.01,1737.92,501020,0.0
2018-12-17,1752.23,1799.6399,1737,1769.81,336026,0.0
2018-12-18,1769.42,1806.635,1706.75,1736.61,429464,0.0
2018-12-19,1727.01,1740.01,1685.7559,1706.19,405180,0.0
2018-12-20,1704.62,1715.89,1617.1646,1630.8,754415,0.0
2018-12-23,1621.68,1649.09,1606.2701,1618.01,336726,0.0
2018-12-25,1629.24,1705.01,1626.4,1705.01,336125,0.0
2018-12-26,1669.78,1719.6791,1666.88,1717.25,258273,0.0
2018-12-27,1724.9,1734.25,1701.76,1714.88,204305,0.0
2018-12-30,1730.48,1739.7,1712.49,1716.21,202987,0.0
2019-01-01,1691.25,1736.77,1690.42,1721.27,233266,0.0
2019-01-02,1704.65,1712.68,1657.98,1663.76,317897,0.0
2019-01-03,1686.12,1737.08,1678.62,1716.94,337286,0.0
2019-01-06,1721.74,1731.4,1703.6,1713.93,236154,0.0
2019-01-07,1730.04,1755.99,1681.15,1686,549516,0.0
2019-01-08,1642.35,1682.88,1637.015,1649.19,613374,0.0
2019-01-09,1640,1685.98,1640,1675.764,383132,0.0
2019-01-10,1670.59,1678.05,1654.9324,1668.06,238987,0.0
2019-01-13,1647.56,1708.83,1645,1696.68,324603,0.0
2019-01-14,1695,1704.18,1681.56,1698,367303,0.0
2019-01-15,1693.42,1698.22,1676.54,1680.45,377155,0.0
2019-01-16,1681.73,1737.905,1676.54,1723.04,299901,0.0
2019-01-17,1747.02,1776.84,1737.5,1757.91,440529,0.0
2019-01-21,1743.18,1759.67,1691.4783,1702.625,424461,0.0
2019-01-22,1717.25,1746.58,1715.11,1742.845,278364,0.0
2019-01-23,1748.98,1805.18,1748.98,1795.71,468034,0.0
2019-01-24,1811.99,1834.08,1799.01,1801.48,380927,0.0
2019-01-27,1787.62,1835,1780.18,1812.8477,227940,0.0
2019-01-28,1816.62,1820.4,1794.2,1807.1,148084,0.0
2019-01-29,1825.33,1835.475,1805.58,1815.54,246846,0.0
2019-01-30,1820.37,1851.175,1820.37,1834.67,191678,0.0
2019-01-31,1824.05,1862.07,1821.145,1837.65,195201,0.0
2019-02-03,1840.39,1862.26,1837.94,1856.0543,157339,0.0
2019-02-04,1887.53,1916.225,1879.93,1902.85,295797,0.0
2019-02-05,1895.94,1910,1874.78,1905.07,196624,0.0
2019-02-06,1892.1,1900.65,1862.01,1874.66,264491,0.0
2019-02-07,1892.37,1899.99,1862.01,1867.86,195742,0.0
2019-02-10,1873.13,1880.69,1856.99,1865.01,182187,0.0
2019-02-11,1876.83,1899.82,1861.71,1895.26,223859,0.0
2019-02-12,1899.29,1924,1898.33,1920.965,228628,0.0
2019-02-13,1909.88,1922.63,1901,1905.13,168369,0.0
2019-02-14,1925.33,1934.48,1898.5717,1933.13,244617,0.0
2019-02-20,1924.65,1932.645,1900.29,1906.8228,338158,0.0
2019-02-21,1920.38,1923.91,1897.21,1911.03,264211,0.0
2019-02-24,1928.63,1934.83,1885.83,1890.37,309785,0.0
2019-02-25,1885.83,1919.83,1885.83,1916.89,279535,0.0
2019-02-26,1906,1952.25,1897.01,1908.87,492949,0.0
2019-02-27,1754,1763.89,1692,1697.39,1811814,0.0
2019-02-28,1708.2,1726.325,1698,1713.12,1174118,0.0
2019-03-03,1723.66,1730,1690.0375,1707.82,754654,0.0
2019-03-04,1715,1748.725,1709.37,1746.27,536945,0.0
2019-03-05,1748.37,1765.815,1745.29,1751.11,532309,0.0
2019-03-06,1746.5,1756.71,1719.28,1725.47,517071,0.0
2019-03-07,1708.04,1719.51,1692.9269,1716.54,687219,0.0
2019-03-10,1721.69,1723.99,1693.32,1709.48,584765,0.0
2019-03-11,1709.72,1740.38,1689.44,1737.41,613707,0.0
2019-03-12,1740.44,1769.84,1738,1760.76,626701,0.0
2019-03-13,1768.83,1782.17,1738.73,1742.61,479774,0.0
2019-03-14,1751.61,1754.77,1744.32,1751.37,315060,0.0
2019-03-17,1757.71,1765.6,1752.805,1755.85,321963,0.0
2019-03-18,1751.05,1787.3,1740.14,1764.43,425908,0.0
2019-03-19,1766.78,1780.99,1751.13,1773.81,327989,0.0
2019-03-20,1765.8,1784.65,1761.01,1773.78,340909,0.0
2019-03-21,1754.04,1761.18,1711.085,1721.59,604429,0.0
2019-03-24,1714.01,1759.88,1712.71,1753.16,511400,0.0
2019-03-25,1761.2,1783.86,1759.22,1768.52,424391,0.0
2019-03-26,1768.98,1786.96,1746.21,1751.32,318022,0.0
2019-03-27,1759.99,1765.5751,1727.24,1729.31,347960,0.0
2019-03-28,1736.6,1756.53,1733.43,1744.91,367546,0.0
2019-03-31,1755.08,1765.96,1748.1,1758.7,201905,0.0
2019-04-01,1766.03,1771.5698,1751.24,1763.55,407054,0.0
2019-04-02,1778.47,1796.14,1769.01,1776.68,427322,0.0
2019-04-03,1775.31,1791.185,1767.5,1781.57,316580,0.0
2019-04-04,1788.03,1788.03,1768.38,1770.51,294428,0.0
2019-04-07,1767.92,1793.09,1761.72,1788.4,274619,0.0
2019-04-08,1776.75,1796.88,1767.65,1794.83,336144,0.0
2019-04-09,1793.85,1808.98,1772.01,1806.72,318382,0.0
2019-04-10,1810,1823.4,1806.15,1819.2,336395,0.0
2019-04-11,1827.87,1848,1827.14,1833.07,358590,0.0
2019-04-14,1834,1848.14,1825.95,1845.65,336500,0.0
2019-04-15,1851.8,1863.3,1839.135,1840.45,354928,0.0
2019-04-16,1848.63,1856.23,1837.61,1839.79,287471,0.0
2019-04-17,1847.64,1854.23,1839.84,1845.09,288100,0.0
2019-04-21,1833.93,1853.2,1831.04,1844.17,243675,0.0
2019-04-22,1849.23,1895.28,1847.34,1887.73,469152,0.0
2019-04-23,1887.14,1893.98,1863.6,1868.54,446263,0.0
2019-04-24,1870.65,1884.81,1856.93,1864.9,332398,0.0
2019-04-25,1868.1,1883.5,1850.01,1867,493899,0.0
2019-04-28,1869.81,1885,1865.62,1876.32,376059,0.0
2019-04-29,1872,1889.1,1852.2,1855.68,374106,0.0
2019-04-30,1856.8,1865.49,1828.19,1828.27,363201,0.0
2019-05-01,1824.66,1830.43,1800.18,1807.65,472061,0.0
2019-05-02,1816.17,1829.96,1814.25,1824.07,425416,0.0
2019-05-05,1798.96,1811.7,1782.03,1800.51,426423,0.0
2019-05-06,1781.45,1800.58,1771.215,1785,388040,0.0
2019-05-07,1765.01,1771.62,1746,1751.62,389269,0.0
2019-05-08,1729.43,1751.1,1715.005,1735.47,503873,0.0
2019-05-09,1825,1859.995,1765.6188,1831.84,1079033,0.0
2019-05-12,1800,1814.29,1770,1777.26,442441,0.0
2019-05-13,1787.12,1814.8,1781.695,1793.98,330335,0.0
2019-05-14,1778.6,1801.59,1760.01,1789.79,342750,0.0
2019-05-15,1790,1816.8,1790,1803.3,247784,0.0
2019-05-16,1793,1819.42,1785,1787.32,291056,0.0
2019-05-19,1769.73,1770,1746.18,1751,304361,0.0
2019-05-20,1762.34,1783.515,1757.231,1772.425,252169,0.0
2019-05-21,1757.35,1775,1742.91,1744.36,330642,0.0
2019-05-22,1746.95,1746.95,1705.15,1715.89,390308,0.0
2019-05-23,1731.52,1731.575,1707.59,1709.34,226865,0.0
2019-05-27,1707.59,1728.98,1685.38,1685.55,270602,0.0
2019-05-28,1676.93,1689.52,1662.21,1685.92,267538,0.0
2019-05-29,1687,1693.505,1670.27,1670.27,228020,0.0
2019-05-30,1650.1,1662.14,1640.5352,1655,305914,0.0
2019-06-02,1658.5,1692.21,1648.3779,1650.7,385748,0.0
2019-06-03,1673.5,1748.31,1673.5,1747.46,567593,0.0
2019-06-04,1755.75,1767.19,1736.085,1765.24,310746,0.0
2019-06-05,1766.01,1766.63,1746.39,1754.57,256904,0.0
2019-06-06,1765.25,1789.685,1756.31,1778.29,271055,0.0
2019-06-09,1782.57,1814.41,1778.3,1781.28,257040,0.0
2019-06-10,1799.5,1812.66,1791.09,1803.63,243692,0.0
2019-06-11,1804.17,1814,1779.13,1799.66,160408,0.0
2019-06-12,1802.05,1839.34,1802.05,1809.4,535996,0.0
2019-06-13,1810,1811.68,1772.725,1775.48,516312,0.0
2019-06-16,1776,1787.41,1768,1781.12,238810,0.0
2019-06-17,1808.38,1821.7,1790.93,1810.1,345385,0.0
2019-06-18,1812,1844.41,1809.09,1842.06,307003,0.0
2019-06-19,1862.07,1871.93,1844.75,1861.31,416698,0.0
2019-06-20,1859.36,1883.15,1849.59,1880,401990,0.0
2019-06-23,1880.97,1889.33,1869.32,1871.36,272319,0.0
2019-06-24,1880.83,1884.99,1841.05,1846.545,243457,0.0
2019-06-25,1848.3,1868.15,1828.39,1830.21,197231,0.0
2019-06-26,1835,1858.745,1832.83,1845.25,331298,0.0
2019-06-27,1850.84,1877,1844.83,1874.72,380088,0.0
2019-06-30,1900,1906,1883.44,1897.08,319274,0.0
2019-07-01,1902.24,1910,1889.42,1908.59,176900,0.0
2019-07-02,1906.22,1924.61,1905,1920.98,141515,0.0
2019-07-04,1904.76,1928.61,1901.41,1925.31,127988,0.0
2019-07-07,1918.73,1922,1875,1876.1,286053,0.0
2019-07-08,1873,1889.74,1866.01,1877.86,293879,0.0
2019-07-09,1890.52,1892.99,1858.88,1868.93,265109,0.0
2019-07-10,1875.45,1879.1,1868.73,1873.43,199849,0.0
2019-07-11,1878.02,1884.59,1869.49,1881.73,224177,0.0
2019-07-14,1881.89,1885.24,1872.29,1881.91,250052,0.0
2019-07-15,1879.89,1897.22,1875.57,1888.89,216107,0.0
2019-07-16,1887.75,1897.09,1866.53,1866.69,214952,0.0
2019-07-17,1861.83,1895.68,1861.83,1885.91,196706,0.0
2019-07-18,1896.03,1901.59,1882.84,1883,164141,0.0
2019-07-21,1883.65,1906.5972,1882.74,1892.75,223496,0.0
2019-07-22,1898.63,1910.3793,1887.94,1899.99,168051,0.0
2019-07-23,1896.26,1920.8296,1896.01,1919.63,157168,0.0
2019-07-24,1911.99,1928.91,1905.03,1927.3,207067,0.0
2019-07-25,1940,1969.88,1940,1966.84,335046,0.0
2019-07-28,1958.78,1962.98,1908.19,1919.8,256970,0.0
2019-07-29,1909.86,1925.29,1903.585,1916.21,171426,0.0
2019-07-30,1906.33,1915.48,1866.27,1886.61,219325,0.0
2019-07-31,1885.62,1917.49,1867.74,1879.87,194510,0.0
2019-08-01,1874.11,1874.11,1839.39,1846.2125,233815,0.0
2019-08-04,1819.98,1819.98,1773.087,1788.02,370109,0.0
2019-08-05,1799.2,1815.99,1767.315,1785.11,316018,0.0
2019-08-06,1758.4,1826.2,1751.12,1822.37,423022,0.0
2019-08-07,1900,1958.81,1895,1941.07,660484,0.0
2019-08-08,1926.54,1928.35,1897.01,1918.45,347805,0.0
2019-08-11,1900.44,1926.79,1891.17,1917.36,221966,0.0
2019-08-12,1907.67,1963.895,1907.67,1943.8,307450,0.0
2019-08-13,1908.56,1926.23,1889.96,1890.71,356792,0.0
2019-08-14,1900.03,1919.71,1873.87,1906.46,256100,0.0
2019-08-15,1929,1936.456,1905.01,1922.41,206568,0.0
2019-08-18,1944.87,1959.875,1931.41,1944.76,224562,0.0
2019-08-19,1942.51,1952.12,1929.2075,1935.66,162921,0.0
2019-08-20,1945.69,1957.6,1939.7,1955.93,169223,0.0
2019-08-21,1962.45,1967.52,1928.3,1951.16,152759,0.0
2019-08-22,1942.98,1951.925,1893.08,1899.138,202469,0.0
2019-08-25,1918.24,1918.5,1902.215,1917.64,171742,0.0
2019-08-26,1921.74,1931.8,1912.33,1919.99,149167,0.0
2019-08-27,1911.8,1947.95,1903.5701,1941.86,174101,0.0
2019-08-28,1966.43,1976.76,1948,1956.13,273771,0.0
2019-08-29,1971.8,1973.23,1953,1965.37,211696,0.0
2019-09-02,1956.56,1967.9,1931.42,1941.71,294154,0.0
2019-09-03,1960.88,1963.56,1935.71,1957.82,227547,0.0
2019-09-04,1974.15,2010.94,1965.01,1995,371024,0.0
2019-09-05,2006.34,2006.34,1962.75,1968.15,362962,0.0
2019-09-08,1980.64,1994.51,1973.375,1992.93,276491,0.0
2019-09-09,1983.34,2018.76,1964.03,2018,403171,0.0
2019-09-10,2013.2,2054.17,2001.38,2049.61,353203,0.0
2019-09-11,2056,2067.07,2037.3,2041.15,390734,0.0
2019-09-12,2047.02,2071.78,2039.6,2063.97,337863,0.0
2019-09-15,2057.24,2081.81,2035.01,2072.03,275719,0.0
2019-09-16,2067.6,2081.235,2058.17,2078.2,202381,0.0
2019-09-17,2072.21,2078.85,2036.9794,2057.61,141091,0.0
2019-09-18,2053.74,2062.7,2046.73,2058.52,196926,0.0
2019-09-19,2046.22,2057.43,2029.46,2029.46,370518,0.0
2019-09-22,2016,2030,2007.14,2008.91,245902,0.0
2019-09-23,2012.82,2020.99,1985.92,1991.2,233041,0.0
2019-09-24,1991.65,2000.635,1962,1992.63,275275,0.0
2019-09-25,1994.08,1994.08,1964,1978.24,228244,0.0
2019-09-26,1969.56,1979.35,1936.86,1942.08,268265,0.0
2019-09-29,1953,1982.71,1942.335,1962.4,165270,0.0
2019-09-30,1977,1987.76,1964.715,1980.02,182960,0.0
2019-10-01,1969,1969,1929.905,1939.96,233075,0.0
2019-10-02,1936.55,1964.3,1918.23,1961.44,180194,0.0
2019-10-03,1970.64,1984.87,1965.312,1981.39,241806,0.0
2019-10-06,1971.01,1980.26,1949.08,1951.91,367034,0.0
2019-10-07,1937.05,1955.73,1923.5627,1937.6,257084,0.0
2019-10-08,1953.72,1953.72,1926.2,1943.13,373292,0.0
2019-10-09,1942.69,1970.43,1933.84,1964.25,369036,0.0
2019-10-10,1984.3,2003.79,1972.94,1975.23,472212,0.0
2019-10-13,1964.52,1994.385,1964.52,1990.03,313183,0.0
2019-10-14,1992.21,2023.11,1991.6,2016.43,456172,0.0
2019-10-15,2016.8,2037.09,2016.8,2028.03,481929,0.0
2019-10-16,2033,2044.77,2021.37,2030.11,325044,0.0
2019-10-17,2030.86,2033.92,2006.955,2013.15,558619,0.0
2019-10-20,2019.51,2035,2018.82,2022.27,147959,0.0
2019-10-21,2029.04,2033.3,2010.01,2024.11,150511,0.0
2019-10-22,2019.66,2034.68,2016.21,2031.03,138601,0.0
2019-10-23,2035,2045.83,2016.47,2043.39,137100,0.0
2019-10-24,2020.13,2058.86,2019.77,2055.89,204399,0.0
2019-10-27,2053.02,2079.7,2047.285,2058.45,162429,0.0
2019-10-28,2054.14,2057.425,2037.735,2042.67,121620,0.0
2019-10-29,2035.53,2050.86,2030.35,2047.52,109034,0.0
2019-10-30,2046.08,2059.17,2031.285,2048.78,137851,0.0
2019-10-31,2023.62,2041.58,2007.7476,2032.42,252137,0.0
2019-11-03,2042,2045.78,2002.83,2007.42,294404,0.0
2019-11-04,2008.99,2029.8,2001.585,2025.86,217930,0.0
2019-11-05,2018.56,2022.44,2001.41,2011.9,331097,0.0
2019-11-06,1942.2,1945.22,1844.45,1848.22,1640334,0.0
2019-11-07,1941,1954,1841,1878.79,992201,0.0
2019-11-10,1869,1897.98,1852.8401,1895.15,438640,0.0
2019-11-11,1901.35,1901.35,1860.2302,1877,453091,0.0
2019-11-12,1855.59,1871.857,1852.64,1858.69,395797,0.0
2019-11-13,1855.39,1875,1850.961,1865.54,224191,0.0
2019-11-14,1873.85,1873.99,1843.03,1848.09,312098,0.0
2019-11-17,1851.96,1853.15,1826.695,1838.29,285456,0.0
2019-11-18,1845,1854.3608,1833.41,1847.06,206670,0.0
2019-11-19,1846.06,1856.69,1837,1851.82,284631,0.0
2019-11-20,1851.34,1876,1844.585,1873.31,291789,0.0
2019-11-21,1881.45,1884.99,1870.44,1878.07,212366,0.0
2019-11-24,1885.09,1902.565,1875.01,1898.99,251616,0.0
2019-11-25,1897.97,1899.745,1882.02,1886.04,224302,0.0
2019-11-26,1893,1916.35,1883.025,1907.66,181564,0.0
2019-11-28,1904.89,1910,1899.08,1902.59,115577,0.0
2019-12-01,1898.21,1903.49,1867.755,1884.45,242745,0.0
2019-12-02,1865.39,1881.58,1852.52,1877.44,148741,0.0
2019-12-03,1894.64,1929,1879.98,1923,339256,0.0
2019-12-04,1929,1929,1901.51,1904.32,240041,0.0
2019-12-05,1923.27,1935.92,1920.21,1931.2,246673,0.0
2019-12-08,1928.08,1928.65,1903.18,1905.22,211510,0.0
2019-12-09,1902.4,1926.4,1901.58,1904.52,202827,0.0
2019-12-10,1915.9,1929.82,1904.48,1925.87,228099,0.0
2019-12-11,1930.85,1959.04,1924.455,1949.7,240465,0.0
2019-12-12,1960.87,1990,1949.08,1974.79,305537,0.0
2019-12-15,1983.47,1998.01,1983.47,1993.89,200883,0.0
2019-12-16,2000,2011.635,1991,2002.06,236629,0.0
2019-12-17,2008.67,2008.67,1977.77,1991.57,216416,0.0
2019-12-18,1996,2014.97,1994.76,2003.12,174601,0.0
2019-12-19,2017,2025,2002.34,2022.12,359135,0.0
2019-12-22,2026.01,2041.5,2017.675,2032.04,156577,0.0
2019-12-23,2032.24,2047.3049,2031.29,2043.9,74572,0.0
2019-12-25,2049.34,2068.81,2047.6519,2066.19,139356,0.0
2019-12-26,2063,2080.99,2053.645,2072.85,165547,0.0
2019-12-29,2070.36,2082.67,2050.47,2054.48,170119,0.0
2019-12-30,2046.51,2057.99,2039.97,2053.69,145561,0.0
2020-01-01,2068.4,2077.4143,2053.22,2074.31,242337,0.0
2020-01-02,2042.47,2067.69,2035,2065.89,206510,0.0
2020-01-05,2050,2059.79,2035,2046.59,252273,0.0
2020-01-06,2047.39,2072.83,2038.54,2067.8,249126,0.0
2020-01-07,2066.84,2088.66,2057.14,2062.54,260385,0.0
2020-01-08,2072,2090,2069.75,2085.43,203927,0.0
2020-01-09,2088.37,2094,2076.94,2086.9,128952,0.0
2020-01-12,2090.25,2090.25,2073.01,2080.05,197394,0.0
2020-01-13,2074.6,2085.995,2067.155,2071.71,279132,0.0
2020-01-14,2073.56,2083.99,2061.38,2064.3,268306,0.0
2020-01-15,2073.01,2073.01,2040.97,2053.95,338182,0.0
2020-01-16,2060,2064.04,2046.905,2052.83,359810,0.0
2020-01-20,2006,2014.51,1963.87,1991.26,1181121,0.0
2020-01-21,2004.33,2014.24,1992.04,2000.27,579451,0.0
2020-01-22,1986.24,2006.39,1975.12,1993.26,605277,0.0
2020-01-23,1998,2000.8068,1954.74,1962.38,717814,0.0
2020-01-26,1906.41,1917.9,1868.04,1908.89,621734,0.0
2020-01-27,1914.67,1937.02,1900,1917.47,450897,0.0
2020-01-28,1924.04,1933.04,1890.09,1893.4641,374652,0.0
2020-01-29,1871.42,1885.5125,1858.86,1871.27,545622,0.0
2020-01-30,1865.93,1870,1820.44,1830,513189,0.0
2020-02-02,1840.23,1858.16,1830.05,1840,545297,0.0
2020-02-03,1857.06,1895.5,1848.175,1863.55,520892,0.0
2020-02-04,1898.7,1943.98,1882.71,1939.3,475026,0.0
2020-02-05,1958.9,1971.995,1937.0118,1962.07,335567,0.0
2020-02-06,1949,1960,1904.16,1908.92,376252,0.0
2020-02-09,1901.69,1912.59,1883,1887.85,339283,0.0
2020-02-10,1894.48,1918.89,1892.62,1909.73,376317,0.0
2020-02-11,1923.95,1967,1911.21,1961.27,404997,0.0
2020-02-12,1944,1960.88,1929.1,1959.53,299167,0.0
2020-02-13,1998.44,2024.88,1984.66,1991.99,499169,0.0
2020-02-17,1972.25,1988.19,1961.95,1975.63,319512,0.0
2020-02-18,1982.76,1989.99,1962.32,1969.62,198585,0.0
2020-02-19,1960,1987.76,1956.39,1969.25,273565,0.0
2020-02-20,1965,1968.095,1922.155,1927.58,316415,0.0
2020-02-23,1830.93,1835.495,1777.88,1791.53,818065,0.0
2020-02-24,1803,1811.31,1711.01,1723.72,789992,0.0
2020-02-25,1755.25,1755.25,1659.64,1679.31,818478,0.0
2020-02-26,1612.98,1730,1592.45,1660.18,1196431,0.0
2020-02-27,1643.64,1718,1634.54,1700.81,850167,0.0
2020-03-01,1709.75,1732.92,1651.755,1727.98,714545,0.0
2020-03-02,1726.63,1749.99,1646.925,1686.53,601061,0.0
2020-03-03,1697.15,1736.89,1671.2354,1736.1,520827,0.0
2020-03-04,1662.99,1680.04,1632.58,1649.56,704780,0.0
2020-03-05,1603.09,1684,1584,1612.76,934429,0.0
2020-03-08,1483.99,1588.67,1476.51,1525,1363856,0.0
2020-03-09,1589.95,1615,1499.935,1560.67,653987,0.0
2020-03-10,1522.29,1528.53,1420.56,1442.5,741535,0.0
2020-03-11,1297,1369.99,1280,1280.005,1194638,0.0
2020-03-12,1336.8,1421.67,1270.87,1421.22,988290,0.0
2020-03-15,1275,1411.83,1252.2168,1289,917006,0.0
2020-03-16,1309.56,1370.52,1252.91,1370.52,2060674,0.0
2020-03-17,1277.86,1327.09,1165.02,1237.74,774960,0.0
2020-03-18,1211.16,1236.64,1150,1192.63,913361,0.0
2020-03-19,1216.34,1299.95,1157.41,1174.68,1078987,0.0
2020-03-22,1166.98,1226.14,1107.285,1152.23,784452,0.0
2020-03-23,1218.62,1279,1200.575,1261.81,728556,0.0
2020-03-24,1259.47,1449.475,1246.95,1364.01,905504,0.0
2020-03-25,1380.33,1429.4784,1353.52,1405.92,553960,0.0
2020-03-26,1344.87,1355.455,1253.605,1253.605,623196,0.0
2020-03-29,1261.27,1321.89,1216.98,1306.15,534266,0.0
2020-03-30,1303.01,1390.39,1296.01,1345.175,693020,0.0
2020-03-31,1293.81,1328.34,1248.18,1272.4,490454,0.0
2020-04-01,1270.97,1334.99,1241.225,1258.02,1061348,0.0
2020-04-02,1244.18,1279.16,1203.08,1231.81,401754,0.0
2020-04-05,1303.28,1363.35,1292.81,1355.6,627666,0.0
2020-04-06,1412.01,1495,1366.79,1375.3,718836,0.0
2020-04-07,1382.65,1428.72,1360.01,1372.06,677129,0.0
2020-04-08,1424.76,1450,1403,1420.64,946798,0.0
2020-04-12,1413.19,1428.01,1368.39,1418.38,367492,0.0
2020-04-13,1460.09,1469.96,1424,1449.29,1059571,0.0
2020-04-14,1407.84,1440,1390.67,1423.81,701025,0.0
2020-04-15,1432.35,1432.35,1391.02,1407.4,1232690,0.0
2020-04-16,1469,1484.655,1450.19,1470.87,2185384,0.0
2020-04-19,1462.05,1469.999,1410,1410.18,1099214,0.0
2020-04-20,1382.81,1387.735,1317.4,1340.47,1766824,0.0
2020-04-21,1365.01,1379.99,1342,1354.34,1116302,0.0
2020-04-22,1354.05,1388.99,1350.79,1359.909,629344,0.0
2020-04-23,1372.39,1374.58,1338.66,1365.26,831196,0.0
2020-04-26,1374.93,1411.235,1371.04,1402.99,845261,0.0
2020-04-27,1434.2,1463.65,1410.8,1439.33,550495,0.0
2020-04-28,1487.83,1527.73,1473.3,1522.58,1258846,0.0
2020-04-29,1514.53,1520.415,1464.78,1481.63,369208,0.0
2020-04-30,1442.75,1460.3,1415.31,1449.99,805570,0.0
2020-05-03,1415.73,1445.32,1388.51,1410.36,400741,0.0
2020-05-04,1443.25,1446.36,1383.855,1393.07,778162,0.0
2020-05-05,1397.46,1416.355,1356,1378.92,476711,0.0
2020-05-06,1392.26,1448.59,1382,1443.05,1191794,0.0
2020-05-07,1440.99,1444.25,1366.1,1432.5,820670,0.0
2020-05-10,1427.02,1428.9691,1403.12,1406.225,483175,0.0
2020-05-11,1401.09,1413.98,1385.11,1385.92,914004,0.0
2020-05-12,1379.34,1388.92,1336.32,1369.15,729173,0.0
2020-05-13,1348.74,1388.94,1303.25,1384.41,650007,0.0
2020-05-14,1377.01,1409.485,1372.13,1383.03,543515,0.0
2020-05-17,1430,1581.56,1430,1556.69,2501658,0.0
2020-05-18,1556.29,1598.83,1544.1575,1548.73,771139,0.0
2020-05-19,1578.52,1605.74,1578.2,1600.295,1237242,0.0
2020-05-20,1605,1623.44,1575.79,1596.72,1127642,0.0
2020-05-21,1591.74,1637.29,1584.65,1631.3,1039496,0.0
2020-05-25,1704.32,1764.9,1692.11,1746.9,1122587,0.0
2020-05-26,1775.93,1788,1692.61,1699.17,935852,0.0
2020-05-27,1695.59,1708,1644.02,1650.59,596538,0.0
2020-05-28,1657,1657,1618.43,1639.42,1107060,0.0
2020-05-31,1633.12,1684.165,1633.12,1670.83,885418,0.0
2020-06-01,1690,1692.045,1653.58,1655,896960,0.0
2020-06-02,1704.03,1743.8398,1694.2896,1725,1047074,0.0
2020-06-03,1714.9,1749.18,1706,1743.675,901316,0.0
2020-06-04,1826.76,1853.38,1802.8472,1814.06,973292,0.0
2020-06-07,1846.6,1871.97,1825.565,1840.91,597538,0.0
2020-06-08,1808.07,1818.343,1770,1779.79,778644,0.0
2020-06-09,1791.95,1793,1717.72,1731.838,969622,0.0
2020-06-10,1655.85,1656.76,1576.57,1587.66,834814,0.0
2020-06-11,1653.57,1663.9948,1615.2,1616.2,237852,0.0
2020-06-14,1567.66,1664.925,1555.01,1651.14,702709,0.0
2020-06-15,1716.32,1721.85,1641.75,1675.32,391315,0.0
2020-06-16,1677.92,1678.575,1626.01,1638.54,591577,0.0
2020-06-17,1622.4,1658,1590.93,1628.115,474997,0.0
2020-06-18,1654,1657.4904,1600,1626.56,990539,0.0
2020-06-21,1609.74,1636.29,1593.8667,1636.29,276775,0.0
2020-06-22,1652.3,1678.5,1640,1676.81,306857,0.0
2020-06-23,1660.71,1669.7699,1582,1611.69,525984,0.0
2020-06-24,1585.81,1623.97,1561.72,1616.11,477199,0.0
2020-06-25,1597.3,1611.71,1532.83,1538.83,487079,0.0
2020-06-28,1567.77,1595.3,1540.48,1592.34,310529,0.0
2020-06-29,1583.9,1603.24,1566.42,1593.07,223893,0.0
2020-06-30,1606.05,1670,1601.14,1659.38,508820,0.0
2020-07-01,1690.11,1714.0887,1658.4,1669.95,295582,0.0
2020-07-05,1706.19,1738,1680.17,1705.74,276275,0.0
2020-07-06,1681.36,1697.33,1654.6556,1656.39,214327,0.0
2020-07-07,1662,1665.955,1633.25,1663.66,268361,0.0
2020-07-08,1671.9,1679.7,1627.48,1670.19,373079,0.0
2020-07-09,1660.68,1708.8,1652.98,1708.55,278227,0.0
2020-07-12,1720.89,1739.575,1685.01,1686.89,337404,0.0
2020-07-13,1668.69,1703.56,1652.685,1697.33,198045,0.0
2020-07-14,1747,1802.73,1745.04,1797.64,597774,0.0
2020-07-15,1767.21,1773.5,1730.67,1749.78,203589,0.0
2020-07-16,1757.12,1757.12,1719.04,1732.68,246650,0.0
2020-07-19,1724.01,1748,1700.42,1715.08,244121,0.0
2020-07-20,1735.91,1762.67,1703.61,1711.72,319528,0.0
2020-07-21,1717.96,1728.32,1681.25,1721.09,305822,0.0
2020-07-22,1721.28,1729.33,1694.01,1694.09,162045,0.0
2020-07-23,1678.27,1709.24,1671.965,1700.04,253580,0.0
2020-07-26,1690.64,1711.88,1671.005,1704.62,176273,0.0
2020-07-27,1696.34,1702.84,1677.29,1684.59,175831,0.0
2020-07-28,1688.86,1724.4,1676.95,1708.11,262326,0.0
2020-07-29,1683.8,1699.21,1657.16,1686.16,167336,0.0
2020-07-30,1687.87,1692.25,1625.61,1662.14,232284,0.0
2020-08-02,1665.91,1669.89,1634.685,1652.38,129571,0.0
2020-08-03,1641,1680,1635.345,1674.86,198430,0.0
2020-08-04,1700.13,1734.43,1683.39,1724.64,276025,0.0
2020-08-05,1702,1765.98,1700.73,1749.01,338626,0.0
2020-08-06,1813.4,1821.45,1742,1752,515309,0.0
2020-08-09,1746.24,1785.89,1731.05,1771.185,262678,0.0
2020-08-10,1818.27,1847.42,1800.01,1805.11,434134,0.0
2020-08-11,1816.3,1828,1805.5,1808.06,231883,0.0
2020-08-12,1799.06,1823.98,1789,1790.92,173041,0.0
2020-08-13,1780,1787.22,1768.265,1777.03,230195,0.0
2020-08-16,1792.39,1792.39,1750,1754.15,177919,0.0
2020-08-17,1750,1792,1744.13,1780.44,199173,0.0
2020-08-18,1783.01,1807.09,1760.32,1770.15,255095,0.0
2020-08-19,1751.9,1774.95,1746.01,1770.51,171886,0.0
2020-08-20,1763,1785.05,1754.67,1780.64,203270,0.0
2020-08-23,1803.56,1837.72,1796.935,1834.84,296398,0.0
2020-08-24,1836.02,1858.29,1816.41,1850.6,269107,0.0
2020-08-25,1838.8,1883.97,1835.01,1867.78,326230,0.0
2020-08-26,1892.58,1924.86,1874.27,1893.54,356764,0.0
2020-08-27,1896.15,1955.605,1895.23,1945.36,273379,0.0
2020-08-30,1922.47,1936.5,1908.13,1909.45,239380,0.0
2020-08-31,1905.13,1937,1899.73,1929.435,262490,0.0
2020-09-01,1940,1955.4,1895.65,1950.25,282723,0.0
2020-09-02,1952.15,1966.2227,1909.89,1946.31,380104,0.0
2020-09-03,1947.97,1962.6,1906.08,1917.75,336627,0.0
2020-09-07,1886.86,1930.08,1882.94,1891.43,290351,0.0
2020-09-08,1887.55,1910.08,1823.403,1872.84,400074,0.0
2020-09-09,1896.29,1901.9,1811.735,1819.12,245950,0.0
2020-09-10,1813.52,1835.015,1769.98,1781.23,324974,0.0
2020-09-13,1803,1805.45,1774.6,1782.635,312084,0.0
2020-09-14,1797.41,1817.74,1785,1786.46,215949,0.0
2020-09-15,1800,1837.83,1787.9,1807.6,331494,0.0
2020-09-16,1783.19,1805.84,1756.49,1785.51,413296,0.0
2020-09-17,1791.16,1794.52,1720,1734.51,527334,0.0
2020-09-20,1676.2,1688.09,1632.165,1652.39,572175,0.0
2020-09-21,1659.22,1679.335,1625,1672.91,376269,0.0
2020-09-22,1692.1,1693.09,1633.74,1639.37,226723,0.0
2020-09-23,1617.28,1680.35,1601.01,1649.065,335885,0.0
2020-09-24,1635,1660.74,1612,1655.92,246672,0.0
2020-09-27,1694.99,1729.25,1671.25,1702.88,205186,0.0
2020-09-28,1700.15,1712.27,1670.41,1672.2,166995,0.0
2020-09-29,1682.64,1729.79,1678.995,1710.68,241673,0.0
2020-09-30,1735.54,1750,1730,1743.09,259346,0.0
2020-10-01,1698.99,1720,1684.03,1711.58,193829,0.0
2020-10-04,1705.28,1720.4744,1662.47,1707.785,274247,0.0
2020-10-05,1714.0938,1759.03,1700.1,1708.52,243093,0.0
2020-10-06,1720,1761.175,1720,1757.22,159205,0.0
2020-10-07,1770.06,1794.525,1753,1789.15,214520,0.0
2020-10-08,1807,1828.81,1786.71,1819.83,212245,0.0
2020-10-11,1830.83,1866,1826.655,1845,285569,0.0
2020-10-12,1833.9,1846.98,1771.87,1780.66,346325,0.0
2020-10-13,1783.38,1791.17,1730.88,1730.88,232776,0.0
2020-10-14,1700,1711.155,1686.42,1701.63,252978,0.0
2020-10-15,1704,1712.84,1667.58,1667.87,329629,0.0
2020-10-18,1679.75,1686.47,1652.365,1653.01,232522,0.0
2020-10-19,1673,1688.73,1661.1,1671.9725,231235,0.0
2020-10-20,1660,1704.255,1657.38,1702.36,195807,0.0
2020-10-21,1714.19,1797.37,1702.38,1794.49,401281,0.0
2020-10-22,1800.79,1826.16,1788.945,1823.7,254203,0.0
2020-10-25,1775.13,1793.27,1714.12,1748.86,223890,0.0
2020-10-26,1738.56,1745,1685.36,1697.81,189736,0.0
2020-10-27,1663.17,1669.98,1602.545,1605.64,346255,0.0
2020-10-28,1600,1643.1,1589,1630.28,273982,0.0
2020-10-29,1620.78,1634.96,1591.1,1624.76,303316,0.0
2020-11-01,1653.5,1653.5,1598.01,1601.44,260861,0.0
2020-11-02,1622.79,1682.33,1598.78,1669.15,268412,0.0
2020-11-03,1702.97,1751.83,1674.8,1713.07,352160,0.0
2020-11-04,1734.01,1783.17,1734.01,1765.05,332168,0.0
2020-11-05,1721.04,1796.01,1701.09,1781.35,404096,0.0
2020-11-08,2049,2128.02,2013.22,2119.88,1478752,0.0
2020-11-09,2079.59,2103,1989.61,2008.34,650829,0.0
2020-11-10,1996.95,2008,1955.7,1998.31,322505,0.0
2020-11-11,1975,1990,1953.148,1964.11,302275,0.0
2020-11-12,1970,2069.89,1970,2065.5,332754,0.0
2020-11-15,2117.87,2121.987,2060.78,2080.9312,523837,0.0
2020-11-16,2080,2091.52,2057.96,2082.37,241166,0.0
2020-11-17,2076,2103.51,2044.02,2044.59,288553,0.0
2020-11-18,2022.84,2054.975,2000,2008.47,304049,0.0
2020-11-19,2017.6,2036.52,1987.84,1990.3,249860,0.0
2020-11-22,2004.87,2042.06,2000,2017.692,295463,0.0
2020-11-23,2050,2107.03,2026.61,2102.46,387453,0.0
2020-11-24,2108.74,2118.955,2043.85,2061.8,171612,0.0
2020-11-26,2067.86,2083.72,2048.28,2056.98,82154,0.0
2020-11-29,2057.67,2058,2019.87,2028.45,209438,0.0
2020-11-30,2047.21,2088.85,2030,2048.92,230194,0.0
2020-12-01,2052.67,2097.99,2036.88,2076.1,183714,0.0
2020-12-02,2096.8,2122.03,2065.175,2097.4,271999,0.0
2020-12-03,2103.7,2138.97,2090,2122.64,296086,0.0
2020-12-06,2119.97,2137.43,2085,2126.37,262814,0.0
2020-12-07,2093.06,2128.2102,2082.45,2085.28,291226,0.0
2020-12-08,2100.47,2170.03,2076.81,2106.32,611185,0.0
2020-12-09,2094.99,2151.58,2079.19,2101.65,331483,0.0
2020-12-10,2090.22,2104.02,2050.125,2090.48,287876,0.0
2020-12-13,2120.09,2143.06,2065.08,2066.15,274101,0.0
2020-12-14,2078.22,2105.815,2055.005,2098.05,241024,0.0
2020-12-15,2118.2,2118.2,2077.395,2101.24,170181,0.0
2020-12-16,2117.95,2126.95,2070.515,2113.87,239545,0.0
2020-12-17,2118.75,2118.75,2087.93,2099.08,269912,0.0
2020-12-20,2050,2071.82,2024.02,2068.56,268248,0.0
2020-12-21,2068.35,2069.355,2031.39,2052.82,146555,0.0
2020-12-22,2055.39,2114.15,2050.43,2099.82,255067,0.0
2020-12-23,2119,2119,2081,2085.485,128527,0.0
2020-12-27,2129.45,2152.26,2124.46,2138.68,194968,0.0
2020-12-28,2165.98,2200,2153.96,2186.79,278633,0.0
2020-12-29,2200,2214.01,2174.965,2203.62,191304,0.0
2020-12-30,2198.07,2227.97,2185,2223.48,115619,0.0
2021-01-03,2250,2257.185,2121.21,2164.08,267442,0.0
2021-01-04,2164,2225.94,2154.56,2189.74,257969,0.0
2021-01-05,2175.89,2288.49,2160,2253.47,324015,0.0
2021-01-06,2278.15,2288,2219.77,2239.11,217708,0.0
2021-01-07,2256.34,2289.98,2248.47,2278.29,218867,0.0
2021-01-10,2252.43,2290.035,2214.03,2222.57,242885,0.0
2021-01-11,2237.36,2243.6394,2191.63,2195.97,215818,0.0
2021-01-12,2168.4,2208.08,2168.4,2180.28,182382,0.0
2021-01-13,2185.27,2215.78,2178.77,2183.75,237038,0.0
2021-01-14,2179.29,2179.29,2116,2120.1,263292,0.0
2021-01-18,2135,2169.95,2108.9624,2163.92,223988,0.0
2021-01-19,2179.98,2179.98,2124.56,2158.17,291708,0.0
2021-01-20,2140.9,2157.01,2105,2108.97,405402,0.0
2021-01-21,2101.83,2109.51,2065,2065,310688,0.0
2021-01-24,2044.86,2060.35,1947.0891,2018.43,820107,0.0
2021-01-25,2033.37,2056.73,1974.65,1982.94,410038,0.0
2021-01-26,1949.33,1975.96,1860.73,1886.08,670078,0.0
2021-01-27,1979.04,2048.77,1935.88,2032.34,815852,0.0
2021-01-28,2036,2039.9999,1938.796,1944.33,429579,0.0
2021-01-31,1996.19,2006.38,1965,1986.99,407454,0.0
2021-02-01,2035,2112.91,2025.405,2066.795,381439,0.0
2021-02-02,2079.53,2094.8,2024.72,2024.72,306805,0.0
2021-02-03,2036.19,2085.895,2015.66,2083.25,310180,0.0
2021-02-04,2109.29,2129.99,2073.88,2095.13,197986,0.0
2021-02-07,2117.05,2131.6555,2070.79,2099.999,166849,0.0
2021-02-08,2082.88,2104.85,2051.64,2085.28,200105,0.0
2021-02-09,2116.3,2161.21,2091.175,2141,292213,0.0
2021-02-10,2145.34,2183.66,2132.84,2158.85,227850,0.0
2021-02-11,2126.35,2188.99,2110.01,2150.32,173317,0.0
2021-02-15,2139.19,2198.03,2133.71,2183.31,201978,0.0
2021-02-16,2183.39,2237.95,2174.15,2233.63,252422,0.0
2021-02-17,2190.03,2275.91,2190.03,2259.73,271157,0.0
2021-02-18,2273,2322.04,2259.85,2293.06,313143,0.0
2021-02-21,2265.67,2392.97,2265.67,2353.21,462224,0.0
2021-02-22,2348.36,2367,2292.17,2356.34,477415,0.0
2021-02-23,2343.77,2450.26,2324.18,2439.069,556849,0.0
2021-02-24,2419.93,2438.95,2261.47,2275.16,711529,0.0
2021-02-25,2343.9,2345,2251.7083,2328.51,423840,0.0
2021-02-28,2372.99,2382.3,2300.205,2320.91,315380,0.0
2021-03-01,2338,2342,2275,2280.54,228946,0.0
2021-03-02,2286.23,2334.94,2272.14,2272.85,315291,0.0
2021-03-03,2277.165,2277.165,2163.4,2218.83,450767,0.0
2021-03-04,2235.77,2312.7998,2178.88,2307.4,381300,0.0
2021-03-07,2303.43,2412.34,2298.355,2369.09,524138,0.0
2021-03-08,2380.14,2441.75,2344.01,2365.69,419494,0.0
2021-03-09,2379.35,2420,2363.91,2367.23,414943,0.0
2021-03-10,2398.28,2447.465,2343.78,2362.05,447404,0.0
2021-03-11,2358.99,2412.83,2350.88,2401.05,328930,0.0
2021-03-14,2412.76,2443.52,2374.01,2439.49,408280,0.0
2021-03-15,2416.35,2429.53,2380.01,2393.2,326804,0.0
2021-03-16,2373.5,2469.58,2370,2463.54,356152,0.0
2021-03-17,2428.03,2447.46,2344,2347.99,453351,0.0
2021-03-18,2332.82,2350.09,2265.81,2285.13,441078,0.0
2021-03-21,2340,2340,2225,2231.75,424751,0.0
2021-03-22,2250.62,2250.62,2184.47,2215.02,420090,0.0
2021-03-23,2231.8,2278,2199.01,2200.67,319366,0.0
2021-03-24,2186.7,2282.88,2173,2268.51,359548,0.0
2021-03-25,2275.94,2329.33,2246.64,2322.4,289167,0.0
2021-03-28,2318,2375,2307.41,2351,287638,0.0
2021-03-29,2343.25,2370.23,2316.79,2328.36,196686,0.0
2021-03-30,2345.68,2363.9246,2319.31,2332.54,407514,0.0
2021-03-31,2354.28,2389.725,2348.23,2385.79,189955,0.0
2021-04-04,2410,2436.88,2386.86,2409.18,295547,0.0
2021-04-05,2415,2447.41,2407.23,2419.35,284627,0.0
2021-04-06,2429.06,2440.21,2395.57,2413.06,166862,0.0
2021-04-07,2392,2435.43,2392,2428.37,162526,0.0
2021-04-08,2434,2454.72,2405.55,2447.01,170322,0.0
2021-04-11,2436,2450.2002,2396.49,2410.84,514847,0.0
2021-04-12,2403.92,2415.79,2367.15,2403.005,735701,0.0
2021-04-13,2406.61,2482.82,2407.48,2455.38,887989,0.0
2021-04-14,2467.54,2468.93,2426.18,2435.32,588946,0.0
2021-04-15,2443.73,2489.41,2435.83,2475.72,724276,0.0
2021-04-18,2477.77,2488.32,2443.11,2457.82,268761,0.0
2021-04-19,2430.02,2436.49,2317.29,2345.03,434480,0.0
2021-04-20,2359.92,2365.99,2343.06,2354.74,220332,0.0
2021-04-21,2353.72,2395,2343,2344.91,231384,0.0
2021-04-22,2367.19,2404.33,2350.46,2392.84,187068,0.0
2021-04-25,2430.87,2460.93,2407,2458.25,235235,0.0
2021-04-26,2464,2469.12,2441.67,2461.72,167641,0.0
2021-04-27,2475,2514.99,2461,2505.12,270254,0.0
2021-04-28,2507.47,2516,2476.01,2501.45,178193,0.0
2021-04-29,2497.7,2497.7,2436.14,2466.69,245526,0.0
2021-05-02,2485,2486.99,2435.31,2439.0798,143708,0.0
2021-05-03,2409.79,2427.815,2368.83,2382.94,261694,0.0
2021-05-04,2402.05,2403.745,2327.19,2336.3743,313682,0.0
2021-05-05,2297.71,2324,2255.15,2278.91,374785,0.0
2021-05-06,2312.24,2361.42,2290.74,2325.55,324322,0.0
2021-05-09,2339.99,2333,2261.69,2261.7,328370,0.0
2021-05-10,2230,2262.77,2205.08,2248.84,351963,0.0
2021-05-11,2231.31,2236.55,2163.475,2171.88,354460,0.0
2021-05-12,2193.95,2235.665,2162.145,2207.16,246631,0.0
2021-05-13,2251.12,2291.8474,2227.41,2281.96,282854,0.0
2021-05-16,2262.64,2275.5,2211.59,2223.15,260105,0.0
2021-05-17,2231.55,2252.6,2210.6,2210.6,261003,0.0
2021-05-18,2167.29,2272.71,2161.775,2271,345580,0.0
2021-05-19,2279.84,2309.76,2260.91,2306.84,237373,0.0
2021-05-20,2324.57,2336.3,2268.34,2295.42,196834,0.0
