Date,Open,High,Low,Close,Volume,OpenInterest
2017-06-01,35.03,35.43,35.03,35.26,1457269,0.0
2017-06-04,35.31,35.65,35.31,35.52,962688,0.0
2017-06-05,35.4,35.6,35.28,35.41,1011036,0.0
2017-06-06,35.48,35.61,35.2,35.35,1305944,0.0
2017-06-07,35.41,35.54,35.2,35.44,859134,0.0
2017-06-08,35.53,35.69,34.19,34.72,1121515,0.0
2017-06-11,34.47,34.52,33.56,34.23,2947280,0.0
2017-06-12,34.46,34.745,34.35,34.41,1827163,0.0
2017-06-13,34.55,34.69,33.96,34.34,1040880,0.0
2017-06-14,33.97,34.49,33.65,34.14,977361,0.0
2017-06-15,34.09,34.37,33.9,34.17,1406385,0.0
2017-06-18,34.31,34.49,34.04,34.25,2367432,0.0
2017-06-19,34.25,34.655,34.005,34.09,1227573,0.0
2017-06-20,34.22,34.44,33.96,34.27,1623709,0.0
2017-06-21,34.36,34.41,34.02,34.28,896307,0.0
2017-06-22,34.28,34.465,34.21,34.26,1240852,0.0
2017-06-25,34.36,34.52,34.17,34.3,779371,0.0
2017-06-26,34.21,34.225,33.635,33.68,841882,0.0
2017-06-27,33.92,34.22,33.58,34.09,929167,0.0
2017-06-28,33.95,34.08,33.03,33.43,1076324,0.0
2017-06-29,33.55,33.765,33.35,33.49,862256,0.0
2017-07-02,33.58,33.61,32.96,33.07,559246,0.0
2017-07-04,33.12,33.35,32.97,33.27,1361282,0.0
2017-07-05,33.13,33.39,32.85,33.26,1593755,0.0
2017-07-06,33.35,33.855,33.13,33.67,1343846,0.0
2017-07-09,33.69,34.05,33.54,33.91,677493,0.0
2017-07-10,33.86,34.23,33.815,34.15,686656,0.0
2017-07-11,34.37,34.785,34.28,34.71,931603,0.0
2017-07-12,34.8,34.8,34.34,34.445,842950,0.0
2017-07-13,34.52,34.84,34.39,34.73,755336,0.0
2017-07-16,34.63,34.79,34.54,34.72,782892,0.0
2017-07-17,34.69,34.84,34.5093,34.81,893760,0.0
2017-07-18,34.89,35.395,34.83,35.31,1386977,0.0
2017-07-19,35.31,35.31,34.75,35.08,1313480,0.0
2017-07-20,34.92,35.1,34.82,34.97,1335383,0.0
2017-07-23,34.98,35.1,34.76,35.07,3160766,0.0
2017-07-24,35.49,36.84,35.2606,36.65,4582175,0.0
2017-07-25,36.76,37.5,36.7,37.17,3417114,0.0
2017-07-26,37.36,37.51,36.45,36.98,2087932,0.0
2017-07-27,36.78,37.27,36.77,37.01,972077,0.0
2017-07-30,37.03,37.29,36.7,36.89,1404293,0.0
2017-07-31,36.96,37.09,36.68,36.71,1469268,0.0
2017-08-01,36.84,36.88,35.95,36.04,2443894,0.0
2017-08-02,36.18,36.28,35.955,36.19,2337163,0.0
2017-08-03,36.19,36.36,35.91,36.2,1466629,0.0
2017-08-06,36.22,36.7788,36.22,36.62,1205374,0.0
2017-08-07,36.61,36.945,36.52,36.79,1602959,0.0
2017-08-08,36.58,36.655,36.4,36.55,1209263,0.0
2017-08-09,36.43,36.56,36.07,36.19,1258067,0.0
2017-08-10,36.29,36.67,36.17,36.335,1070045,0.0
2017-08-13,36.53,37.06,36.45,37,1085354,0.0
2017-08-14,37.02,37.28,36.96,37.22,1202536,0.0
2017-08-15,37.15,37.7,37.0152,37.555,935743,0.0
2017-08-16,37.44,37.6,36.81,36.84,1062205,0.0
2017-08-17,36.92,37.14,36.69,36.95,771189,0.0
2017-08-20,36.88,37,36.69,36.99,658310,0.0
2017-08-21,37.07,37.46,36.99,37.45,1391875,0.0
2017-08-22,37.24,37.56,37.22,37.33,934263,0.0
2017-08-23,37.43,37.48,37.01,37.17,1101638,0.0
2017-08-24,37.32,37.7,37.11,37.411,1137886,0.0
2017-08-27,37.48,37.86,37.4,37.78,938955,0.0
2017-08-28,37.56,37.95,37.45,37.91,1195703,0.0
2017-08-29,37.9,38.44,37.8524,38.35,1002226,0.0
2017-08-30,38.49,39.3,38.46,39.29,1546552,0.0
2017-08-31,39.3,39.49,38.68,38.69,1294822,0.0
2017-09-04,38.51,38.78,37.84,38.24,1674587,0.0
2017-09-05,38.37,38.495,38.09,38.27,1119963,0.0
2017-09-06,38.36,38.74,38.32,38.43,729598,0.0
2017-09-07,38.43,38.51,38.225,38.23,768556,0.0
2017-09-10,38.13,38.13,37.47,37.595,4707554,0.0
2017-09-11,37.73,37.84,36.83,37.55,3394658,0.0
2017-09-12,37.56,37.66,37.14,37.44,3231126,0.0
2017-09-13,37.24,38.37,37.17,38.01,3665933,0.0
2017-09-14,38,38.5,37.76,38.27,3316835,0.0
2017-09-17,38.5,38.86,38.34,38.77,1954222,0.0
2017-09-18,38.8,38.98,38.57,38.81,2114167,0.0
2017-09-19,38.71,38.81,38.1,38.36,2296460,0.0
2017-09-20,38.49,38.51,38.2,38.43,1583766,0.0
2017-09-21,38.39,38.92,38.33,38.87,1437891,0.0
2017-09-24,38.85,38.87,38.22,38.42,1185965,0.0
2017-09-25,38.68,38.79,38.32,38.34,1162731,0.0
2017-09-26,38.5,38.97,38.5,38.92,2184007,0.0
2017-09-27,38.93,39.14,38.765,39,1060340,0.0
2017-09-28,39.08,39.47,38.98,39.46,2656945,0.0
2017-10-01,39.79,40.06,39.6,39.69,1745910,0.0
2017-10-02,39.81,40.155,39.7,40.06,1244923,0.0
2017-10-03,39.93,40.33,39.93,40.25,1264801,0.0
2017-10-04,40.34,40.44,40.16,40.39,856950,0.0
2017-10-05,40.42,40.73,40.14,40.68,1095624,0.0
2017-10-08,40.64,41.08,40.63,41,1124113,0.0
2017-10-09,41.05,41.135,40.67,41,1296122,0.0
2017-10-10,41.14,41.47,41.06,41.39,1916598,0.0
2017-10-11,41.4,42.2,41.32,41.82,1752817,0.0
2017-10-12,42,42.19,41.89,41.99,1601484,0.0
2017-10-15,42.1,42.565,41.87,41.98,2247924,0.0
2017-10-16,42,42,41.64,41.82,1450019,0.0
2017-10-17,41.8,42.05,41.53,41.8,2422831,0.0
2017-10-18,41.66,41.87,41.32,41.8,961158,0.0
2017-10-19,41.94,42.45,41.83,42.28,1278285,0.0
2017-10-22,42.48,42.56,42.09,42.15,1047785,0.0
2017-10-23,42.16,42.33,41.93,42.3,1191863,0.0
2017-10-24,42.23,42.42,41.85,42.22,1707341,0.0
2017-10-25,42.37,42.88,42.26,42.7,1325061,0.0
2017-10-26,41.85,43.23,41.35,43.08,1712599,0.0
2017-10-29,43.06,43.21,42.63,42.88,1068329,0.0
2017-10-30,42.96,43.19,42.71,43.15,1552440,0.0
2017-10-31,43.47,43.62,42.96,43.01,1503896,0.0
2017-11-01,43.38,43.84,43.075,43.78,1528626,0.0
2017-11-02,43.78,43.92,43.61,43.9,880841,0.0
2017-11-05,44,44.34,43.69,44.29,1319275,0.0
2017-11-06,44.4,44.665,44.04,44.3,966337,0.0
2017-11-07,44.25,44.39,43.98,44.06,1609489,0.0
2017-11-08,43.9,44.19,43.2,43.54,2129468,0.0
2017-11-09,43.51,44.16,43.41,44.03,1639789,0.0
2017-11-12,43.83,44.69,43.83,44.67,1322718,0.0
2017-11-13,44.52,44.83,44.36,44.77,1779779,0.0
2017-11-14,44.52,44.67,44.01,44.32,1337487,0.0
2017-11-15,44.57,45.39,44.42,44.85,2499528,0.0
2017-11-16,44.87,45.1,44.41,44.58,1193449,0.0
2017-11-19,44.58,45.16,44.56,44.86,1371527,0.0
2017-11-20,45.06,45.48,44.915,45.32,764366,0.0
2017-11-21,45.41,45.48,44.96,45.01,549003,0.0
2017-11-23,45.14,45.64,45.06,45.6,363277,0.0
2017-11-26,45.51,45.51,44.99,45.14,1026620,0.0
2017-11-27,45.28,45.41,45.01,45.21,983260,0.0
2017-11-28,45.03,45.15,43.14,43.16,2279041,0.0
2017-11-29,43.55,44.03,43.41,43.9,2089603,0.0
2017-11-30,43.66,44.08,42.79,43.71,1322365,0.0
2017-12-03,43.95,43.95,42.4,42.42,1514414,0.0
2017-12-04,42.43,43.45,42.23,42.665,1689485,0.0
2017-12-05,42.46,43.01,42.38,42.89,1501609,0.0
2017-12-06,42.96,43.58,42.96,43.55,1158989,0.0
2017-12-07,43.8,43.96,43.42,43.55,769408,0.0
2017-12-10,43.69,43.88,43.38,43.49,942405,0.0
2017-12-11,43.47,43.64,43.11,43.295,1464870,0.0
2017-12-12,43.31,43.5399,43.02,43.07,1697385,0.0
2017-12-13,43.14,43.59,43.04,43.19,1851143,0.0
2017-12-14,43.07,43.845,42.99,43.71,3079552,0.0
2017-12-17,44.17,44.46,43.35,43.56,1537284,0.0
2017-12-18,43.47,44.095,43.42,43.76,1854962,0.0
2017-12-19,43.94,43.94,43.11,43.2,1096933,0.0
2017-12-20,43.25,43.39,42.395,42.47,1122629,0.0
2017-12-21,42.39,42.39,41.951,42.25,868183,0.0
2017-12-25,41.99,42.1,41.74,41.97,768322,0.0
2017-12-26,42.12,42.37,41.9,42.24,774003,0.0
2017-12-27,42.37,42.41,42.035,42.29,1001809,0.0
2017-12-28,42.31,42.49,41.81,41.82,1153635,0.0
2018-01-01,42,42.21,41.71,42.045,1506555,0.0
2018-01-02,42.16,42.95,42.05,42.92,1765842,0.0
2018-01-03,43.19,43.93,43.075,43.58,2466893,0.0
2018-01-04,43.78,44.2,43.67,43.98,1275117,0.0
2018-01-07,43.95,45.05,43.92,44.92,1222443,0.0
2018-01-08,45,45.27,44.62,45.08,1130033,0.0
2018-01-09,44.89,45.17,44.57,44.83,802448,0.0
2018-01-10,44.9,45.14,44.77,44.87,850516,0.0
2018-01-11,44.99,45.16,44.64,45.06,820768,0.0
2018-01-15,45.22,45.4085,44.2,44.28,1775709,0.0
2018-01-16,44.66,45.06,44.51,44.85,1766223,0.0
2018-01-17,44.91,45.08,44.72,44.94,1190125,0.0
2018-01-18,45,45.74,44.84,45.59,1694022,0.0
2018-01-21,45.53,45.86,45.25,45.68,1001499,0.0
2018-01-22,45.6,45.94,45.5,45.75,1116261,0.0
2018-01-23,45.89,46,45.36,45.38,1129699,0.0
2018-01-24,45.58,45.95,44.77,44.86,1170848,0.0
2018-01-25,45.17,45.81,44.671,45.8,1122156,0.0
2018-01-28,45.56,45.745,44.475,44.56,1401793,0.0
2018-01-29,44.36,44.71,43.82,43.98,1750001,0.0
2018-01-30,44.06,45.03,43.92,44.86,2776009,0.0
2018-01-31,44.4,45.25,41.9,42.22,6011249,0.0
2018-02-01,42.04,42.15,41.08,41.11,2975237,0.0
2018-02-04,40.93,41.41,39.27,39.28,2525594,0.0
2018-02-05,38.73,39.66,37.78,39.59,3112930,0.0
2018-02-06,37.91,39.715,37.61,38.56,2161108,0.0
2018-02-07,38.48,38.49,36.79,36.82,2646213,0.0
2018-02-08,37.33,38.02,36.23,37.66,2623877,0.0
2018-02-11,37.92,38.835,37.92,38.61,1957212,0.0
2018-02-12,39.13,39.13,37.54,37.91,1935663,0.0
2018-02-13,37.55,38.72,37.42,38.63,2146006,0.0
2018-02-14,38.78,39.21,38.3,39.08,1561223,0.0
2018-02-15,39.11,39.46,38.8101,39.16,1444822,0.0
2018-02-19,38.91,40.31,38.9,40.17,2127987,0.0
2018-02-20,40.18,40.34,39.255,39.27,1794388,0.0
2018-02-21,39.42,39.75,38.61,38.8,1969085,0.0
2018-02-22,39.04,39.76,39.04,39.76,1160251,0.0
2018-02-25,39.83,40.11,39.645,39.89,1301827,0.0
2018-02-26,40.01,40.1,39.39,39.41,1248152,0.0
2018-02-27,39.64,39.94,38.76,38.78,1835353,0.0
2018-02-28,38.84,39.02,37.91,38.23,2485308,0.0
2018-03-01,37.89,39.37,37.8,39.3,1859706,0.0
2018-03-04,38.96,39.8199,38.73,39.5,1523474,0.0
2018-03-05,39.51,39.57,38.86,38.99,1922812,0.0
2018-03-06,38.8,39.63,38.735,39.38,1417198,0.0
2018-03-07,39.38,39.81,39.06,39.3,2972128,0.0
2018-03-08,39.65,39.8,38.76,39.68,2066615,0.0
2018-03-11,39.79,40.05,39.61,39.7,1594130,0.0
2018-03-12,39.96,40.3,39.03,39.17,1750115,0.0
2018-03-13,39.25,39.54,38.67,38.84,1555149,0.0
2018-03-14,38.75,39.39,38.75,39.08,1612445,0.0
2018-03-15,39.21,39.33,38.41,38.6,2963705,0.0
2018-03-18,38.3,38.79,37.75,38.23,2478761,0.0
2018-03-19,38.29,38.5,37.74,37.97,2461143,0.0
2018-03-20,37.96,38.75,37.7,38.35,2555148,0.0
2018-03-21,37.86,38.28,37.38,37.39,1650881,0.0
2018-03-22,37.29,37.5,36.38,36.39,1774101,0.0
2018-03-25,36.97,38,36.56,37.45,2049844,0.0
2018-03-26,37.6,37.66,36.22,36.41,1560029,0.0
2018-03-27,36.51,36.84,36.02,36.14,1600392,0.0
2018-03-28,36.4,37.51,36.37,36.77,2197119,0.0
2018-04-01,36.69,37.05,35.49,35.86,1698272,0.0
2018-04-02,36.01,36.4689,35.67,36.31,2097782,0.0
2018-04-03,35.75,36.78,35.59,36.67,1733534,0.0
2018-04-04,37.41,37.52,36.8,36.98,1791226,0.0
2018-04-05,36.71,36.8,35.66,35.91,1125166,0.0
2018-04-08,36.16,37.13,36.03,36.26,1372334,0.0
2018-04-09,36.82,37.28,36.55,37.01,1803576,0.0
2018-04-10,36.69,37.08,36.25,36.7,1307697,0.0
2018-04-11,36.81,37.68,36.78,37.48,1563871,0.0
2018-04-12,37.68,37.78,37.16,37.3,843177,0.0
2018-04-15,37.58,37.59,37.23,37.54,1052843,0.0
2018-04-16,37.79,38.22,36.99,38.1,1522519,0.0
2018-04-17,38.09,38.33,37.52,38.18,1074107,0.0
2018-04-18,37.65,37.89,37.22,37.39,1943807,0.0
2018-04-19,37.02,37.62,36.77,37.03,2183695,0.0
2018-04-22,37.21,37.47,36.645,36.75,2736037,0.0
2018-04-23,40.11,41.49,39.62,40.1,7835694,0.0
2018-04-24,39.96,39.99,38.58,39.56,2965897,0.0
2018-04-25,39.85,40.48,39.31,39.89,2487114,0.0
2018-04-26,40.04,40.22,39.8,39.97,2400302,0.0
2018-04-29,40.11,40.36,39.96,40.06,2429864,0.0
2018-04-30,40.06,40.38,39.57,40.33,1941098,0.0
2018-05-01,39.89,40.35,39.75,39.97,1974911,0.0
2018-05-02,39.7,40.3199,39.58,40.24,1772175,0.0
2018-05-03,40.15,40.88,39.95,40.79,1671219,0.0
2018-05-06,40.84,41.27,40.84,41.06,1460872,0.0
2018-05-07,40.89,41.2,40.66,40.91,3167118,0.0
2018-05-08,41,41.89,40.96,41.76,1187466,0.0
2018-05-09,41.86,42.28,41.56,42.24,1644377,0.0
2018-05-10,42.27,42.47,42.06,42.26,1377887,0.0
2018-05-13,42.37,42.54,42,42.2,2914184,0.0
2018-05-14,41.83,41.96,40.92,41.09,2574845,0.0
2018-05-15,41.16,41.28,40.88,41.03,1737264,0.0
2018-05-16,40.97,41.75,40.9,41.525,1583388,0.0
2018-05-17,41.45,41.89,41.17,41.8,1591390,0.0
2018-05-20,41.99,42.13,41.77,42.015,1805480,0.0
2018-05-21,42.03,42.63,42.01,42.06,2606775,0.0
2018-05-22,41.72,42.34,41.54,42.33,1388963,0.0
2018-05-23,42.21,42.43,41.835,42.23,2193148,0.0
2018-05-24,42.15,42.29,41.96,42.24,1633221,0.0
2018-05-28,42.02,42.29,41.82,42.02,1228424,0.0
2018-05-29,42.2,42.55,42.02,42.17,1629124,0.0
2018-05-30,42.15,42.799,42.05,42.44,2254599,0.0
2018-05-31,42.71,43.26,42.67,43.22,1170797,0.0
2018-06-03,43.41,43.58,42.88,43.41,1050072,0.0
2018-06-04,43.21,43.75,43.19,43.68,1385020,0.0
2018-06-05,43.86,44.18,43.75,44.13,988440,0.0
2018-06-06,44.06,44.5,43.79,44.09,2355550,0.0
2018-06-07,44.04,44.15,43.66,44.06,1094409,0.0
2018-06-10,44.14,44.325,43.91,44.25,767058,0.0
2018-06-11,44.2,44.53,44.13,44.51,1048898,0.0
2018-06-12,44.4,44.795,44.37,44.57,1470463,0.0
2018-06-13,44.81,45.17,44.6,44.94,1140148,0.0
2018-06-14,44.91,45.14,44.46,45.01,1624047,0.0
2018-06-17,44.7,45.225,44.2025,45.17,760258,0.0
2018-06-18,44.69,44.97,44.4,44.91,974240,0.0
2018-06-19,44.87,45.38,44.87,45.21,1456823,0.0
2018-06-20,45.22,45.46,44.82,44.91,1166144,0.0
2018-06-21,44.92,45,43.86,43.87,1247138,0.0
2018-06-24,43.54,43.79,42.96,43.35,1337212,0.0
2018-06-25,43.35,43.79,43.27,43.53,1770744,0.0
2018-06-26,43.57,44.11,42.85,42.86,1885788,0.0
2018-06-27,42.72,43.175,42.4902,43.09,908894,0.0
2018-06-28,43.24,43.53,43.09,43.32,944512,0.0
2018-07-01,42.95,43.79,42.84,43.78,908380,0.0
2018-07-02,44.04,44.36,43.78,43.81,579616,0.0
2018-07-04,43.94,44.47,43.73,44.45,864934,0.0
2018-07-05,44.54,45.04,44.515,44.89,693295,0.0
2018-07-08,45.1,45.38,44.53,44.87,893975,0.0
2018-07-09,44.71,44.94,44.54,44.77,869706,0.0
2018-07-10,44.52,44.67,44.28,44.61,687509,0.0
2018-07-11,44.77,45.64,44.77,45.57,865849,0.0
2018-07-12,45.67,45.7265,45.2,45.29,701564,0.0
2018-07-15,45.31,45.37,44.97,45.07,588005,0.0
2018-07-16,44.83,45.755,44.81,45.67,813650,0.0
2018-07-17,45.52,45.715,45.25,45.52,514460,0.0
2018-07-18,45.27,45.52,44.88,45.24,535347,0.0
2018-07-19,44.92,45.595,44.92,45.14,840138,0.0
2018-07-22,44.98,45.21,44.8138,45.15,949744,0.0
2018-07-23,45.8,46.55,45.24,45.5,2343519,0.0
2018-07-24,45.6,46.82,45.56,46.8,1875560,0.0
2018-07-25,46.84,46.99,46.23,46.27,1371859,0.0
2018-07-26,46.25,46.45,44.83,45.24,1036073,0.0
2018-07-29,45.02,45.29,43.86,43.92,1252619,0.0
2018-07-30,44.2,44.48,43.83,44.09,1363434,0.0
2018-07-31,44.21,44.58,43.87,44,1378676,0.0
2018-08-01,43.68,44.74,43.565,44.7,1300942,0.0
2018-08-02,44.81,44.96,44.38,44.77,609123,0.0
2018-08-05,44.74,45.3,44.605,45.08,602621,0.0
2018-08-06,45.08,45.47,45.035,45.16,638226,0.0
2018-08-07,45.07,45.33,44.86,45.06,1050014,0.0
2018-08-08,45.19,45.58,44.97,45.32,776646,0.0
2018-08-09,45.12,45.52,45.04,45.21,495827,0.0
2018-08-12,45.31,45.68,45.09,45.37,1121144,0.0
2018-08-13,45.66,46.1,45.42,45.99,880949,0.0
2018-08-14,45.61,45.82,45.1,45.44,968854,0.0
2018-08-15,45.58,45.73,45.27,45.38,1017771,0.0
2018-08-16,45.22,45.38,44.691,45.17,678892,0.0
2018-08-19,45.2,45.36,44.83,45.075,774028,0.0
2018-08-20,45.12,45.64,45.105,45.39,1040782,0.0
2018-08-21,45.4,45.83,45.25,45.76,611007,0.0
2018-08-22,45.62,46.735,45.58,46.36,1275676,0.0
2018-08-23,46.62,46.94,46.54,46.82,636841,0.0
2018-08-26,46.98,47.17,46.7,46.84,797807,0.0
2018-08-27,47,47.18,46.67,46.91,529973,0.0
2018-08-28,47.04,47.385,46.98,47.26,973013,0.0
2018-08-29,47.08,47.31,46.98,47.06,1114210,0.0
2018-08-30,46.89,47.4,46.74,47.03,749087,0.0
2018-09-03,46.91,47.27,46.42,46.64,1589279,0.0
2018-09-04,46.61,46.72,45.7,46.54,1206143,0.0
2018-09-05,46.6,46.92,46.32,46.54,1485730,0.0
2018-09-06,46.41,46.7,46.22,46.44,1139194,0.0
2018-09-09,46.72,46.79,46.39,46.5,932658,0.0
2018-09-10,46.34,46.67,46.24,46.45,1694567,0.0
2018-09-11,46.34,46.44,45.79,45.87,1311196,0.0
2018-09-12,46.04,46.47,45.9,46.31,1020893,0.0
2018-09-13,46.11,46.66,46.11,46.25,855643,0.0
2018-09-16,46.16,46.41,45.335,45.37,1238057,0.0
2018-09-17,45.39,45.64,45.2,45.21,892085,0.0
2018-09-18,45.22,45.33,44.69,45.04,763792,0.0
2018-09-19,45.24,45.84,45.14,45.75,967597,0.0
2018-09-20,45.79,45.93,45.44,45.53,1369757,0.0
2018-09-23,45.39,45.69,45.01,45.57,955044,0.0
2018-09-24,45.72,45.93,45.375,45.42,829181,0.0
2018-09-25,45.525,45.55,44.9,44.95,744121,0.0
2018-09-26,45.08,45.12,44.7625,45.01,652128,0.0
2018-09-27,44.93,45.34,44.78,45.32,1098332,0.0
2018-09-30,45.52,45.69,44.92,45.06,1415914,0.0
2018-10-01,45.07,45.11,44.385,44.5,661107,0.0
2018-10-02,44.66,45.11,44.5,44.9,902988,0.0
2018-10-03,44.7,44.81,43.09,43.42,1328922,0.0
2018-10-04,43.47,43.7,42.56,42.9,852321,0.0
2018-10-07,42.75,42.85,40.96,41.4,1430239,0.0
2018-10-08,41.42,41.86,40.965,41.32,926163,0.0
2018-10-09,41.11,41.31,39.43,39.48,1990652,0.0
2018-10-10,39.43,40.29,39.08,39.13,2336604,0.0
2018-10-11,39.85,40.125,39.16,39.99,2554116,0.0
2018-10-14,39.82,39.99,39.28,39.38,918076,0.0
2018-10-15,39.86,40.44,39.61,40.33,1490816,0.0
2018-10-16,40.33,40.51,39.71,40.4,1016965,0.0
2018-10-17,40.22,40.31,39.87,40.04,2075512,0.0
2018-10-18,40.14,40.72,39.97,40.12,1979887,0.0
2018-10-21,40.29,40.82,40.14,40.62,2284885,0.0
2018-10-22,43.9,47.035,43,46.85,7724324,0.0
2018-10-23,46.47,46.8973,45.11,45.11,5849412,0.0
2018-10-24,45.57,46.98,45.49,46.53,2591825,0.0
2018-10-25,45.24,46.52,45.24,45.52,1817539,0.0
2018-10-28,46.33,46.53,43.49,44.31,2762155,0.0
2018-10-29,44.16,44.9,43.64,44.39,1816052,0.0
2018-10-30,44.99,45.34,44.4,44.55,1894138,0.0
2018-10-31,44.48,45.39,43.99,45.31,1534808,0.0
2018-11-01,45.29,45.71,44.75,45.15,1401427,0.0
2018-11-04,45.36,45.65,44.5,44.95,939763,0.0
2018-11-05,44.84,45.11,44.29,44.7,1215665,0.0
2018-11-06,45.18,46.22,45.16,46.14,1429023,0.0
2018-11-07,46.2,46.73,45.935,46.47,1049863,0.0
2018-11-08,46.25,46.41,45.85,46.25,962722,0.0
2018-11-11,45.99,45.99,44.69,44.82,1579496,0.0
2018-11-12,45.01,45.83,44.47,44.59,923011,0.0
2018-11-13,45.08,45.59,44.25,44.42,981737,0.0
2018-11-14,44.16,45.58,44.09,45.55,1386443,0.0
2018-11-15,45.4,46.04,45.12,45.77,1603730,0.0
2018-11-18,45.6,45.6,42.66,42.78,1768495,0.0
2018-11-19,42.37,43.29,41.8421,42.69,2009049,0.0
2018-11-20,43.29,43.81,42.57,43.06,1292297,0.0
2018-11-22,42.62,43.03,42.31,42.61,386790,0.0
2018-11-25,43.11,43.55,42.6,43.53,798844,0.0
2018-11-26,43.31,43.66,42.85,43.08,886272,0.0
2018-11-27,43.24,44.8,43.15,44.77,1422945,0.0
2018-11-28,44.52,44.62,43.85,44.13,892986,0.0
2018-11-29,44.26,45.14,44,45.03,1161728,0.0
2018-12-02,45.99,46.38,45.57,46.22,1736521,0.0
2018-12-03,46.11,46.32,44.58,44.74,1906982,0.0
2018-12-05,43.85,44.24,43.2246,44,2357116,0.0
2018-12-06,43.65,43.89,42.29,42.66,1503084,0.0
2018-12-09,42.67,43.605,42.44,43.39,1428198,0.0
2018-12-10,44.13,44.7,43.58,43.83,1252260,0.0
2018-12-11,44.73,45.05,44.34,44.4,913380,0.0
2018-12-12,44.5,44.7,43.86,44.11,670752,0.0
2018-12-13,43.65,44.01,42.51,43.22,917388,0.0
2018-12-16,43.14,43.2,42.07,42.31,1279135,0.0
2018-12-17,42.74,43.35,42.52,43.06,1597732,0.0
2018-12-18,42.94,43.53,41.44,42.1,1988141,0.0
2018-12-19,42,42.41,41.01,41.56,1727119,0.0
2018-12-20,41.71,42.39,40.63,40.71,2571339,0.0
2018-12-23,40.54,41.42,40.31,40.33,1161800,0.0
2018-12-25,40.69,42.61,40.44,42.56,1333174,0.0
2018-12-26,42.07,43.39,41.74,43.39,1184133,0.0
2018-12-27,43.54,43.95,42.65,43.33,877450,0.0
2018-12-30,43.6,43.79,43.15,43.26,792524,0.0
2019-01-01,42.65,43.48,42.5,43.15,917820,0.0
2019-01-02,42.69,42.93,41.43,41.59,1312314,0.0
2019-01-03,42.13,43.49,41.78,43.25,994550,0.0
2019-01-06,42.93,43.73,42.8,43.42,1143399,0.0
2019-01-07,44.16,44.24,43.28,43.665,987962,0.0
2019-01-08,43.67,44.17,43.42,43.82,913720,0.0
2019-01-09,43.64,44.36,43.29,44.33,588890,0.0
2019-01-10,44.03,44.58,43.8,44.39,843455,0.0
2019-01-13,44.15,44.55,43.915,44.46,843208,0.0
2019-01-14,44.67,45.33,44.44,45.255,1245318,0.0
2019-01-15,45.12,45.46,44.97,45.39,785949,0.0
2019-01-16,45.14,45.772,44.99,45.74,990121,0.0
2019-01-17,46.05,46.6,45.63,46.55,1726221,0.0
2019-01-21,46.22,46.6,45.41,45.64,891199,0.0
2019-01-22,45.57,46.23,45.17,45.415,906333,0.0
2019-01-23,45.48,46.13,45.24,45.935,906635,0.0
2019-01-24,46.48,46.74,46.22,46.565,734316,0.0
2019-01-27,45.96,46.43,45.76,46.43,734405,0.0
2019-01-28,46.45,46.58,45.97,46.32,785593,0.0
2019-01-29,46.53,47.59,46.2778,47.51,1433564,0.0
2019-01-30,47.5,48.17,47.48,48.05,1693050,0.0
2019-01-31,48.05,48.81,48,48.71,1156748,0.0
2019-02-03,49.03,51.006,48.75,49.66,1749858,0.0
2019-02-04,49.9,50.21,49.69,50.075,1066062,0.0
2019-02-05,50.09,50.58,49.76,50.48,1100209,0.0
2019-02-06,50.12,50.62,49.96,50.53,1099586,0.0
2019-02-07,50.2,50.85,49.97,50.84,1017674,0.0
2019-02-10,51,51.44,50.7,50.86,1275630,0.0
2019-02-11,51.31,52.18,50.98,52.135,1405648,0.0
2019-02-12,52.25,52.37,51.2,51.37,1514963,0.0
2019-02-13,51.32,51.9,51.01,51.7,1063655,0.0
2019-02-14,52.09,52.6,51.7,52.56,1873257,0.0
2019-02-18,52.34,52.77,52.14,52.6299,2517800,0.0
2019-02-19,57,57.25,54.91,55.07,3158123,0.0
2019-02-20,55,55.605,54.22,55.41,2285349,0.0
2019-02-21,55.56,56.72,55.46,56.58,2618489,0.0
2019-02-24,56.92,57.92,56.65,57.28,1910690,0.0
2019-02-25,57.29,57.46,56.88,57.36,1636555,0.0
2019-02-26,57.1,57.47,56.7,57.45,1738828,0.0
2019-02-27,57.49,58.075,57.15,57.26,1579397,0.0
2019-02-28,58.06,58.35,57.42,58.13,1495498,0.0
2019-03-03,58.88,58.88,57.55,58.53,2089783,0.0
2019-03-04,58.59,58.95,58.2801,58.87,1874167,0.0
2019-03-05,58.95,59.1692,58.43,58.51,1541620,0.0
2019-03-06,58.46,58.88,58.21,58.77,1794157,0.0
2019-03-07,58.13,59.17,57.76,59.16,1582755,0.0
2019-03-10,59.22,60,59.2006,59.95,1575365,0.0
2019-03-11,60,60.7,59.86,60.62,1535956,0.0
2019-03-12,60.87,61.43,60,60.66,1763917,0.0
2019-03-13,60.76,61.395,60.64,61.16,1340446,0.0
2019-03-14,61.53,62.17,60.87,61,1895176,0.0
2019-03-17,61.26,61.71,61.005,61.04,2525365,0.0
2019-03-18,61.19,61.5,60.75,61.24,1856741,0.0
2019-03-19,61.31,61.9,61.14,61.45,1477482,0.0
2019-03-20,61.57,63.185,61.57,63.08,1535850,0.0
2019-03-21,63.11,63.24,61.72,61.76,1400084,0.0
2019-03-24,61.76,62.255,61.2652,62.12,1616021,0.0
2019-03-25,62.76,62.9,62.03,62.3,1695545,0.0
2019-03-26,62.35,62.445,61.095,61.83,1428517,0.0
2019-03-27,62.03,62.75,61.67,62.64,1256378,0.0
2019-03-28,63.15,63.56,62.8,63.49,1249700,0.0
2019-03-31,65.08,65.24,63.6,64.8,1065754,0.0
2019-04-01,64.75,64.81,63.96,64.59,1886279,0.0
2019-04-02,65.06,65.45,64.56,65.17,2149830,0.0
2019-04-03,65.25,65.25,63.05,63.67,3026086,0.0
2019-04-04,64.13,64.3,63.51,64.2,1366924,0.0
2019-04-07,64.23,64.29,63.28,63.97,1474752,0.0
2019-04-08,63.64,64.59,63.63,64.31,1155260,0.0
2019-04-09,64.31,64.99,64.28,64.47,1342650,0.0
2019-04-10,64.59,64.72,64.08,64.57,798017,0.0
2019-04-11,64.8,65,64.4,64.97,1249799,0.0
2019-04-14,65,65.37,64.59,65.06,1123464,0.0
2019-04-15,65.48,65.64,64.25,64.7,1641533,0.0
2019-04-16,65,65.06,63.74,63.97,1633713,0.0
2019-04-17,64.33,64.33,62.52,63.37,2345177,0.0
2019-04-21,63.31,64.2725,63.25,64.19,1672018,0.0
2019-04-22,68.5,69.69,65.88,66.7,5271546,0.0
2019-04-23,66.79,68.33,66.69,67.67,2672642,0.0
2019-04-24,68.11,68.44,66.69,67.48,1783657,0.0
2019-04-25,67.5,68.25,66.84,68.22,1551712,0.0
2019-04-28,68.42,68.87,67.92,68.19,1385332,0.0
2019-04-29,68.18,69.44,68.16,69.38,1719957,0.0
2019-04-30,69.6,69.99,68.46,68.55,1469415,0.0
2019-05-01,68.54,69.5152,68.2,69.44,2103558,0.0
2019-05-02,69.59,70.49,69.51,70.28,1582043,0.0
2019-05-05,68.62,70.19,68.06,69.99,1353236,0.0
2019-05-06,69.11,69.46,67.94,68.63,1972407,0.0
2019-05-07,68.29,69.3,67.891,68.95,1382835,0.0
2019-05-08,68.07,69,67.2,68.71,1495769,0.0
2019-05-09,68.45,69.52,67.48,69.35,1456059,0.0
2019-05-12,67.4,68.22,66.67,66.9,1457550,0.0
2019-05-13,67.27,68.49,67.08,68.09,1256750,0.0
2019-05-14,67.55,69.18,67.32,68.74,1511096,0.0
2019-05-15,68.9,70.36,68.75,69.85,1651020,0.0
2019-05-16,69.53,69.93,68.56,68.64,1854802,0.0
2019-05-19,67.37,67.4,64.375,64.61,3155012,0.0
2019-05-20,65.4,65.775,65.17,65.35,2091166,0.0
2019-05-21,65.02,65.14,64.44,64.72,1957965,0.0
2019-05-22,64.21,64.3,63.31,63.72,2145965,0.0
2019-05-23,63.89,64.33,63.78,64,1947043,0.0
2019-05-27,64.16,65.13,63.46,63.91,1886221,0.0
2019-05-28,63.44,64.18,62.82,63.75,2134323,0.0
2019-05-29,64.01,64.79,63.82,64.31,1240331,0.0
2019-05-30,63.45,64.27,63.13,63.56,1821580,0.0
2019-06-02,63.31,63.8,61.32,61.67,2385857,0.0
2019-06-03,62.57,63.55,62.22,63.21,3571293,0.0
2019-06-04,64.07,64.84,63.86,64.5,2027109,0.0
2019-06-05,64.7,64.84,63.66,64.67,2080919,0.0
2019-06-06,64.87,65.94,64.85,65.56,1425606,0.0
2019-06-09,66.2,67.31,65.85,67.16,1756000,0.0
2019-06-10,67.83,68.33,67.38,68.19,1986868,0.0
2019-06-11,68.14,69.51,68,69.36,1781334,0.0
2019-06-12,69.98,70.08,67.89,68.11,3790290,0.0
2019-06-13,68,68,67.08,67.74,3108872,0.0
2019-06-16,67.9,68.4125,67.31,67.54,1779408,0.0
2019-06-17,68.33,69.37,68.07,69.21,1837912,0.0
2019-06-18,69.35,71.61,69.22,71.44,2510717,0.0
2019-06-19,72.52,73.09,72.2081,72.68,2039189,0.0
2019-06-20,72.5,72.87,71.16,71.36,1854551,0.0
2019-06-23,71.57,71.88,70.574,71.3,1243269,0.0
2019-06-24,71.04,71.66,69.36,69.43,1472081,0.0
2019-06-25,69.98,70.76,69.63,69.83,1093364,0.0
2019-06-26,69.99,70.48,69.95,70.14,865475,0.0
2019-06-27,70.8564,70.93,69.95,70.84,1282478,0.0
2019-06-30,72.56,73.53,72.38,73.35,1777647,0.0
2019-07-01,73.35,74.02,73.29,74.02,1562483,0.0
2019-07-02,74.25,75.02,74.0201,74.77,1354601,0.0
2019-07-04,74.2,74.43,72.883,74.41,989758,0.0
2019-07-07,74.08,74.46,73.735,74.38,960821,0.0
2019-07-08,73.85,74.57,73.54,74.48,1413129,0.0
2019-07-09,74.84,75.595,74.58,75.1,1202481,0.0
2019-07-10,75.55,75.56,74.75,75.2,1465758,0.0
2019-07-11,75.17,75.47,73.95,75.01,1475581,0.0
2019-07-14,75.53,75.53,74.72,75.205,1163741,0.0
2019-07-15,75.05,75.45,74.67,74.69,1781533,0.0
2019-07-16,74.75,75.41,74.29,74.36,1432974,0.0
2019-07-17,74,75.04,73.62,74.72,2358089,0.0
2019-07-18,74.8,74.922,72.87,72.92,1920182,0.0
2019-07-21,73.4,73.85,72.49,72.66,2915561,0.0
2019-07-22,71.99,74.43,71.1,74.28,3489214,0.0
2019-07-23,74.01,76,73.71,75.8,1945449,0.0
2019-07-24,75.69,77.08,75.38,76.05,2136572,0.0
2019-07-25,76.19,76.77,75.76,75.93,1111173,0.0
2019-07-28,76.01,76.44,74.54,76.33,1264932,0.0
2019-07-29,75.7,76.27,75.23,75.55,970224,0.0
2019-07-30,75.73,75.83,73.12,73.91,1417439,0.0
2019-07-31,73.91,75.34,72.6369,73.04,1828157,0.0
2019-08-01,72.32,72.99,70.66,71.28,1525695,0.0
2019-08-04,69.5,69.595,66.98,67.5,2271595,0.0
2019-08-05,68.15,69.4,68.05,69.14,1719496,0.0
2019-08-06,68.25,69.2,67.77,68.92,1886880,0.0
2019-08-07,69.51,71.67,69.5,71.39,1525711,0.0
2019-08-08,70.82,70.97,69.04,70.26,834800,0.0
2019-08-11,69.95,70.03,68.39,68.73,1248720,0.0
2019-08-12,68.6,71.13,68.41,71,1560101,0.0
2019-08-13,69.42,69.87,67.2903,67.73,1536062,0.0
2019-08-14,67.92,68.42,67.3,68.14,1408982,0.0
2019-08-15,69.05,69.49,68.5,69.31,1232735,0.0
2019-08-18,70.59,70.7,69.06,69.61,929409,0.0
2019-08-19,69.37,69.6595,68.5,68.79,1240894,0.0
2019-08-20,69.48,70.4,68.91,69.69,1344668,0.0
2019-08-21,70.18,71.11,69.1,69.81,1666632,0.0
2019-08-22,69.33,69.61,66.55,66.81,1727782,0.0
2019-08-25,67.77,68.04,67.27,67.79,2007669,0.0
2019-08-26,68.25,68.33,66.82,67.15,1405599,0.0
2019-08-27,66.43,67.29,66.032,66.84,1440748,0.0
2019-08-28,67.76,69.38,67.67,69.02,1670177,0.0
2019-08-29,69.51,69.5685,68.21,68.46,1293103,0.0
2019-09-02,67.82,68.506,67.51,68.14,1889376,0.0
2019-09-03,69.09,69.49,68.21,68.5,1090954,0.0
2019-09-04,69.44,70.9,68.85,70.61,1302421,0.0
2019-09-05,70.6,70.935,69.89,70.03,1324772,0.0
2019-09-08,70.45,70.45,67.79,68.42,1333346,0.0
2019-09-09,67.85,68.3,65.04,65.79,2052173,0.0
2019-09-10,65.83,66.38,65.25,65.46,1564771,0.0
2019-09-11,65.81,67.59,65.81,66.16,1491862,0.0
2019-09-12,66.51,67.04,65.37,65.54,1272467,0.0
2019-09-15,64.96,65.8,64.26,65.72,1468647,0.0
2019-09-16,66.04,67.47,65.58,67.37,1600394,0.0
2019-09-17,67.06,67.88,66.5,67.83,1583652,0.0
2019-09-18,67.56,68.24,66.86,66.94,1648957,0.0
2019-09-19,67.32,68.2,66.01,66.02,1944591,0.0
2019-09-22,65.49,66.51,65.2601,65.97,678252,0.0
2019-09-23,66.64,66.78,64.83,65.2,1450735,0.0
2019-09-24,65.19,66.43,64.21,66.13,1078181,0.0
2019-09-25,66.22,66.83,65.84,66.565,814172,0.0
2019-09-26,66.74,66.85,64.38,65.23,979913,0.0
2019-09-29,65.42,66.46,65.07,66.08,849659,0.0
2019-09-30,66.35,66.99,65.25,65.3,981642,0.0
2019-10-01,64.7,64.81,63.14,64.01,1498365,0.0
2019-10-02,64.02,65.22,63.22,65.105,887567,0.0
2019-10-03,65.41,65.93,64.93,65.92,2929862,0.0
2019-10-06,65.74,66.32,65.45,65.61,1601697,0.0
2019-10-07,64.68,65.09,63.2,63.64,2970708,0.0
2019-10-08,64.41,65.26,64.08,64.88,1550627,0.0
2019-10-09,64.68,65.7,64.6,65.55,1882792,0.0
2019-10-10,66.36,67,65.69,65.88,2549467,0.0
2019-10-13,66.29,66.87,66.01,66.51,1771294,0.0
2019-10-14,66.77,67.7,66.4792,67.65,2512170,0.0
2019-10-15,66.19,67.37,66.14,66.82,1873461,0.0
2019-10-16,67.27,67.77,65.91,66,2298771,0.0
2019-10-17,65.67,66.59,64.88,65.61,3570338,0.0
2019-10-20,66.1,66.87,65.8,66.67,1374594,0.0
2019-10-21,69.79,70.5,62.75,62.94,3571299,0.0
2019-10-22,62.42,64.37,62.41,63.46,1466713,0.0
2019-10-23,63.72,65.27,63.62,65.07,1232009,0.0
2019-10-24,64.81,65.38,64.46,65.11,675800,0.0
2019-10-27,65.18,66,65.18,65.89,793024,0.0
2019-10-28,65.97,66.565,65.8,65.96,890243,0.0
2019-10-29,66.16,66.99,65.52,66.94,1047198,0.0
2019-10-30,66.71,67,64.91,65.34,1191632,0.0
2019-10-31,65.69,66.42,65.22,65.47,2235951,0.0
2019-11-03,66.08,66.915,65.61,66.865,2108565,0.0
2019-11-04,67.14,67.63,66.55,67.21,1727822,0.0
2019-11-05,67.17,67.21,66.55,67.15,856431,0.0
2019-11-06,67.37,68.2,66.5,66.87,978144,0.0
2019-11-07,66.49,67.28,66.25,67.09,667715,0.0
2019-11-10,66.76,67.705,66.46,67.46,733672,0.0
2019-11-11,67.24,68.25,67.23,67.59,772109,0.0
2019-11-12,67.22,67.78,66.83,67.21,700848,0.0
2019-11-13,66.8,67.37,66.75,67.18,778236,0.0
2019-11-14,67.52,67.58,66.7,67.47,1136358,0.0
2019-11-17,67.61,67.74,66.97,67.21,885081,0.0
2019-11-18,67.5,68.6,67.3755,68.49,1177725,0.0
2019-11-19,68.28,68.945,67.5,67.71,1269085,0.0
2019-11-20,67.7,67.98,66.905,67.18,1111057,0.0
2019-11-21,67.51,67.82,66.58,67.195,1257949,0.0
2019-11-24,67.25,68.325,67.25,68.17,980558,0.0
2019-11-25,68.38,69.685,68.35,69.54,1272927,0.0
2019-11-26,69.68,70.96,69.5301,70.92,1135750,0.0
2019-11-28,70.64,70.96,70.0875,70.2886,720316,0.0
2019-12-01,70.1,70.205,67.3042,67.5,1609382,0.0
2019-12-02,66.5,66.62,64.75,65.23,2310299,0.0
2019-12-03,65.71,66.215,65.16,65.92,1313900,0.0
2019-12-04,65.72,66.345,65.48,65.82,1387881,0.0
2019-12-05,66.46,67.405,66.25,67.18,1100415,0.0
2019-12-08,66.81,67.29,66.005,66.02,1337252,0.0
2019-12-09,66.21,66.72,65.5,65.87,1193055,0.0
2019-12-10,66.22,66.42,65.64,65.89,1221418,0.0
2019-12-11,65.7,67.04,65.09,66.89,1179090,0.0
2019-12-12,66.84,68.08,66.59,67.92,1450610,0.0
2019-12-15,68.39,69.64,68.39,69.06,1911504,0.0
2019-12-16,69.37,69.89,68.6389,69.13,1986683,0.0
2019-12-17,69.52,70.43,69.21,69.96,1502884,0.0
2019-12-18,69.68,70.42,69.235,69.68,1288554,0.0
2019-12-19,70.09,70.71,69.34,70.055,1967361,0.0
2019-12-22,70.23,70.62,69.4232,70.15,875223,0.0
2019-12-23,70.15,70.4111,69.14,69.62,394356,0.0
2019-12-25,69.65,70.42,69.65,70.05,507780,0.0
2019-12-26,70.39,70.44,69.3876,70.28,682717,0.0
2019-12-29,69.99,70.22,69.055,70,650300,0.0
2019-12-30,69.81,70.48,69.25,69.36,855175,0.0
2020-01-01,70.18,71.44,69.59,71.42,1185737,0.0
2020-01-02,70.54,70.99,70.055,70.42,1123682,0.0
2020-01-05,69.98,70.9706,69.65,70.85,896669,0.0
2020-01-06,70.46,71.28,69.94,71.07,1026972,0.0
2020-01-07,71.28,72.76,70.96,72.27,1499396,0.0
2020-01-08,72.82,73.69,72.56,73.35,1251134,0.0
2020-01-09,73.4,73.58,72.665,73.01,838705,0.0
2020-01-12,73.53,73.95,72.95,73.39,1017445,0.0
2020-01-13,73.4,73.47,72.41,72.61,814386,0.0
2020-01-14,72.65,73.1,71.66,71.94,1115357,0.0
2020-01-15,72.33,73.07,72.03,73.06,988312,0.0
2020-01-16,73.38,73.835,72.65,73.73,1341028,0.0
2020-01-20,73.41,74.87,73.23,74.59,2428014,0.0
2020-01-21,75,75.36,74.51,74.79,1949867,0.0
2020-01-22,74.92,75.55,74.2,75.43,1464436,0.0
2020-01-23,75.94,76.31,74.07,74.59,1597965,0.0
2020-01-26,72.49,73.28,71.76,72.62,970499,0.0
2020-01-27,73.09,74.51,72.88,74.18,973348,0.0
2020-01-28,74.5,74.645,73.045,73.14,933096,0.0
2020-01-29,72.46,73.21,72.1,73.15,880030,0.0
2020-01-30,72.86,73.05,71.36,72.1,1895385,0.0
2020-02-02,72.49,73.24,72.46,72.83,1074940,0.0
2020-02-03,73.96,74.78,73.68,74.43,1126013,0.0
2020-02-04,75.39,75.39,73.845,74.33,1354585,0.0
2020-02-05,74.91,75.36,74.38,74.55,780842,0.0
2020-02-06,74.02,74.4,73.51,73.56,914380,0.0
2020-02-09,73.35,74.66,72.98,74.66,1131996,0.0
2020-02-10,75.04,75.88,74.68,75.75,1233704,0.0
2020-02-11,76,77.22,75.83,77.1,1538767,0.0
2020-02-12,77,79.59,75.27,79.25,2893178,0.0
2020-02-13,79.56,79.685,78.3616,78.76,1157268,0.0
2020-02-17,78.18,79,78.05,78.59,1316649,0.0
2020-02-18,79,80.4,78.88,80.02,1887380,0.0
2020-02-19,79.46,79.47,76.045,76.98,1730350,0.0
2020-02-20,75.96,76.58,74.18,74.74,1381666,0.0
2020-02-23,71.95,73.27,70.87,71.39,1662623,0.0
2020-02-24,71.9,72.27,68.18,68.47,2266023,0.0
2020-02-25,69.1,70.055,68.18,68.9,1924225,0.0
2020-02-26,66.75,68.56,65.655,65.86,2237539,0.0
2020-02-27,63.51,66.31,63.24,66.16,3692946,0.0
2020-03-01,66.66,68.38,65.01,68.37,2318721,0.0
2020-03-02,67.87,68.81,65.47,66.23,2781195,0.0
2020-03-03,67.64,70.39,67.2,70.27,1993451,0.0
2020-03-04,67.79,69.62,66.825,67.86,1649356,0.0
2020-03-05,64.7,65.82,62.98,64.73,2670101,0.0
2020-03-08,61.68,64.17,58.05,59.74,5044188,0.0
2020-03-09,61.28,62.92,59.855,62.91,2469278,0.0
2020-03-10,61.3,62.71,60.38,62.23,2533369,0.0
2020-03-11,58.06,62.64,56.82,56.94,3170328,0.0
2020-03-12,59.28,62.47,55.5,62.46,3101223,0.0
2020-03-15,55.76,57.98,54.1,54.61,2698916,0.0
2020-03-16,55.88,59.105,53.39,58.81,4684356,0.0
2020-03-17,55,55.715,51.39,54.48,2647493,0.0
2020-03-18,53.74,57.61,52.1501,55.8,2181281,0.0
2020-03-19,56.9,58.56,54.57,55.18,2716678,0.0
2020-03-22,55,57.88,53.16,55.88,2424513,0.0
2020-03-23,58.93,63.95,58.21,63.34,3248772,0.0
2020-03-24,63.06,64.5997,60.93,61.38,3285442,0.0
2020-03-25,61.91,67.12,61.39,66.81,2418753,0.0
2020-03-26,64.46,65.55,61.73,62.29,1826231,0.0
2020-03-29,62.68,67.38,62.38,66.83,2137075,0.0
2020-03-30,66.11,67.47,65.34,66.04,2600939,0.0
2020-03-31,63.43,66.51,62.9188,65.26,2410290,0.0
2020-04-01,64.24,67.07,63.9215,65.92,5081586,0.0
2020-04-02,65.05,66.72,63.74,63.93,1881827,0.0
2020-04-05,67.52,69.77,65.92,69.42,1838809,0.0
2020-04-06,71,71.62,68.815,68.94,1911672,0.0
2020-04-07,69.84,72.26,69.46,71.84,1598316,0.0
2020-04-08,71.91,72.73,71.0681,71.64,1690833,0.0
2020-04-12,70.97,71.75,70.4,71.53,2389717,0.0
2020-04-13,73,76.5,72.26,76.33,4412296,0.0
2020-04-14,74.91,76.17,74.27,75.71,3685070,0.0
2020-04-15,76.01,79.17,76.01,78.59,6490677,0.0
2020-04-16,79.57,80.46,78.33,78.61,14542538,0.0
2020-04-19,77.73,78.67,76.77,77.84,6154707,0.0
2020-04-20,76.43,76.89,73.35,74.67,7915837,0.0
2020-04-21,79.18,80.49,77.51,79.9,9484140,0.0
2020-04-22,79.37,81.43,79.3,79.84,4139665,0.0
2020-04-23,80.85,81.319,79.11,80.52,4144749,0.0
2020-04-26,81,81.97,80.545,81.29,2593495,0.0
2020-04-27,82,82.46,78.34,78.47,1956408,0.0
2020-04-28,78.53,82.78,78.53,81.99,4464730,0.0
2020-04-29,81.76,82.61,80.88,81.12,2122459,0.0
2020-04-30,79.59,80,75.51,75.91,5115348,0.0
2020-05-03,75.93,77.73,75.27,77.64,1592298,0.0
2020-05-04,78.12,80.3,78.12,79.67,3647940,0.0
2020-05-05,80.14,81.96,80.01,81,1713323,0.0
2020-05-06,82.23,82.78,80.98,81.36,2458048,0.0
2020-05-07,82.36,82.7,81.18,82.46,961219,0.0
2020-05-10,81.7,83.575,81.5,82.94,1647903,0.0
2020-05-11,83.57,83.57,81.05,81.07,2762678,0.0
2020-05-12,81.37,82.98,79.83,80.97,2342914,0.0
2020-05-13,80.5146,81.9,79.68,81.86,1810057,0.0
2020-05-14,79.19,82.32,79.05,82.08,2126706,0.0
2020-05-17,82.1478,84.06,81.3357,83.36,4333602,0.0
2020-05-18,83.76,87,83.51,85.45,1965129,0.0
2020-05-19,86.92,88.55,86.86,88.07,3827746,0.0
2020-05-20,88.25,88.46,86,86.13,2416552,0.0
2020-05-21,86.1,86.65,85.22,86.04,2580496,0.0
2020-05-25,87.78,87.8068,84.88,85.05,1255575,0.0
2020-05-26,84.5,85.24,81.95,85.21,1556302,0.0
2020-05-27,84.81,89.65,84.77,88.08,2099226,0.0
2020-05-28,88.23,91.58,87.92,91.44,3650790,0.0
2020-05-31,90.8,92.86,89.82,91.67,3630638,0.0
2020-06-01,91.5,92.39,90.5458,92.39,3033736,0.0
2020-06-02,92.9,93.3,91.83,92.95,2646046,0.0
2020-06-03,92.23,93.01,90.85,91.26,2521800,0.0
2020-06-04,91.18,92.46,89.5002,91.415,1956030,0.0
2020-06-07,91,92.39,89.04,92.145,1741432,0.0
2020-06-08,91.8,93.52,91.71,92.579,3504268,0.0
2020-06-09,93.33,94.1825,92.5,93.207,2361726,0.0
2020-06-10,92.8,93.09,88.39,88.4,1711201,0.0
2020-06-11,90.06,91.45,90.01,90.37,757198,0.0
2020-06-14,88.59,90.88,87.75,90.88,2701480,0.0
2020-06-15,92.38,93.28,91.14,92.06,1365738,0.0
2020-06-16,92.94,93.885,92.6,93.07,1885898,0.0
2020-06-17,93.09,93.848,92.42,93.73,1056282,0.0
2020-06-18,94.98,95.21,91.66,91.91,3634456,0.0
2020-06-21,92.4,94.54,91.86,94.46,1118371,0.0
2020-06-22,95.05,95.285,94.29,94.54,1826183,0.0
2020-06-23,94.32,95.12,91.8,92,1399813,0.0
2020-06-24,92.66,92.74,90.05,92.65,2942101,0.0
2020-06-25,93,94.57,91.76,93.93,2048474,0.0
2020-06-28,93.3,94.12,91.43,94.1,1407876,0.0
2020-06-29,94.45,96.56,94.07,95.95,1408233,0.0
2020-06-30,95.7,97.68,95.23,97.07,2062777,0.0
2020-07-01,97.38,98.81,96.93,97.78,1810227,0.0
2020-07-05,99.53,100.8,98.51,98.73,1447869,0.0
2020-07-06,98.66,100.955,98.47,98.77,1145931,0.0
2020-07-07,99.7,100.13,98.68,99.64,772852,0.0
2020-07-08,100.77,101.63,99.08,101.53,1059437,0.0
2020-07-09,101.39,101.79,99.45,100.99,1370202,0.0
2020-07-12,101.63,102.08,98.055,98.22,1923003,0.0
2020-07-13,97.16,99.22,95.2381,99.04,1709478,0.0
2020-07-14,99.704,100,97.92,99.11,1432436,0.0
2020-07-15,98.65,99.099,97.27,98.67,874599,0.0
2020-07-16,98.68,100.68,98.25,100.23,1830467,0.0
2020-07-19,100.67,104.34,99.91,103.81,1911231,0.0
2020-07-20,106.54,106.54,102.64,103.6,1886785,0.0
2020-07-21,104.28,105.14,102.8,103.66,1144756,0.0
2020-07-22,103.42,105.89,102.47,102.97,985884,0.0
2020-07-23,101.99,103.36,100.63,102.59,1843467,0.0
2020-07-26,103.62,105.41,103.32,105.26,1252971,0.0
2020-07-27,105.44,105.985,103.885,104.08,937662,0.0
2020-07-28,104.43,107,104.43,105.96,2039240,0.0
2020-07-29,104.78,108.04,104.45,107.65,1270855,0.0
2020-07-30,108.29,109.26,106.08,109.24,1338536,0.0
2020-08-02,109.75,112.32,109.7,111.798,1154220,0.0
2020-08-03,111.53,112,108.45,109.09,1793530,0.0
2020-08-04,109.81,110.93,109.17,109.65,990184,0.0
2020-08-05,109.26,110.695,108.655,110.53,848767,0.0
2020-08-06,110.41,110.8,107.38,108.52,1153467,0.0
2020-08-09,106.645,108.07,105.6401,107.19,1578821,0.0
2020-08-10,106.55,107,104.68,105.189,1283029,0.0
2020-08-11,105.37,108.14,104.8,107.29,1008219,0.0
2020-08-12,107.63,109.695,107.27,108.65,843411,0.0
2020-08-13,108.92,109.65,107.53,107.98,591858,0.0
2020-08-16,108.43,109.905,108.11,109.54,828003,0.0
2020-08-17,109.57,110.46,108.42,109.14,861103,0.0
2020-08-18,109.23,109.585,107.4,108.54,896314,0.0
2020-08-19,108,111.63,107.97,111.27,957195,0.0
2020-08-20,110.735,111.2,109.31,110.58,1110229,0.0
2020-08-23,112,113.04,110.59,111.28,788826,0.0
2020-08-24,111.37,111.9837,110.723,111.25,971634,0.0
2020-08-25,111.82,113.97,111.56,112.66,1060645,0.0
2020-08-26,113.26,113.47,109.08,109.37,1833341,0.0
2020-08-27,110.5,111.36,109.87,110.86,853782,0.0
2020-08-30,110.51,112,110.215,110.89,1078127,0.0
2020-08-31,111.1788,114.03,110.89,113.98,1286854,0.0
2020-09-01,114.47,117.59,113.59,117.08,1570398,0.0
2020-09-02,114.82,115.3,107.105,108.08,2229891,0.0
2020-09-03,108.16,108.53,102,105.88,1985636,0.0
2020-09-07,100,103.71,98.1572,100.45,1813268,0.0
2020-09-08,102.39,105.11,101.2,104.34,1194220,0.0
2020-09-09,105.33,105.76,101.54,102.23,886062,0.0
2020-09-10,102.91,103.81,100.27,101.54,954198,0.0
2020-09-13,102.88,104.035,102.035,103.25,1106597,0.0
2020-09-14,104.45,105.88,104.44,105.23,924518,0.0
2020-09-15,105.77,106.21,102.44,102.58,833498,0.0
2020-09-16,99.62,101.49,99,101.15,1789368,0.0
2020-09-17,101.86,101.96,98.64,99.77,1999673,0.0
2020-09-20,98.75,102.13,97.45,102.1,1714467,0.0
2020-09-21,103.39,103.39,100.52,102.83,1041231,0.0
2020-09-22,102.31,102.83,99.23,99.72,805445,0.0
2020-09-23,98.74,103.1,98.47,102.13,1268984,0.0
2020-09-24,102,104.13,100.88,103.71,1699184,0.0
2020-09-27,105.05,105.27,103.83,105.25,1117728,0.0
2020-09-28,105.82,106.94,105.65,105.75,959231,0.0
2020-09-29,105.35,107.9501,105.3,106.57,988299,0.0
2020-09-30,107.85,109.31,107.59,108.63,1406237,0.0
2020-10-01,106.45,107.47,104.48,105.29,912095,0.0
2020-10-04,106.11,107.65,106.04,107.45,642766,0.0
2020-10-05,107,108,105.19,105.52,701605,0.0
2020-10-06,106.53,108.99,105.79,108.43,768405,0.0
2020-10-07,109.41,109.55,107.9359,109.33,442172,0.0
2020-10-08,110.29,112.3,109.85,111.9,686062,0.0
2020-10-11,114.26,116.38,113.0568,115.55,1084512,0.0
2020-10-12,116.46,117.87,115.29,116.78,891484,0.0
2020-10-13,117,118.195,115.81,117.03,1152025,0.0
2020-10-14,115,116.55,114,115.96,1146593,0.0
2020-10-15,116.87,117.5,114.56,115.68,930461,0.0
2020-10-18,115.51,117.095,112.91,113.605,958531,0.0
2020-10-19,115.35,116,112,112.59,1696597,0.0
2020-10-20,112.8,113.96,111.21,111.22,1003016,0.0
2020-10-21,111.67,112.0599,108.75,109.27,1067143,0.0
2020-10-22,109.88,112.1,109.06,112.09,812646,0.0
2020-10-25,110.31,112.22,108.11,109.88,672161,0.0
2020-10-26,110.96,112.14,109.68,109.86,654447,0.0
2020-10-27,108.05,109.39,105.93,107.64,1567606,0.0
2020-10-28,107.64,111.51,107.58,110.22,994823,0.0
2020-10-29,108.65,110.74,108.1333,109.49,1572143,0.0
2020-11-01,109.95,112.32,109.535,110.47,1293073,0.0
2020-11-02,111.55,114.16,111.09,113.59,1169874,0.0
2020-11-03,117.67,121.4,115.8,121,1801775,0.0
2020-11-04,123.79,124.68,122.3559,124.08,1639090,0.0
2020-11-05,125.0371,126.27,122.25,125.49,1137834,0.0
2020-11-08,126.46,127.5,118.44,118.47,1724115,0.0
2020-11-09,115.94,116.38,111.4,112.4,1632042,0.0
2020-11-10,114.63,117.8213,114.63,116.68,1134030,0.0
2020-11-11,117.14,118.14,114.04,114.51,1119610,0.0
2020-11-12,115.62,116.53,114.74,115.935,577266,0.0
2020-11-15,115,116.37,113.95,114.85,990596,0.0
2020-11-16,115,115.16,113.27,113.5,1040994,0.0
2020-11-17,113.25,113.44,110.84,111.03,1244116,0.0
2020-11-18,111.67,113.12,110.44,112.56,1770589,0.0
2020-11-19,113.05,114.88,112.585,112.8,1243237,0.0
2020-11-22,113.5,113.98,109.65,111.25,825412,0.0
2020-11-23,111.3,111.535,109.2,110.69,1356794,0.0
2020-11-24,112.07,113.27,111.41,113.02,985064,0.0
2020-11-26,113.67,116.89,113.67,116.58,826438,0.0
2020-11-29,117.22,117.34,114.66,116.31,1427809,0.0
2020-11-30,116.88,117.07,114.59,115.65,1640529,0.0
2020-12-01,114.95,116.79,113.84,116.38,1019730,0.0
2020-12-02,115.72,118.575,115.3,116.69,1111661,0.0
2020-12-03,116.7,119.21,116.61,118.33,985664,0.0
2020-12-06,118.89,120.16,118.515,119.02,830499,0.0
2020-12-07,119.33,119.41,117.3,118.41,832676,0.0
2020-12-08,121.78,121.78,114.825,115.48,1071716,0.0
2020-12-09,114.69,117.95,113.8001,117.42,709493,0.0
2020-12-10,117.23,118.83,116.6624,118.43,771774,0.0
2020-12-13,118.41,122.02,118.41,121.35,1137812,0.0
2020-12-14,122.1,124.22,122.08,122.82,1568252,0.0
2020-12-15,123.86,125.97,123.7932,125.44,1303402,0.0
2020-12-16,126.31,127.37,125.14,127.3,1169137,0.0
2020-12-17,127.38,132.26,126.58,132.08,2066646,0.0
2020-12-20,130.9,131.9,128.1,131.73,1109252,0.0
2020-12-21,132.21,134.91,131.43,134.36,1108874,0.0
2020-12-22,134.86,135.99,132.7201,133.07,948382,0.0
2020-12-23,133.49,134.6199,132.63,133.93,303326,0.0
2020-12-27,135.85,136,133.53,134.78,660049,0.0
2020-12-28,135.13,135.75,133.29,133.97,751660,0.0
2020-12-29,134.71,136.06,134.07,135.25,785123,0.0
2020-12-30,135.42,136.835,135.3,136.32,443593,0.0
2021-01-03,136.89,138.31,133.51,135.76,2089249,0.0
2021-01-04,136.74,137.33,135,136.14,1267223,0.0
2021-01-05,132.34,133.41,129.9107,130.6173,1863518,0.0
2021-01-06,132.14,137.49,131.74,137.05,1303368,0.0
2021-01-07,136.945,138.545,134.1,136.26,1720070,0.0
2021-01-10,133.89,136.31,132.831,134.66,1596991,0.0
2021-01-11,135.05,135.05,132.63,133.72,1159153,0.0
2021-01-12,134.06,135.17,132.155,134.13,911095,0.0
2021-01-13,134.38,136.02,133.82,135.43,1280625,0.0
2021-01-14,134.41,136.15,132.93,134.63,808091,0.0
2021-01-18,135.83,137.98,134.85,137.6,716545,0.0
2021-01-19,138.29,142.11,138.29,140.17,1058500,0.0
2021-01-20,140.95,141.25,138.2,138.62,951461,0.0
2021-01-21,139.08,140.4,137.04,137.41,1081870,0.0
2021-01-24,138.81,139.4,134.31,135.875,889003,0.0
2021-01-25,135.77,135.97,133.53,133.86,736852,0.0
2021-01-26,132,133.96,127.5566,128.3,1678379,0.0
2021-01-27,129.79,135.07,129.55,132.86,1218787,0.0
2021-01-28,132.51,133.15,130.12,130.37,1082152,0.0
2021-01-31,131.98,134.98,130.975,134.41,1190289,0.0
2021-02-01,135.33,136.46,134.815,135.665,1027701,0.0
2021-02-02,136,136.32,134.07,134.87,1322587,0.0
2021-02-03,135.22,137.25,134.87,137.13,1166836,0.0
2021-02-04,137.57,138.945,135.52,135.8,1404642,0.0
2021-02-07,137.17,138.43,136.66,137.58,871369,0.0
2021-02-08,137.56,139.87,137.02,139.5,703593,0.0
2021-02-09,140.2,140.9685,137.52,137.86,956247,0.0
2021-02-10,139.53,144.06,138.81,143.94,999787,0.0
2021-02-11,143.52,145.92,142.6302,145.63,990553,0.0
2021-02-15,148.37,149.08,145.66,145.99,1096292,0.0
2021-02-16,145.12,145.33,140.08,141.77,850055,0.0
2021-02-17,140.2,140.91,137.6671,139.53,1307396,0.0
2021-02-18,141.22,142.33,139.6,139.66,1226985,0.0
2021-02-21,138.92,138.93,132.92,133.32,1649292,0.0
2021-02-22,135.54,135.89,128.49,132.65,2825972,0.0
2021-02-23,131.6,140.2,129.81,139.41,2779206,0.0
2021-02-24,138.43,142.64,137.275,138.01,2749771,0.0
2021-02-25,139.06,143.32,137.735,141.11,1945131,0.0
2021-02-28,143.23,147.6,142.13,147.45,1592175,0.0
2021-03-01,147.66,147.98,141.08,142.15,2007001,0.0
2021-03-02,141.17,141.7,133.69,133.72,2076806,0.0
2021-03-03,133.96,134.81,127.27,128.81,2483552,0.0
2021-03-04,130.81,130.81,122.62,126.65,3454440,0.0
2021-03-07,125.0651,125.86,119.65,119.75,3189090,0.0
2021-03-08,123.7,128.68,123.27,127.3,2059099,0.0
2021-03-09,128.97,130.545,126.69,126.87,1518516,0.0
2021-03-10,129.135,132.18,129.135,130.13,2229710,0.0
2021-03-11,127.05,127.15,124.61,125.74,1538179,0.0
2021-03-14,125.62,129.46,124.44,129.43,1011623,0.0
2021-03-15,130.31,132.61,129.092,129.39,944128,0.0
2021-03-16,127.81,130.09,125.27,128.48,1148910,0.0
2021-03-17,125.46,126.94,123.42,124.02,1392672,0.0
2021-03-18,124.55,126.52,122.75,125.48,1542564,0.0
2021-03-21,126.3,129.9,126.3,127.96,907109,0.0
2021-03-22,128.3,129.83,127.85,128.25,1100467,0.0
2021-03-23,128.98,129.29,126.08,126.905,1116794,0.0
2021-03-24,126.65,127.15,123.76,125.67,1305896,0.0
2021-03-25,126.08,132.74,126.06,132.62,1893760,0.0
2021-03-28,132.15,133.9,130.3,132.75,1593152,0.0
2021-03-29,131.65,132.43,128.37,130.89,985455,0.0
2021-03-30,132.39,138.09,132.19,136.99,1916946,0.0
2021-03-31,138.46,142.78,138.41,141.43,1394460,0.0
2021-04-04,142,146.06,141.64,145.92,1303791,0.0
2021-04-05,144.23,145.47,142.4,143.45,1204110,0.0
2021-04-06,142.43,143.53,141.55,142.56,679048,0.0
2021-04-07,144.45,145.81,143.68,145.44,930563,0.0
2021-04-08,144.98,146,144.12,145.36,1050932,0.0
2021-04-11,144.54,144.99,143.28,144.79,725276,0.0
2021-04-12,145.71,147.705,144.91,146.15,802606,0.0
2021-04-13,146.1,147.25,143.99,144.61,946529,0.0
2021-04-14,146.1,148.27,146.1,147.57,845303,0.0
2021-04-15,147.81,147.94,145.08,147.27,819816,0.0
2021-04-18,145.58,147.01,140.43,141.83,1521936,0.0
2021-04-19,140.59,142.17,140.07,140.985,1229132,0.0
2021-04-20,141.39,141.92,139.82,141.42,1400278,0.0
2021-04-21,142.37,142.87,138.951,140.06,1693628,0.0
2021-04-22,141.59,143.13,140.91,142.13,1683397,0.0
2021-04-25,141.17,144.41,140.4,144.24,1593574,0.0
2021-04-26,135.53,136.9103,130.45,132.76,5595052,0.0
2021-04-27,132.18,133.66,130.27,133.34,2456115,0.0
2021-04-28,133.41,134.485,132.38,133.46,1223072,0.0
2021-04-29,131.26,133.94,131.03,131.86,1083599,0.0
2021-05-02,132.32,133.18,129.51,129.57,923517,0.0
2021-05-03,127.9,128.46,124.64,126.3,1651296,0.0
2021-05-04,127.19,128.76,126.32,126.88,1355863,0.0
2021-05-05,125.99,127,124.44,126.93,1385721,0.0
2021-05-06,129.34,131.48,128.44,129.14,1352614,0.0
2021-05-09,128.21,129.04,124.07,124.14,1336445,0.0
2021-05-10,121.24,126.61,120.56,125.83,1466749,0.0
2021-05-11,122.88,124.4,121.33,121.79,1314259,0.0
2021-05-12,123.3,124.34,120.57,122.06,1287184,0.0
2021-05-13,123.53,124.89,122.055,124.26,1052019,0.0
2021-05-16,123.19,123.22,120.08,121.84,1058318,0.0
2021-05-17,122.21,123.5,121.11,121.19,1450880,0.0
2021-05-18,119.02,122.44,118.11,122.35,1378063,0.0
2021-05-19,123.44,126.04,123.1,125.31,1140872,0.0
2021-05-20,126.03,126.46,123.06,123.47,1243933,0.0
