Date,Open,High,Low,Close,Volume,OpenInterest
2017-05-30,59.59,60.25,59.37,60.18,684205,0.0
2017-05-31,60.27,61.44,60.22,61.13,622960,0.0
2017-06-01,60.93,61.6,60.83,61.22,600502,0.0
2017-06-04,61.22,61.54,60.2212,61.24,581536,0.0
2017-06-05,61.02,61.58,60.96,61.39,442430,0.0
2017-06-06,61.67,62.38,61.535,62.02,729059,0.0
2017-06-07,62.18,62.91,61.495,62.65,832792,0.0
2017-06-08,62.87,63.2,60.6,60.79,775841,0.0
2017-06-11,60.21,61.215,59.55,60.98,832743,0.0
2017-06-12,61.07,61.77,60.98,61.56,463161,0.0
2017-06-13,61.33,61.92,61.03,61.66,537299,0.0
2017-06-14,61.22,62.08,60.85,62.06,711954,0.0
2017-06-15,62.05,62.14,61.6508,61.94,543912,0.0
2017-06-18,62.34,62.61,61.68,62.53,651407,0.0
2017-06-19,62.35,63.17,62.18,62.89,623716,0.0
2017-06-20,63.04,63.14,62.61,62.74,341928,0.0
2017-06-21,62.84,63.215,62.3801,63.19,468500,0.0
2017-06-22,63.2,65.47,63,65.22,1139318,0.0
2017-06-25,65.91,66.3298,64.4,64.66,655928,0.0
2017-06-26,63.96,64.71,62.88,62.92,736082,0.0
2017-06-27,63.14,63.68,62.69,63.43,644616,0.0
2017-06-28,63.38,63.38,62.26,62.87,466034,0.0
2017-06-29,63.13,63.39,62.5,62.51,652591,0.0
2017-07-02,62.55,63.6,62.55,62.76,232610,0.0
2017-07-04,62.83,63.42,62.6575,63.01,503050,0.0
2017-07-05,62.42,62.6,61.135,61.22,874570,0.0
2017-07-06,61.38,62.4999,61.28,62.36,805974,0.0
2017-07-09,62.3,62.85,62.285,62.64,527304,0.0
2017-07-10,62.4,63.43,62.4,63.23,542329,0.0
2017-07-11,63.51,64,63.2,63.45,392195,0.0
2017-07-12,63.54,63.99,63.17,63.35,513576,0.0
2017-07-13,63.34,63.77,62.75,63.56,586398,0.0
2017-07-16,63.5,63.85,63.18,63.69,376112,0.0
2017-07-17,63.54,63.84,63.1201,63.6,396113,0.0
2017-07-18,63.56,64.52,63.56,64.06,450352,0.0
2017-07-19,63.88,64.2999,63.41,63.66,469932,0.0
2017-07-20,63.62,63.66,62.945,63.52,386398,0.0
2017-07-23,63,63.87,62.96,63.45,337606,0.0
2017-07-24,63.5,64.04,63.03,63.81,442860,0.0
2017-07-25,63.99,63.99,63.45,63.93,213883,0.0
2017-07-26,64.09,64.23,62.89,63.38,263832,0.0
2017-07-27,63.23,63.46,62.86,63.4,264240,0.0
2017-07-30,63.49,63.85,63.4,63.41,354752,0.0
2017-07-31,63.81,63.99,63.37,63.96,591524,0.0
2017-08-01,64.19,64.27,63.41,63.83,560069,0.0
2017-08-02,64.52,65.39,63.937,64.35,763315,0.0
2017-08-03,64.04,64.355,63.29,63.3,395063,0.0
2017-08-06,63.12,63.88,62.91,63.83,418482,0.0
2017-08-07,63.64,64.2271,63.6,63.82,346737,0.0
2017-08-08,63.53,63.62,62.52,62.93,382511,0.0
2017-08-09,62.58,62.69,60.71,60.78,390399,0.0
2017-08-10,61,61.23,60.73,61.07,384918,0.0
2017-08-13,61.62,62.381,61.15,62.19,283936,0.0
2017-08-14,61.92,62.22,61.64,61.68,357335,0.0
2017-08-15,61.75,62.24,61.7001,61.87,205066,0.0
2017-08-16,61.6,61.97,61.38,61.44,584741,0.0
2017-08-17,61.34,61.59,60.38,60.39,453742,0.0
2017-08-20,60.36,60.59,59.26,59.71,387810,0.0
2017-08-21,60.07,60.79,59.82,60.26,432061,0.0
2017-08-22,60.06,61.29,60.06,61.06,338930,0.0
2017-08-23,61.1,61.53,60.99,61.44,348776,0.0
2017-08-24,61.54,62.57,61.53,61.77,568798,0.0
2017-08-27,61.78,62.1199,60.99,61,327094,0.0
2017-08-28,60.75,61.715,60.68,61.57,261006,0.0
2017-08-29,61.41,62.42,61.26,62.41,423992,0.0
2017-08-30,62.59,63.46,62.5281,63.03,517187,0.0
2017-08-31,63.14,63.14,60.8,62.07,835976,0.0
2017-09-04,61.78,62.09,60.06,60.38,594276,0.0
2017-09-05,60.79,60.93,59.65,59.82,484464,0.0
2017-09-06,59.78,60.08,58.57,58.95,644280,0.0
2017-09-07,58.43,59.329,58.27,58.9,765933,0.0
2017-09-10,59.48,60.25,59.45,59.57,442862,0.0
2017-09-11,59.78,60.53,59.52,60.49,457900,0.0
2017-09-12,60.26,61.42,60.08,61.31,462214,0.0
2017-09-13,61.16,61.845,60.648,61.68,473941,0.0
2017-09-14,61.69,62.365,61.31,62.09,550357,0.0
2017-09-17,62.22,62.97,61.905,62.8,468324,0.0
2017-09-18,63.03,63.04,62.25,62.86,490198,0.0
2017-09-19,62.79,62.95,62.17,62.8,467469,0.0
2017-09-20,62.59,62.8664,62.01,62.3,389710,0.0
2017-09-21,62.32,63.94,61.67,63.81,550255,0.0
2017-09-24,63.78,63.9999,63.02,63.72,328546,0.0
2017-09-25,64.05,64.74,63.4,64.6,341754,0.0
2017-09-26,64.88,65.65,64.41,64.82,472129,0.0
2017-09-27,64.77,66.29,64.6,66.22,386211,0.0
2017-09-28,66.31,66.8,65.79,65.99,1218800,0.0
2017-10-01,66.08,68.38,66.08,68.32,688492,0.0
2017-10-02,68.22,69.07,67.971,68.43,939486,0.0
2017-10-03,68.13,69.74,68.03,69.71,715049,0.0
2017-10-04,69.73,70.17,68.8,68.87,758337,0.0
2017-10-05,68.88,69.65,68.4,69.64,487988,0.0
2017-10-08,69.75,70.51,69.41,70.28,601568,0.0
2017-10-09,70.74,71.53,69.56,70.3,639993,0.0
2017-10-10,70.18,70.46,68.94,69.049,806292,0.0
2017-10-11,69.05,69.37,68.7,68.94,480508,0.0
2017-10-12,66.68,68.44,66.64,68.08,955803,0.0
2017-10-15,67.95,68.4699,67.69,68.29,596010,0.0
2017-10-16,68.42,68.76,68.02,68.12,495290,0.0
2017-10-17,68.17,68.79,67.43,68.66,409794,0.0
2017-10-18,68.43,68.7,66.7408,67.97,580978,0.0
2017-10-19,68.64,69.61,68.35,69.61,487817,0.0
2017-10-22,69.83,69.9,69.36,69.59,367625,0.0
2017-10-23,69.71,70.19,69.04,69.96,262297,0.0
2017-10-24,69.73,69.89,67.94,68.74,441897,0.0
2017-10-25,68.93,69.6199,67.94,69.3,504355,0.0
2017-10-26,69.72,69.72,68.23,69.18,428465,0.0
2017-10-29,69.03,69.44,68.18,69.31,377583,0.0
2017-10-30,69.54,70.43,68.99,70.02,677600,0.0
2017-10-31,68.82,70.71,67.8504,68.91,795840,0.0
2017-11-01,69.08,70.05,68.15,70.01,550598,0.0
2017-11-02,69.75,70.54,69.35,69.61,359336,0.0
2017-11-05,69.58,70.24,68.6,70.22,346421,0.0
2017-11-06,69.95,70.23,68.1,68.33,554516,0.0
2017-11-07,68.08,68.46,67.31,67.83,638554,0.0
2017-11-08,67.54,67.86,66.48,67.17,435136,0.0
2017-11-09,66.71,67.63,66.71,67.25,733793,0.0
2017-11-12,67.02,67.99,67.02,67.73,616612,0.0
2017-11-13,67.59,67.7,66.84,67.17,439412,0.0
2017-11-14,66.35,66.52,65.28,65.75,447016,0.0
2017-11-15,65.78,67.07,65.78,66.4,519553,0.0
2017-11-16,66.41,66.74,65.63,65.71,313394,0.0
2017-11-19,65.74,67.1201,65.72,66.34,593730,0.0
2017-11-20,66.66,67.0238,65.89,66.01,438386,0.0
2017-11-21,66,66.46,66,66.28,374032,0.0
2017-11-23,66.54,66.54,65.9801,66.35,106695,0.0
2017-11-26,66.32,66.58,65.8,66.46,538924,0.0
2017-11-27,66.72,69.47,66.54,69.4,867737,0.0
2017-11-28,69.42,69.68,67.82,68.89,675808,0.0
2017-11-29,69.42,70.11,68.02,70.01,976484,0.0
2017-11-30,69.83,69.895,67.11,69.13,454664,0.0
2017-12-03,69.3,70.55,69.11,69.93,810848,0.0
2017-12-04,69.71,70.62,69.07,69.21,405781,0.0
2017-12-05,68.77,69.18,67.79,68.23,463847,0.0
2017-12-06,68.02,69.39,67.98,69.02,363970,0.0
2017-12-07,69.55,70.03,69.35,69.56,522171,0.0
2017-12-10,69.33,70.3,69.32,70.27,397046,0.0
2017-12-11,70.32,70.49,69.52,70.19,476443,0.0
2017-12-12,69.82,70.22,69.52,69.63,380797,0.0
2017-12-13,69.67,69.67,67.38,67.4,467850,0.0
2017-12-14,67.17,68.53,67.13,68.42,741331,0.0
2017-12-17,69,70.94,67.939,70.1,620055,0.0
2017-12-18,70.11,70.85,69.575,70.01,384183,0.0
2017-12-19,70.52,70.74,69.62,70.19,375001,0.0
2017-12-20,70.54,70.69,68.82,68.89,426216,0.0
2017-12-21,69.19,69.54,68.71,69.18,297232,0.0
2017-12-25,69.08,69.29,68.45,68.99,225000,0.0
2017-12-26,69.22,69.84,69.0461,69.61,392947,0.0
2017-12-27,71.3,71.3,69.24,69.9,292712,0.0
2017-12-28,70.12,70.14,69.14,69.51,304961,0.0
2018-01-01,69.73,69.98,69.03,69.56,548536,0.0
2018-01-02,69.56,71.91,69.56,71.83,900794,0.0
2018-01-03,72.06,73.46,71.79,73.05,569556,0.0
2018-01-04,73.24,73.57,72.8,72.94,318199,0.0
2018-01-07,72.59,73.32,72.2,73.05,633345,0.0
2018-01-08,73.34,74.01,72.69,72.87,349061,0.0
2018-01-09,72.34,72.8895,72.04,72.32,567776,0.0
2018-01-10,71.5,72.56,71.5,72.52,552591,0.0
2018-01-11,72.82,73.24,72.57,72.67,536404,0.0
2018-01-15,73.08,73.18,71.87,71.94,405860,0.0
2018-01-16,72.6,73.6901,72.08,73.26,547980,0.0
2018-01-17,73.45,74.05,72.81,73.82,346907,0.0
2018-01-18,74,75.27,73.93,75.2,293262,0.0
2018-01-21,75.01,75.37,74.35,74.79,258517,0.0
2018-01-22,75.44,75.78,74.91,75.59,299144,0.0
2018-01-23,75.05,76.2,74.28,75.03,398903,0.0
2018-01-24,75.68,75.87,74.69,75.37,517223,0.0
2018-01-25,75.79,75.92,74.8,75.46,303154,0.0
2018-01-28,75.11,75.9799,74.97,75.58,283011,0.0
2018-01-29,75.06,75.96,74.77,74.77,359780,0.0
2018-01-30,75.1,75.47,74.11,74.57,634421,0.0
2018-01-31,74.24,76.3475,74.24,76.28,699479,0.0
2018-02-01,75.77,76.73,74.68,75.93,1254442,0.0
2018-02-04,75.41,76.44,73.53,73.81,823739,0.0
2018-02-05,72.5,74.9499,72.03,73.02,1303917,0.0
2018-02-06,70.57,71.12,67.23,68.39,3406320,0.0
2018-02-07,68.92,71.03,68.38,69.06,2191809,0.0
2018-02-08,69.79,70.39,66.69,68.94,1230069,0.0
2018-02-11,69.04,69.91,67.65,68.11,656436,0.0
2018-02-12,67.61,69.79,67.61,69.37,705028,0.0
2018-02-13,69.1,70.2374,68.7435,70.17,806213,0.0
2018-02-14,70.17,71.33,69.62,71.32,740364,0.0
2018-02-15,70.93,71.89,69.89,71.45,513914,0.0
2018-02-19,70.87,71.49,70.46,70.7,602045,0.0
2018-02-20,70.86,71.96,70.47,71.14,964207,0.0
2018-02-21,71.64,72.545,71.34,71.47,606801,0.0
2018-02-22,71.47,72.17,71.304,72.04,477471,0.0
2018-02-25,72.58,73.66,71.83,73.5,480318,0.0
2018-02-26,72.73,74.96,72.73,73.51,690532,0.0
2018-02-27,73.81,74.32,72.89,72.93,413734,0.0
2018-02-28,73.28,73.42,71.4,72.08,702049,0.0
2018-03-01,71.7302,73.37,71.18,73.15,467887,0.0
2018-03-04,72.78,74.55,72.15,73.96,396236,0.0
2018-03-05,74.17,74.5,73.41,74.1,641002,0.0
2018-03-06,73.5,74.85,73.42,74.6,634241,0.0
2018-03-07,74.6,74.61,72.61,73.14,754707,0.0
2018-03-08,73.38,74.555,72.91,74.37,732953,0.0
2018-03-11,74.35,75.68,74.05,75.31,446307,0.0
2018-03-12,75.45,76.14,75.3,75.65,446667,0.0
2018-03-13,76.0402,76.0939,75.02,75.43,481644,0.0
2018-03-14,75.35,75.5,74.18,74.64,754415,0.0
2018-03-15,74.78,75.99,73.041,75.84,481031,0.0
2018-03-18,75.35,75.49,73.44,73.98,996536,0.0
2018-03-19,74.27,75.6149,74.27,75.22,680019,0.0
2018-03-20,75.3,75.37,74.47,74.81,486772,0.0
2018-03-21,74.42,74.75,73.145,73.25,512171,0.0
2018-03-22,73.15,73.266,69.87,69.89,732929,0.0
2018-03-25,70.74,71.71,69.71,71.58,634175,0.0
2018-03-26,72.1,72.6941,69.84,70.21,360303,0.0
2018-03-27,70.36,70.4,69.27,69.92,384246,0.0
2018-03-28,70.39,71.06,69.84,70.31,613309,0.0
2018-04-01,70.29,70.82,68.34,68.82,571698,0.0
2018-04-02,69.1,69.7,68.69,69.23,510512,0.0
2018-04-03,68.11,69.735,67.99,69.59,625638,0.0
2018-04-04,69.98,70.38,69.17,69.71,468803,0.0
2018-04-05,69.12,69.64,67.44,67.97,352933,0.0
2018-04-08,68.62,69.65,68.3572,68.44,377261,0.0
2018-04-09,69.51,70.46,68.96,70.1,296389,0.0
2018-04-10,69.65,70.23,68.88,69.83,256720,0.0
2018-04-11,70.09,70.5899,69.77,70.07,307453,0.0
2018-04-12,70.51,70.555,69.265,69.59,278152,0.0
2018-04-15,69.68,70.851,69.05,70.649,380266,0.0
2018-04-16,71.25,71.59,70.84,71.46,338006,0.0
2018-04-17,71.79,72.55,71.31,72.11,361285,0.0
2018-04-18,71.92,72.875,71.45,72.54,591289,0.0
2018-04-19,72.36,72.36,71.01,71.54,300600,0.0
2018-04-22,71.92,72.53,71.15,71.6,345221,0.0
2018-04-23,72.07,72.36,70.29,70.73,268443,0.0
2018-04-24,70.75,71.28,69.97,71.13,299495,0.0
2018-04-25,71.48,72.48,70.43,71.14,306866,0.0
2018-04-26,71.32,71.93,70.57,71.61,493021,0.0
2018-04-29,71.5,71.985,71.02,71.3,387652,0.0
2018-04-30,71.5,72.82,71.17,72.37,939632,0.0
2018-05-01,74.23,78.79,74.23,76.06,1917998,0.0
2018-05-02,76.11,76.31,74.06,74.5,809973,0.0
2018-05-03,74.76,75.82,74.19,75.51,624138,0.0
2018-05-06,75.52,76.58,75.19,76.37,587330,0.0
2018-05-07,76.62,76.75,75.64,76.59,422747,0.0
2018-05-08,76.91,77.75,76.485,77.69,503483,0.0
2018-05-09,77.63,78.33,77.02,78.21,366430,0.0
2018-05-10,78.31,79,78,78.65,361656,0.0
2018-05-13,78.82,79.26,78.22,78.36,364298,0.0
2018-05-14,78.09,78.88,77.78,78.1,389226,0.0
2018-05-15,78.09,78.99,77.53,78.64,355957,0.0
2018-05-16,78.44,79.27,78.44,78.89,369763,0.0
2018-05-17,79,79.55,78.53,78.75,569185,0.0
2018-05-20,79.02,79.93,78.62,79.85,345456,0.0
2018-05-21,79.82,79.82,78.5347,79,846625,0.0
2018-05-22,78.87,80.2,78.56,80.18,511293,0.0
2018-05-23,80,80.72,79.57,80.3,581407,0.0
2018-05-24,80.31,81.0899,79.411,80.7,321268,0.0
2018-05-28,80.05,81.66,80.05,80.87,553391,0.0
2018-05-29,81.12,81.97,81.12,81.41,482210,0.0
2018-05-30,81.79,81.79,80.02,80.05,712022,0.0
2018-05-31,80.4599,81.55,79.9899,81,643839,0.0
2018-06-03,80.99,81.8653,80.99,81.36,619108,0.0
2018-06-04,81.25,84.25,81.05,84.21,904339,0.0
2018-06-05,84,85.17,83.52,85.06,747590,0.0
2018-06-06,85,85.49,83.088,84.68,413045,0.0
2018-06-07,84.5,85.31,83.73,84.69,321970,0.0
2018-06-10,84.88,85.02,84.2575,84.63,324455,0.0
2018-06-11,84.75,85.02,83.8,84.39,368236,0.0
2018-06-12,84.74,84.74,83.37,83.75,538620,0.0
2018-06-13,83.79,84.51,83.54,83.83,455729,0.0
2018-06-14,83.5,85.55,81.75,85.47,848799,0.0
2018-06-17,85.14,85.82,84.36,85.04,420914,0.0
2018-06-18,84.1,84.995,83.84,84.78,581124,0.0
2018-06-19,85.55,85.99,84.02,84.32,424305,0.0
2018-06-20,84.65,85,83.87,84.06,268112,0.0
2018-06-21,84.53,84.67,83.34,83.77,557827,0.0
2018-06-24,83.72,83.995,81.52,82.37,685605,0.0
2018-06-25,82.32,83.116,81.52,82.39,635789,0.0
2018-06-26,82.67,83.03,80.74,80.86,319741,0.0
2018-06-27,80.89,82.11,80.5,81.72,538671,0.0
2018-06-28,81.89,82.07,80.77,80.79,494942,0.0
2018-07-01,80.27,82.48,80.07,82.47,502129,0.0
2018-07-02,82.38,82.72,81.36,82.06,360247,0.0
2018-07-04,82.4,82.66,81.4,81.73,899915,0.0
2018-07-05,81.96,83.12,80.93,82.89,415683,0.0
2018-07-08,83.21,83.96,82.93,83.595,306777,0.0
2018-07-09,83.47,84.4,83.3824,84.3,462266,0.0
2018-07-10,83.92,84.29,83.17,83.985,434878,0.0
2018-07-11,84.41,85.17,83.87,85.12,368633,0.0
2018-07-12,84.96,85.93,84.96,85.28,366803,0.0
2018-07-15,85.39,85.81,84.77,84.94,256898,0.0
2018-07-16,84.56,86.555,84.01,86.18,315620,0.0
2018-07-17,86.85,88.17,86.48,87.19,571379,0.0
2018-07-18,87.33,88.36,87.1,87.33,627146,0.0
2018-07-19,87.38,87.6458,86.39,86.4,400680,0.0
2018-07-22,86.62,86.97,86.07,86.54,542100,0.0
2018-07-23,87.01,87.42,84.885,85.08,523216,0.0
2018-07-24,85.08,86.05,84.38,85.88,580891,0.0
2018-07-25,85.47,87.45,84.72,86.77,451379,0.0
2018-07-26,86.79,86.9,84.38,84.67,421008,0.0
2018-07-29,84.78,84.977,83.22,83.55,452063,0.0
2018-07-30,84,84.78,82.16,84.08,608356,0.0
2018-07-31,84.26,85.65,83.81,83.89,645626,0.0
2018-08-01,83.82,87.48,82.8,87.24,1038250,0.0
2018-08-02,86.78,87.3,84.67,85.23,663425,0.0
2018-08-05,84.85,85.89,84.71,85.63,424325,0.0
2018-08-06,85.65,86.59,85.65,85.99,638357,0.0
2018-08-07,86.17,86.17,84.95,85.21,484187,0.0
2018-08-08,85.44,86.0325,85.1744,85.65,566372,0.0
2018-08-09,85.08,85.56,84.36,84.64,496644,0.0
2018-08-12,84.84,85.27,84.37,84.77,521232,0.0
2018-08-13,85.31,86.08,84.7501,85.85,850911,0.0
2018-08-14,85.37,85.88,84.48,85.22,358409,0.0
2018-08-15,85.8,86.52,85.69,85.89,329861,0.0
2018-08-16,86.02,86.4,85.55,86,965577,0.0
2018-08-19,86.44,86.65,85.8,85.93,509831,0.0
2018-08-20,86.01,86.81,85.92,86.34,1005839,0.0
2018-08-21,86.28,86.64,84.851,85.93,418489,0.0
2018-08-22,85.63,86.7269,85.6137,86.32,562207,0.0
2018-08-23,86.77,87.2,86.51,86.76,314686,0.0
2018-08-26,86.78,88.2,86.78,87.64,448778,0.0
2018-08-27,87.57,88.26,87.062,88.12,305257,0.0
2018-08-28,88.35,88.81,88.115,88.36,309569,0.0
2018-08-29,88.17,88.46,87.33,87.61,427177,0.0
2018-08-30,87.49,87.89,87.39,87.55,419235,0.0
2018-09-03,87.94,89.17,86.38,87.71,600598,0.0
2018-09-04,87.86,87.98,86.21,87.14,494484,0.0
2018-09-05,86.82,87.81,86.54,87.48,332482,0.0
2018-09-06,87.32,88.12,87.14,87.65,320458,0.0
2018-09-09,87.63,88.56,87.07,88.48,261530,0.0
2018-09-10,88.49,89.86,88.055,89.68,556954,0.0
2018-09-11,89.6,89.68,88.03,88.98,577397,0.0
2018-09-12,89.41,90.5,89.23,89.37,245962,0.0
2018-09-13,89.76,90.47,89.71,90.16,448548,0.0
2018-09-16,90.01,90.48,88.82,88.87,477184,0.0
2018-09-17,88.7,90.17,88,89.27,959317,0.0
2018-09-18,89.56,89.77,88.73,89.05,1110794,0.0
2018-09-19,89.19,89.52,88.84,89.11,458496,0.0
2018-09-20,89.04,90.34,88.85,89.08,411665,0.0
2018-09-23,88.87,89.12,87.66,88.97,396915,0.0
2018-09-24,89.22,89.31,88.05,89.17,613418,0.0
2018-09-25,89.36,89.92,88.48,88.66,370096,0.0
2018-09-26,88.97,89.19,88.28,88.4,335961,0.0
2018-09-27,88.21,89.16,88.09,88.94,464786,0.0
2018-09-30,89.23,89.27,87.82,87.97,547449,0.0
2018-10-01,87.77,88.32,87.28,87.44,592396,0.0
2018-10-02,87.51,88.35,87.0663,88.29,562632,0.0
2018-10-03,88.18,88.18,86.18,86.4,690599,0.0
2018-10-04,86.32,87.31,84.99,85.6,524816,0.0
2018-10-07,85.09,85.3,82.87,83.75,565855,0.0
2018-10-08,84.16,85,83.57,84.495,599731,0.0
2018-10-09,84,84.06,80.79,81.26,952595,0.0
2018-10-10,81.05,82.2,80.31,80.35,724876,0.0
2018-10-11,82.06,83.4,80.86,82.37,645019,0.0
2018-10-14,82.28,82.7,81.615,81.84,514595,0.0
2018-10-15,82.51,84.58,81.93,84.45,463538,0.0
2018-10-16,84.83,84.83,83.11,83.91,462313,0.0
2018-10-17,83.77,84.4751,82.54,83.34,340205,0.0
2018-10-18,83.37,83.75,80.38,80.7,895865,0.0
2018-10-21,80.94,82.77,80.79,82.14,431308,0.0
2018-10-22,81.04,83.44,80.027,83.15,743280,0.0
2018-10-23,83.01,83.42,80.44,80.47,897880,0.0
2018-10-24,81.13,81.8,80.26,81.02,580556,0.0
2018-10-25,79.93,80.91,78.74,79.64,677927,0.0
2018-10-28,80.43,81.935,77.75,78.66,824565,0.0
2018-10-29,79.517,80.98,78.61,80.26,856780,0.0
2018-10-30,85.32,92.1795,84,90,2757512,0.0
2018-10-31,89.51,92.03,89.03,89.22,1122670,0.0
2018-11-01,89.65,90.15,87.45,88.04,1167907,0.0
2018-11-04,88.16,88.335,86.66,87.68,1002913,0.0
2018-11-05,87.21,88.17,86.89,88.02,1237609,0.0
2018-11-06,88.81,90.35,87.99,90.19,679936,0.0
2018-11-07,90.16,91.77,89.01,91.73,592029,0.0
2018-11-08,90.61,91.49,90.07,91.08,494719,0.0
2018-11-11,90.14,91.24,88.53,89.16,450861,0.0
2018-11-12,89.35,90.18,88.78,89.62,436888,0.0
2018-11-13,90.14,90.54,87.2,87.255,904963,0.0
2018-11-14,87.1,88.65,86.38,88.58,664819,0.0
2018-11-15,87.84,90.0975,87.25,89.43,553974,0.0
2018-11-18,89.34,89.9,87.46,87.86,446156,0.0
2018-11-19,86,87.41,85.2,86.02,762066,0.0
2018-11-20,86.79,88.99,85.47,86.7,800529,0.0
2018-11-22,86.02,88.19,85.9,87.86,205617,0.0
2018-11-25,88.5,90.0295,87.91,89.71,1326448,0.0
2018-11-26,89.43,89.76,88.62,88.77,1078984,0.0
2018-11-27,89.32,91.92,89.02,91.09,866213,0.0
2018-11-28,91.45,93.08,90.805,92.4,651376,0.0
2018-11-29,92.55,93.92,92.33,92.66,971459,0.0
2018-12-02,93.5,95.97,93.09,95.97,1371346,0.0
2018-12-03,95.56,96.75,93.69,93.8,1430151,0.0
2018-12-05,91.99,95.65,91.63,95.59,1014951,0.0
2018-12-06,95.84,95.95,91.06,91.46,874944,0.0
2018-12-09,90.75,92.56,90.22,90.61,1366371,0.0
2018-12-10,92.22,92.84,90.36,90.73,1041691,0.0
2018-12-11,91.67,93.2374,90.955,91.58,879515,0.0
2018-12-12,91.75,92.7473,89.53,89.8,1079792,0.0
2018-12-13,89.45,91.4837,87.65,87.75,1182431,0.0
2018-12-16,87.22,87.63,84.28,84.71,1086572,0.0
2018-12-17,85.57,86.27,84.35,85.03,882964,0.0
2018-12-18,84.65,86.48,83.22,84.36,1003635,0.0
2018-12-19,83.82,84.12,79.18,80.6,1217208,0.0
2018-12-20,80.57,81.065,76.86,77.28,1559696,0.0
2018-12-23,77,77.68,75.31,75.33,500140,0.0
2018-12-25,75.8,79.81,74.32,79.66,874061,0.0
2018-12-26,78.49,79.5,76.97,79.45,555306,0.0
2018-12-27,80.19,82,78.76,79.62,581316,0.0
2018-12-30,80.5,81.18,79.81,80.68,516597,0.0
2019-01-01,79.68,80.23,78.76,79.04,677932,0.0
2019-01-02,77.7,78.87,76.59,77.15,905496,0.0
2019-01-03,78.15,78.73,76.07,77.795,1124989,0.0
2019-01-06,78.21,78.95,77.26,77.67,1120236,0.0
2019-01-07,78.2,80.5,78.13,80.31,1193073,0.0
2019-01-08,92.57,92.57,80.77,81.3,852831,0.0
2019-01-09,80.65,82.36,79.7516,81.95,458733,0.0
2019-01-10,81.8,82.85,80.43,80.59,1061850,0.0
2019-01-13,80.32,80.58,79.31,79.32,680161,0.0
2019-01-14,79.69,80.53,79.08,80.49,1255182,0.0
2019-01-15,80.93,81.6563,80.44,80.52,600095,0.0
2019-01-16,79.98,81.09,79.98,80.75,704827,0.0
2019-01-17,81.23,82.14,80.77,81.7,729999,0.0
2019-01-21,81.47,81.83,79.77,80.18,615483,0.0
2019-01-22,80.82,82.27,80.01,81.38,825321,0.0
2019-01-23,81.48,82.32,81.11,81.2,530910,0.0
2019-01-24,85.33,85.33,81.13,81.99,715646,0.0
2019-01-27,80.87,82.37,80.845,81.99,608691,0.0
2019-01-28,82.09,82.72,81.73,81.93,439096,0.0
2019-01-29,82.53,83.1,81.57,82.97,407244,0.0
2019-01-30,82.96,83.59,82.44,83.22,680214,0.0
2019-01-31,83.55,84.01,82.76,83.69,460214,0.0
2019-02-03,83.98,84.48,83.31,84.13,453630,0.0
2019-02-04,84.45,85.72,84.28,85.51,745561,0.0
2019-02-05,85.65,85.84,84.76,85.32,816630,0.0
2019-02-06,87.02,91.21,87,91.04,1716116,0.0
2019-02-07,90.9,90.9,88.02,90.19,804890,0.0
2019-02-10,90.2,91.5,90.02,90.47,624285,0.0
2019-02-11,90.69,92.86,90.69,92.7,857576,0.0
2019-02-12,93,93.16,92,92.78,569757,0.0
2019-02-13,92.66,94.32,92.39,93.85,658621,0.0
2019-02-14,93.89,94.75,93.5,94.74,712406,0.0
2019-02-20,94.83,95.235,94.38,95,477647,0.0
2019-02-21,95.28,96.11,94.89,95.77,417827,0.0
2019-02-24,96.2,97.0599,95.47,95.53,479327,0.0
2019-02-25,95.11,95.79,94.85,95.25,489137,0.0
2019-02-26,94.71,95.17,94.06,94.94,361147,0.0
2019-02-27,94.87,94.87,93.85,93.85,399506,0.0
2019-02-28,94.25,94.9,93.555,94.84,502194,0.0
2019-03-03,95,95.5,93.35,94.26,468940,0.0
2019-03-04,94.43,94.93,93.7,93.89,462348,0.0
2019-03-05,93.98,94.33,93.22,93.22,444558,0.0
2019-03-06,92.83,92.83,91.16,91.66,599654,0.0
2019-03-07,90.8,92.36,90.53,92.29,361979,0.0
2019-03-10,92.56,94.76,92.37,94.69,797598,0.0
2019-03-11,95.07,96.12,94.625,95.93,613661,0.0
2019-03-12,96.35,97.4,96.16,97,610412,0.0
2019-03-13,96.78,97,96.1,96.64,371653,0.0
2019-03-14,96.88,97.82,96.4461,97.82,530229,0.0
2019-03-17,97.62,98.02,96.31,97.045,541492,0.0
2019-03-18,97.46,98.22,97.03,97.6,434284,0.0
2019-03-19,97.36,97.8,96.5125,97.17,615299,0.0
2019-03-20,97.33,99.29,97.25,98.56,616887,0.0
2019-03-21,98.42,98.62,95.84,95.86,598884,0.0
2019-03-24,95.98,96,94.8,95.7,460873,0.0
2019-03-25,96.47,96.76,95.23,95.69,567011,0.0
2019-03-26,96.02,96.02,93.77,94.19,517479,0.0
2019-03-27,94.72,95.52,93.74,95.115,556482,0.0
2019-03-28,95.83,96.67,95.49,96.405,827991,0.0
2019-03-31,97.27,98.89,97.05,98.59,305692,0.0
2019-04-01,98.6,99.8,98.17,99.32,500967,0.0
2019-04-02,99.98,101.06,99.45,100.47,579119,0.0
2019-04-03,100.71,100.94,100.045,100.57,530073,0.0
2019-04-04,100.95,101.179,100.37,100.85,448271,0.0
2019-04-07,100.54,102.07,99.18,101.98,730379,0.0
2019-04-08,101.67,102.12,101.32,102.02,547659,0.0
2019-04-09,102.04,104.52,101.9668,104.06,884046,0.0
2019-04-10,104.96,107.09,104.49,106.7,848147,0.0
2019-04-11,106.49,107.26,105.94,107.02,971190,0.0
2019-04-14,107.41,108.28,106.71,108.13,769388,0.0
2019-04-15,108.17,108.57,107.45,107.69,696108,0.0
2019-04-16,107.61,107.6651,104.66,105.21,642680,0.0
2019-04-17,105.61,105.68,104.69,105.39,453599,0.0
2019-04-21,105.24,105.39,104.61,104.91,478941,0.0
2019-04-22,105.04,106.4,104.8454,106.06,668509,0.0
2019-04-23,106.25,106.98,106.25,106.38,433829,0.0
2019-04-24,106.53,106.53,104.645,105.26,459409,0.0
2019-04-25,104.46,105.35,104.04,105.35,472372,0.0
2019-04-28,105.12,105.5,104.375,104.87,437022,0.0
2019-04-29,104.88,105.72,104.02,105.6,742188,0.0
2019-04-30,110.46,111.59,107.34,107.42,640870,0.0
2019-05-01,107.31,108.81,106.42,107.73,541969,0.0
2019-05-02,108.46,109.42,107.76,109.1,470092,0.0
2019-05-05,106.96,109.21,106.7,109.05,325586,0.0
2019-05-06,108,108.33,105.82,106.78,493933,0.0
2019-05-07,106.28,107,105.53,105.59,540094,0.0
2019-05-08,104.8,105.55,103.37,105.46,738787,0.0
2019-05-09,105.02,106.86,104,106.52,665516,0.0
2019-05-12,104.29,105.14,101.8701,101.93,603124,0.0
2019-05-13,102.54,103.98,102.28,103.25,702755,0.0
2019-05-14,102.86,104.71,102.84,104.2,538385,0.0
2019-05-15,104.58,106.18,104.58,105.86,657569,0.0
2019-05-16,105.04,106.72,104.21,104.32,611178,0.0
2019-05-19,103.41,104.88,102.93,104.34,426776,0.0
2019-05-20,105.32,106.63,105.32,106.31,460889,0.0
2019-05-21,106.11,106.56,105.25,106.085,502045,0.0
2019-05-22,104.62,105.3619,102.12,102.27,644439,0.0
2019-05-23,103.07,103.6,101.91,103.15,350016,0.0
2019-05-27,103.64,104.55,102.75,102.93,355739,0.0
2019-05-28,102.62,103.52,101.78,102.99,620978,0.0
2019-05-29,103.25,104.3,102.08,102.48,477833,0.0
2019-05-30,101.52,101.7161,97.93,98.36,909416,0.0
2019-06-02,98.44,99.7,98.34,99.42,1035785,0.0
2019-06-03,100.14,102.56,100,102.49,627320,0.0
2019-06-04,103.46,103.7486,101.51,103.18,300788,0.0
2019-06-05,104.06,104.7037,103.16,104.23,439378,0.0
2019-06-06,104.88,106.1,104.56,104.87,355272,0.0
2019-06-09,105.9,107.56,105.69,106.4,419076,0.0
2019-06-10,107.41,107.97,105.69,105.85,418451,0.0
2019-06-11,105.45,106.33,104.83,105.42,371570,0.0
2019-06-12,106.02,106.31,105.42,106.11,1131930,0.0
2019-06-13,105.94,106.4,104.18,104.21,753387,0.0
2019-06-16,104.22,104.95,103.4,104.21,591606,0.0
2019-06-17,105.52,106.185,104,104.22,569966,0.0
2019-06-18,104.27,105.36,104.01,104.98,644914,0.0
2019-06-19,106.48,109.32,106.1,108.16,872588,0.0
2019-06-20,107.79,109.87,106.755,108.59,851845,0.0
2019-06-23,108.69,109.04,107.31,107.54,751898,0.0
2019-06-24,107.64,108.97,107.25,107.45,551054,0.0
2019-06-25,108.04,108.95,107.98,108.62,482416,0.0
2019-06-26,108.71,110.54,108.35,110.4,544224,0.0
2019-06-27,110.82,111.42,110.04,111.05,952129,0.0
2019-06-30,112.95,113.59,111.41,112.53,694688,0.0
2019-07-01,112.57,113.235,112.16,112.76,591952,0.0
2019-07-02,112.96,114.34,112.7819,113.49,397985,0.0
2019-07-04,113.22,113.93,112.53,113.73,511869,0.0
2019-07-07,113.09,113.09,110.12,110.44,625104,0.0
2019-07-08,109.63,113.11,109.29,112.76,1065545,0.0
2019-07-09,113.14,113.7672,111.72,112.47,702330,0.0
2019-07-10,112.69,113.84,111.135,113.57,601521,0.0
2019-07-11,113.75,116.34,113.645,116.3,561035,0.0
2019-07-14,116.22,116.41,115,115.94,803890,0.0
2019-07-15,115.57,115.92,114.05,114.36,720327,0.0
2019-07-16,114.14,114.6,113.38,113.48,587815,0.0
2019-07-17,113.19,113.4177,111.35,112.46,989784,0.0
2019-07-18,112.99,114.55,112.51,112.51,545947,0.0
2019-07-21,113.24,113.53,112.24,112.3,509235,0.0
2019-07-22,112.8,113.72,112.15,113.6,485928,0.0
2019-07-23,113.21,114.05,112.83,113.58,537411,0.0
2019-07-24,113,114.49,112.455,114.21,389288,0.0
2019-07-25,115.63,115.98,114.36,114.45,348502,0.0
2019-07-28,114.39,114.52,112.59,112.83,632878,0.0
2019-07-29,112.56,113.97,112.11,113.55,1265841,0.0
2019-07-30,115.2,119.72,115.2,118.03,925953,0.0
2019-07-31,118.5,120.82,117.8,118.55,1215387,0.0
2019-08-01,117.44,117.625,113.91,116.39,682241,0.0
2019-08-04,111.69,111.84,106.85,107.38,803510,0.0
2019-08-05,108.03,109.25,107.825,108.32,704393,0.0
2019-08-06,106.72,109.15,105.9876,108.71,575571,0.0
2019-08-07,109.96,113.066,109.5,112.69,467880,0.0
2019-08-08,111.93,115.35,111.3,114.83,603223,0.0
2019-08-11,114,114.38,111.93,112.36,429015,0.0
2019-08-12,112.01,114.63,110.88,113.35,489349,0.0
2019-08-13,110.73,112.085,109.74,109.83,496747,0.0
2019-08-14,109.9,110.68,108.35,108.64,478120,0.0
2019-08-15,109.29,112.285,109.07,111.62,452910,0.0
2019-08-18,114.37,115.885,113.031,114.32,597985,0.0
2019-08-19,114.59,115.4,113.6,113.82,325052,0.0
2019-08-20,114.77,116.69,114.36,115.76,266229,0.0
2019-08-21,115.96,117.95,115.315,116.52,452922,0.0
2019-08-22,115.22,115.71,111.75,112.19,421484,0.0
2019-08-25,114.15,114.15,111.91,112.75,509050,0.0
2019-08-26,113.72,113.97,112.49,112.58,321545,0.0
2019-08-27,112.14,112.49,111.5,111.78,529595,0.0
2019-08-28,113.63,115.245,113.63,114.77,716591,0.0
2019-08-29,115.53,116.5,113.59,115.6,524157,0.0
2019-09-02,115.52,116.33,113.95,115.95,639088,0.0
2019-09-03,117.02,118.65,116.7,118.05,600041,0.0
2019-09-04,119.27,119.99,117.59,118.47,504327,0.0
2019-09-05,118.91,118.91,117.55,118.41,523961,0.0
2019-09-08,119,119.32,116.6525,117.51,466092,0.0
2019-09-09,116.65,116.87,110.7565,111.68,831239,0.0
2019-09-10,111.75,112.92,110.092,112.91,586006,0.0
2019-09-11,112.78,114.616,111.055,114.31,580120,0.0
2019-09-12,113.89,113.975,110.97,111.81,580942,0.0
2019-09-15,111.6,116.02,110.5154,113,977302,0.0
2019-09-16,112.68,114.62,111,113.8,657323,0.0
2019-09-17,121,122.2,118.79,120.6,7039693,0.0
2019-09-18,119.89,122.91,119.64,121.79,2855089,0.0
2019-09-19,122.07,122.39,118.84,121.34,4506719,0.0
2019-09-22,120.88,121.76,119.205,119.32,1972092,0.0
2019-09-23,119.57,120.47,117.26,118.7,1441792,0.0
2019-09-24,118.47,121.79,117.05,121.51,1309524,0.0
2019-09-25,121.52,124.34,120.125,123.44,1527959,0.0
2019-09-26,123.14,124.08,120.94,121.86,1207451,0.0
2019-09-29,122.42,123.52,121.65,123.24,1017848,0.0
2019-09-30,123.43,124.49,121.1,121.12,1153221,0.0
2019-10-01,121.29,121.2976,118.8986,119.79,934078,0.0
2019-10-02,119.64,120.78,117.5501,119.68,1011520,0.0
2019-10-03,120.01,122.61,119.84,122.4,2339464,0.0
2019-10-06,122.34,124.11,121.05,123.12,1492577,0.0
2019-10-07,121.93,124.06,121.445,122.98,3196128,0.0
2019-10-08,123.86,123.86,120.92,121.8,2322247,0.0
2019-10-09,121.34,122.85,120.995,122.54,2087272,0.0
2019-10-10,123.97,125.41,123.24,124.42,1388575,0.0
2019-10-13,124.32,124.4,123.2,123.29,820021,0.0
2019-10-14,123.33,124.34,123,123.36,1600863,0.0
2019-10-15,123.37,124.925,123.01,123.66,1248692,0.0
2019-10-16,123.92,124.75,122.78,123.96,1161783,0.0
2019-10-17,124.43,125,122.7,123.89,1461287,0.0
2019-10-20,124.3,125.215,123.93,124.06,495045,0.0
2019-10-21,124.89,124.98,122.21,122.41,754635,0.0
2019-10-22,122.1,123.26,121.75,123.07,573112,0.0
2019-10-23,124.03,124.5116,122.94,124.44,617041,0.0
2019-10-24,123.85,125.0575,123.54,124.84,626672,0.0
2019-10-27,126.08,127.01,125.6538,125.99,703678,0.0
2019-10-28,125.12,127.25,125.11,126.2,863553,0.0
2019-10-29,126.15,127.51,124.91,127.39,927544,0.0
2019-10-30,131.5,132.35,127.42,127.92,1541703,0.0
2019-10-31,128.96,131.4,128.47,131.19,976869,0.0
2019-11-03,132.34,133.44,131.41,131.79,1103205,0.0
2019-11-04,131.99,136.31,131.59,135.81,1059973,0.0
2019-11-05,135.2,135.605,132.35,132.96,1111863,0.0
2019-11-06,132.81,134.04,132.41,132.9,841455,0.0
2019-11-07,132.48,134.1,132.0073,133.51,630198,0.0
2019-11-10,132.98,134.53,132.6,134.11,786967,0.0
2019-11-11,133.77,134.45,132.25,133.86,855200,0.0
2019-11-12,133.25,135.57,133.125,135.5,759300,0.0
2019-11-13,134.81,135.2528,132.5501,132.82,967773,0.0
2019-11-14,134.19,136.63,133.4,136.55,901099,0.0
2019-11-17,136.1,137.9,135.71,137.64,504671,0.0
2019-11-18,138.78,138.88,137.55,137.79,511307,0.0
2019-11-19,137.35,138.79,136.7,137.72,436486,0.0
2019-11-20,137.6,137.81,136.35,137.59,529596,0.0
2019-11-21,137.79,137.84,136.18,136.45,543482,0.0
2019-11-24,137.04,138.49,136.36,138.02,471300,0.0
2019-11-25,137.92,138.38,136.81,136.98,543941,0.0
2019-11-26,137.25,137.25,133.98,136.45,654668,0.0
2019-11-28,136.04,136.88,134.84,135.09,374642,0.0
2019-12-01,135.9,135.9,133.24,134.08,1023809,0.0
2019-12-02,132.27,133.42,130.82,133.11,726051,0.0
2019-12-03,134.47,135.91,134.29,135.33,524420,0.0
2019-12-04,135.5,135.84,134.275,134.44,393583,0.0
2019-12-05,135.32,136.89,135.05,136.67,602585,0.0
2019-12-08,136.37,136.59,134.2,134.34,533451,0.0
2019-12-09,134.16,135.82,134,135.75,471083,0.0
2019-12-10,135.74,135.96,134.99,135.63,464517,0.0
2019-12-11,135.88,137.65,135.26,136.76,438189,0.0
2019-12-12,136.75,137.88,135.9287,137.73,392641,0.0
2019-12-15,139.07,141.75,139.07,140.69,1128853,0.0
2019-12-16,140.14,141.11,138.46,139.33,866649,0.0
2019-12-17,139.36,140.91,139.35,140.62,652298,0.0
2019-12-18,140.76,142.41,140.23,142.27,734740,0.0
2019-12-19,143.38,144.21,141.725,143.93,1386857,0.0
2019-12-22,144,144.17,141.96,142.82,668430,0.0
2019-12-23,143.07,143.45,142.55,142.97,164870,0.0
2019-12-25,143.06,144.73,143,144.64,372535,0.0
2019-12-26,144.78,144.95,143.52,143.98,306957,0.0
2019-12-29,143.87,143.9,142.1,142.78,401070,0.0
2019-12-30,142.21,143.155,141.94,142.79,354538,0.0
2020-01-01,144.49,144.49,141.775,143.86,780518,0.0
2020-01-02,141.99,143.44,141.81,142.1,728694,0.0
2020-01-05,141,141.65,140.295,141.05,769866,0.0
2020-01-06,141.19,141.78,140.655,140.92,646941,0.0
2020-01-07,141.01,141.84,140.32,140.71,810763,0.0
2020-01-08,141.28,143,141.05,141.9786,647640,0.0
2020-01-09,142.42,143.93,141.23,142.36,582998,0.0
2020-01-12,142.76,143.72,141.86,143.4,1109808,0.0
2020-01-13,143.35,145.06,142.795,143.95,731499,0.0
2020-01-14,143.89,145.4,143.44,144.6,562283,0.0
2020-01-15,145.48,146.09,143.58,144.2,695170,0.0
2020-01-16,140.89,141.45,136.08,136.87,2135550,0.0
2020-01-20,136.14,138.12,135.83,135.99,2629147,0.0
2020-01-21,137.18,138.25,136.35,136.53,1947610,0.0
2020-01-22,136.58,138.85,135.47,138.73,1767132,0.0
2020-01-23,139.04,139.5,137.15,137.92,1329829,0.0
2020-01-26,135.48,136.05,133.76,133.87,683872,0.0
2020-01-27,134.66,135.73,133.91,135.45,958383,0.0
2020-01-28,135.9,136.32,134.34,134.83,654009,0.0
2020-01-29,133.24,134.715,132.7307,133.87,826691,0.0
2020-01-30,133.39,133.72,129.92,130.43,902623,0.0
2020-02-02,130.74,133.76,130.54,132.93,1155083,0.0
2020-02-03,134.47,136.2406,133.9926,136.15,906899,0.0
2020-02-04,137.22,137.4896,134.89,136.03,1005500,0.0
2020-02-05,134.51,138.45,133.68,134.63,1084817,0.0
2020-02-06,134.41,134.49,131.17,132.65,1070857,0.0
2020-02-09,132.66,134.07,132.5,133.99,781691,0.0
2020-02-10,134.31,136.18,133.33,135.98,1026242,0.0
2020-02-11,136,137.56,135.69,136.6,775822,0.0
2020-02-12,135.3,137.31,134.8853,137.3,743370,0.0
2020-02-13,137.94,138.96,137.055,138.33,1012012,0.0
2020-02-17,137.47,137.655,133.33,134.87,794870,0.0
2020-02-18,135.27,137.36,135.08,136.64,594090,0.0
2020-02-19,136.53,138.44,135.76,138.23,593447,0.0
2020-02-20,137.37,138.3,133.145,133.89,735284,0.0
2020-02-23,131.39,132.87,128.36,129.54,1218480,0.0
2020-02-24,130.34,131.07,124.75,125.16,1117637,0.0
2020-02-25,125.79,129.17,124.68,124.81,914314,0.0
2020-02-26,121.74,121.98,116.04,116.04,1759567,0.0
2020-02-27,113.29,117.87,110.92,114.35,2515211,0.0
2020-03-01,115.36,119.97,113.125,119.95,1870104,0.0
2020-03-02,118.15,120.91,113.87,115.62,1314659,0.0
2020-03-03,117.81,119.26,115.94,119.16,1095358,0.0
2020-03-04,115.99,116.77,111.68,113.8,1441896,0.0
2020-03-05,108.96,112.01,108.32,111.64,1376661,0.0
2020-03-08,102.15,105.52,98.19,98.22,4797316,0.0
2020-03-09,102.18,104.07,99.075,104.07,1601060,0.0
2020-03-10,100.37,104.64,100.37,102.87,2587212,0.0
2020-03-11,96.01,101.38,91.25,91.73,2433414,0.0
2020-03-12,96.52,101.38,92.51,101.3,1868580,0.0
2020-03-15,88.06,91.58,85.01,86.97,2295476,0.0
2020-03-16,88.68,89.47,84.36,87.25,3640516,0.0
2020-03-17,80.99,88.58,75.2,84.22,1752413,0.0
2020-03-18,84.07,89.45,78.7628,88.26,1724477,0.0
2020-03-19,89.66,91.03,79.33,79.55,1661160,0.0
2020-03-22,78.38,87,73.39,85.6,2030888,0.0
2020-03-23,90.24,95.475,88.8,93.93,1543823,0.0
2020-03-24,92.66,96.79,90.41,91.82,1475446,0.0
2020-03-25,91.5,101.9,90.01,100.81,1364765,0.0
2020-03-26,95.86,97.8,92.52,93.57,1124157,0.0
2020-03-29,92.01,97.75,91.82,96.92,781620,0.0
2020-03-30,96.44,98.41,92.46,93.26,1266482,0.0
2020-03-31,89.32,92.6701,88.01,88.83,1385964,0.0
2020-04-01,86.63,89.29,85.78,87.92,2549986,0.0
2020-04-02,87.44,89.77,85.88,86.89,890656,0.0
2020-04-05,92.64,96.29,91.3,95.71,1009746,0.0
2020-04-06,101.52,102.96,98.51,98.63,1004753,0.0
2020-04-07,99.53,103.29,98.5,102.27,876868,0.0
2020-04-08,104.2,107.805,103.28,106.21,1181834,0.0
2020-04-12,105.91,107,101.58,103.88,720201,0.0
2020-04-13,104.66,107.24,104.66,106.71,1692334,0.0
2020-04-14,102.43,105.35,102.42,103.75,1210138,0.0
2020-04-15,103.83,105.69,101.1,104.2,2400490,0.0
2020-04-16,106.14,109.03,105.64,108.85,3169518,0.0
2020-04-19,106.47,107.11,104.51,105.66,2279047,0.0
2020-04-20,102.7,103.75,98.12,98.85,3402556,0.0
2020-04-21,100.9,102.84,99.36,101.86,2387268,0.0
2020-04-22,102.51,104.34,100.7,100.86,1438196,0.0
2020-04-23,103.05,105.71,102.335,104.77,2579730,0.0
2020-04-26,104.77,107.04,104.6,106.31,1008696,0.0
2020-04-27,108.62,109.06,106.18,107.12,787562,0.0
2020-04-28,109.17,112.14,108.43,111.25,1477116,0.0
2020-04-29,110.93,111.19,108.95,110.85,981384,0.0
2020-04-30,108.22,108.69,106.18,106.83,1409468,0.0
2020-05-03,106.22,108.34,104.46,108.12,580344,0.0
2020-05-04,107.83,111.005,107.63,110.16,1396574,0.0
2020-05-05,110.61,111.3,104.66,106.77,1064543,0.0
2020-05-06,106.47,108.89,104.97,106.6716,1611754,0.0
2020-05-07,108.05,109.83,107.54,108.5,497649,0.0
2020-05-10,106.97,107.31,104.97,104.98,628163,0.0
2020-05-11,105.38,106.32,101.96,101.98,1298422,0.0
2020-05-12,100.99,102.77,96.5,97.99,872726,0.0
2020-05-13,95.27,99.825,93.75,99.79,1013937,0.0
2020-05-14,98.01,98.81,96.91,97.81,1100761,0.0
2020-05-17,102.48,107.14,101.49,106.45,3071714,0.0
2020-05-18,106.36,108.51,105.11,106.06,816502,0.0
2020-05-19,105.83,109.39,105.83,109.28,1553226,0.0
2020-05-20,108.44,109.9602,107.01,107.2,872336,0.0
2020-05-21,106.23,106.7,105.41,105.82,1042500,0.0
2020-05-25,108.56,110.52,107.97,108.01,772393,0.0
2020-05-26,109.61,110.38,107.11,110.3,726889,0.0
2020-05-27,110,111.66,108.393,109.65,548187,0.0
2020-05-28,110.42,111.5,108.34,110.92,1745682,0.0
2020-05-31,110.26,113.2,109.58,111.91,1059594,0.0
2020-06-01,111.97,113.645,111.6,113.27,1128674,0.0
2020-06-02,113.51,115.75,113.51,115.06,994230,0.0
2020-06-03,114.4,117,114.01,116.75,1855122,0.0
2020-06-04,119.34,126,119.3167,125.44,1830901,0.0
2020-06-07,126.4,129.23,125.35,128.34,1493994,0.0
2020-06-08,126.57,127.14,124.295,124.46,2269366,0.0
2020-06-09,124.11,124.52,121.48,121.66,1557104,0.0
2020-06-10,120.24,120.6,110.53,110.54,804017,0.0
2020-06-11,113.9,116.02,113.0199,113.0199,353946,0.0
2020-06-14,111,114.075,108.64,113.95,1488169,0.0
2020-06-15,118.04,120.65,115.85,119.37,1090818,0.0
2020-06-16,119.99,120.43,116.64,117.15,1124900,0.0
2020-06-17,116.54,117.56,115.64,117.25,496556,0.0
2020-06-18,117.86,121,116.33,116.97,1692289,0.0
2020-06-21,115.99,116.58,114.64,116.15,579965,0.0
2020-06-22,117.99,117.99,115.52,115.95,820989,0.0
2020-06-23,114.79,114.84,110.39,111.53,737584,0.0
2020-06-24,111.7,112.7799,109.7,112.37,624798,0.0
2020-06-25,112.8,112.8,108.16,108.49,1197825,0.0
2020-06-28,112.65,115.165,111.5,114,1786241,0.0
2020-06-29,113.6,116.895,112.5,116.17,770226,0.0
2020-06-30,116.03,117.91,115.16,115.54,734405,0.0
2020-07-01,116.78,118.7574,116.5,117.1,677520,0.0
2020-07-05,119.75,120,117.2,117.48,564305,0.0
2020-07-06,116.87,118.03,113.71,114.14,686141,0.0
2020-07-07,114.22,114.96,112.3,113.39,728458,0.0
2020-07-08,113.62,114.005,110.19,112.52,559049,0.0
2020-07-09,111.81,114.24,111.29,113.86,488396,0.0
2020-07-12,115.11,115.12,112.46,112.66,651840,0.0
2020-07-13,111.26,114.56,110.98,114.41,502968,0.0
2020-07-14,115.74,118.27,114.92,117.7,539872,0.0
2020-07-15,117.12,117.41,116.128,116.68,385187,0.0
2020-07-16,117.16,119.62,116.55,118.51,457749,0.0
2020-07-19,117.74,118.36,115.75,118.13,406711,0.0
2020-07-20,117.67,119.72,116.22,117.03,546618,0.0
2020-07-21,117.8,119.719,117.61,119.08,423394,0.0
2020-07-22,119.28,121.48,118.28,118.78,261036,0.0
2020-07-23,118.02,118.29,113.72,114.62,849485,0.0
2020-07-26,115.28,116.54,114.26,116.33,646104,0.0
2020-07-27,115.54,116.79,113.68,113.9,389420,0.0
2020-07-28,113.76,116.01,113.36,115.62,440797,0.0
2020-07-29,113.47,115.84,112.4,115.69,430505,0.0
2020-07-30,115.32,116.4,113.55,116.26,554226,0.0
2020-08-02,116.68,118.42,116.05,117.46,350666,0.0
2020-08-03,116.96,119.83,116.695,119.59,934883,0.0
2020-08-04,121.93,121.93,115.46,116.66,1208830,0.0
2020-08-05,115.9,117.95,114.42,114.78,694639,0.0
2020-08-06,113.74,114.85,112.85,114.85,593386,0.0
2020-08-09,114.78,114.79,112.98,113,548230,0.0
2020-08-10,114.41,119.95,113.91,117.22,1040506,0.0
2020-08-11,118.5,118.5,116.28,116.61,592336,0.0
2020-08-12,115.87,116.015,113.802,114.62,405477,0.0
2020-08-13,113.59,113.8599,112.8125,113.46,444843,0.0
2020-08-16,114.01,115.12,113.39,113.66,331611,0.0
2020-08-17,113.68,114.33,110.77,111,632608,0.0
2020-08-18,110.87,112.94,110.79,111.99,463431,0.0
2020-08-19,111.31,113.14,111.03,112.3,510444,0.0
2020-08-20,112,112.07,110.53,111.23,431806,0.0
2020-08-23,111.69,113.39,111.35,112.305,469413,0.0
2020-08-24,112.52,113.49,111.16,112.14,417849,0.0
2020-08-25,111.98,112.235,110.09,111.22,527293,0.0
2020-08-26,112.52,115.56,111.83,114.91,959691,0.0
2020-08-27,115.09,115.84,113.76,115.31,436855,0.0
2020-08-30,115.01,115.01,112.71,113.53,441002,0.0
2020-08-31,112.74,113.48,110.13,112.48,990556,0.0
2020-09-01,113.93,117.86,112.95,117.53,972458,0.0
2020-09-02,117.01,117.53,111.3,112.16,734705,0.0
2020-09-03,113.74,115.42,111.54,114.25,1209800,0.0
2020-09-07,112.14,114.16,111.59,111.77,1030719,0.0
2020-09-08,112.47,112.79,109.52,110.5,499708,0.0
2020-09-09,111.35,111.42,109.36,110.1,910040,0.0
2020-09-10,109.25,111.55,109.05,111.36,964537,0.0
2020-09-13,112.36,114.815,111.86,113.15,534637,0.0
2020-09-14,113.32,115.51,113.2,114.27,365749,0.0
2020-09-15,115.11,116.65,113.6412,113.96,560597,0.0
2020-09-16,112.07,114.48,111.76,114.24,690519,0.0
2020-09-17,115,115.26,112.17,112.75,817994,0.0
2020-09-20,110.89,111.47,108.49,108.81,824538,0.0
2020-09-21,108.33,110.31,105.87,110.22,678557,0.0
2020-09-22,111.01,112.13,108.01,109.24,772235,0.0
2020-09-23,108.63,111.98,108.14,110.43,767307,0.0
2020-09-24,110.25,112.86,109.67,112.78,561180,0.0
2020-09-27,114.44,116.72,113.11,116.54,695061,0.0
2020-09-28,116.99,118.965,116.51,118.11,652942,0.0
2020-09-29,118.53,121.89,118.1,119.51,652342,0.0
2020-09-30,120.445,124.53,120.445,123.53,776582,0.0
2020-10-01,120.64,124.62,120.42,123.49,884015,0.0
2020-10-04,124.35,126.43,124.06,125.88,472277,0.0
2020-10-05,126.13,127.24,122.52,123.07,734547,0.0
2020-10-06,124.68,126.24,124.3,125.84,317206,0.0
2020-10-07,126.73,127.16,125.57,126.23,308183,0.0
2020-10-08,127.25,127.83,125.62,126.07,349742,0.0
2020-10-11,127.86,130.81,126.48,130.095,439925,0.0
2020-10-12,130.53,131.215,129.685,129.92,468900,0.0
2020-10-13,129.92,131.13,129.4,129.56,464766,0.0
2020-10-14,127.58,130.11,127,129.81,363878,0.0
2020-10-15,130.75,131.76,129.3,130.62,259158,0.0
2020-10-18,130.21,132.25,128.16,128.89,212571,0.0
2020-10-19,130.72,131.39,128.91,129.32,309977,0.0
2020-10-20,129.75,130.2987,128.09,128.84,219656,0.0
2020-10-21,128.52,129.815,127.32,129.44,242823,0.0
2020-10-22,130.3037,130.54,128.67,130.02,184661,0.0
2020-10-25,128.27,129.61,124.2201,125.77,305261,0.0
2020-10-26,125.35,126.2,123.12,123.29,372387,0.0
2020-10-27,120.02,120.75,118.31,118.63,493007,0.0
2020-10-28,117.28,122.09,117.02,120.95,551794,0.0
2020-10-29,119.94,123.1984,118.6071,122.97,834883,0.0
2020-11-01,125.73,129.46,123.215,126.45,1001956,0.0
2020-11-02,130.05,131.81,127.66,130.68,539310,0.0
2020-11-03,132.15,135.95,130.09,133.8,799261,0.0
2020-11-04,135.22,139.75,135.11,138.18,1128760,0.0
2020-11-05,138.3,139.49,137.11,138.08,500342,0.0
2020-11-08,141.09,146.95,141.09,143.93,1182608,0.0
2020-11-09,141.33,144.22,136.87,137.52,1134298,0.0
2020-11-10,138.32,139.335,136.87,138.64,469128,0.0
2020-11-11,138.46,139.23,135.26,135.56,296182,0.0
2020-11-12,136.99,138.43,136.82,137.73,898177,0.0
2020-11-15,139.31,140.82,138.57,139.07,518905,0.0
2020-11-16,137.61,138.96,136.33,136.78,617686,0.0
2020-11-17,137.1,138.11,135.67,135.83,1228231,0.0
2020-11-18,134.74,135.075,131.05,132.76,1195967,0.0
2020-11-19,132.45,133.6,131.92,132,635124,0.0
2020-11-22,132.26,132.69,130.23,131.17,836728,0.0
2020-11-23,131.855,137.67,131.665,136.81,1616364,0.0
2020-11-24,136.24,136.34,131.33,131.95,684657,0.0
2020-11-26,132.11,132.42,131.08,132.2,315122,0.0
2020-11-29,131.5,131.5,129.06,130.49,634779,0.0
2020-11-30,131.93,133.1,131.03,132.03,889796,0.0
2020-12-01,131.97,132.28,130.61,131.21,409610,0.0
2020-12-02,130.81,132.95,130.735,131.08,446170,0.0
2020-12-03,131.55,134.38,131.35,133.38,681770,0.0
2020-12-06,133.25,134.75,132,133.02,595294,0.0
2020-12-07,133.6,134.32,132.32,132.94,631021,0.0
2020-12-08,133,133.46,131.11,132.129,501852,0.0
2020-12-09,131.5,132.37,130.895,131.69,440664,0.0
2020-12-10,130.72,131.6106,128.82,130.7,588676,0.0
2020-12-13,131.57,134.11,130.75,131.74,694351,0.0
2020-12-14,132.19,133.26,131.755,132.82,518592,0.0
2020-12-15,132.71,133.185,131.774,132.19,423494,0.0
2020-12-16,128.9069,135.38,128.9069,135.24,722740,0.0
2020-12-17,135.85,136.63,133.27,134.45,834786,0.0
2020-12-20,131.75,132.13,129.3,130.99,949761,0.0
2020-12-21,131.35,131.645,129.47,130.78,843309,0.0
2020-12-22,131.41,132.585,129.67,129.85,649297,0.0
2020-12-23,130.46,130.53,128.25,129.09,363791,0.0
2020-12-27,130.75,131.51,129.63,131.06,874511,0.0
2020-12-28,132.01,133.89,128.84,129.51,538048,0.0
2020-12-29,129.33,131.47,129,130.02,420918,0.0
2020-12-30,129.82,132.17,129.4,131.63,325413,0.0
2021-01-03,131.75,132.81,125.46,127.15,865732,0.0
2021-01-04,126.19,128.33,125.66,127.73,868347,0.0
2021-01-05,127.22,130.37,127.22,128.96,729017,0.0
2021-01-06,129.12,132.62,128.58,131.955,1360907,0.0
2021-01-07,132.19,135.74,132,134.58,864250,0.0
2021-01-10,133.01,135.16,132.76,133.65,587214,0.0
2021-01-11,133.28,135.74,132.91,134.48,554470,0.0
2021-01-12,134.38,136.23,134.1,135,842345,0.0
2021-01-13,135.18,136.21,134.45,134.75,584432,0.0
2021-01-14,134.21,134.64,131.17,133.755,692865,0.0
2021-01-18,133.45,134.88,130.01,132.97,556270,0.0
2021-01-19,133.85,136.815,133.1,136.15,652609,0.0
2021-01-20,135.83,137.8,134.76,137.72,568414,0.0
2021-01-21,136.49,137.25,135.32,135.32,658868,0.0
2021-01-24,135.82,137.01,134.84,135.16,369063,0.0
2021-01-25,136.14,136.14,133.21,134.24,361182,0.0
2021-01-26,132.96,134.2887,130.355,133.09,820826,0.0
2021-01-27,133.63,136.41,132.65,134.51,895091,0.0
2021-01-28,133.26,134.41,130.22,131.61,740870,0.0
2021-01-31,133.47,139.31,132.71,138.16,1126062,0.0
2021-02-01,138.74,142.4,138.37,141.51,622765,0.0
2021-02-02,140.53,141.92,139.37,141.01,632827,0.0
2021-02-03,145.71,149.99,144.82,149.98,1077599,0.0
2021-02-04,151.2729,151.2729,147.52,151.14,513564,0.0
2021-02-07,152.08,153.95,150.02,150.39,1330352,0.0
2021-02-08,150.39,151.75,149.27,151.7,669141,0.0
2021-02-09,155.26,157.94,154.31,157.12,882001,0.0
2021-02-10,156.98,157.1,154.155,156.995,599531,0.0
2021-02-11,157.02,157.02,154.41,155.4,488496,0.0
2021-02-15,154.78,156.77,154.66,155.93,599070,0.0
2021-02-16,155.61,158.58,154.3,157.8,691279,0.0
2021-02-17,156.8,158.08,156.55,156.64,545841,0.0
2021-02-18,157.25,162.42,156.8022,160.71,887745,0.0
2021-02-21,158.6,160.78,158.32,159.28,484796,0.0
2021-02-22,158.46,158.46,154.43,157.16,669734,0.0
2021-02-23,154.63,162.73,154.01,162.12,586731,0.0
2021-02-24,160.97,161.415,156.51,156.89,681691,0.0
2021-02-25,158.36,159.71,155.67,156.76,719448,0.0
2021-02-28,160.1,161.86,158.62,160.6,614265,0.0
2021-03-01,160,160.81,156.84,156.85,584716,0.0
2021-03-02,156.49,157,154.38,155.64,735452,0.0
2021-03-03,154.88,155.78,148.91,151.31,961219,0.0
2021-03-04,153.82,155.25,149.215,154.48,782877,0.0
2021-03-07,154.07,157.2,152.905,155.15,626130,0.0
2021-03-08,155.87,157.32,154.17,154.47,680454,0.0
2021-03-09,155.67,158.27,154.295,156.44,587347,0.0
2021-03-10,157.11,161.015,156.18,159.99,540768,0.0
2021-03-11,161.02,162,158.99,160.07,417487,0.0
2021-03-14,159.69,161.34,158.5,161.28,419919,0.0
2021-03-15,162.13,162.2,160.02,160.97,442897,0.0
2021-03-16,160.15,160.63,157.57,160.42,452456,0.0
2021-03-17,157.3,159.915,156.59,157.1,618461,0.0
2021-03-18,156.27,159.42,154.74,157.93,779257,0.0
2021-03-21,158.2,160.35,157.18,159.3,474537,0.0
2021-03-22,158.85,159.925,155.175,156.06,651637,0.0
2021-03-23,157.23,159.63,156.1,156.49,593820,0.0
2021-03-24,156.015,160.4,154.53,159.62,836572,0.0
2021-03-25,158.75,168.03,158.59,167.96,1133299,0.0
2021-03-28,167.74,168.96,163.8,165.19,726178,0.0
2021-03-29,163.97,165.33,161.34,164.81,443890,0.0
2021-03-30,165.77,166.4,164.0597,165.78,461629,0.0
2021-03-31,167.63,169.64,166.59,169.51,588613,0.0
2021-04-04,170.4,172.79,169.5,171.54,555577,0.0
2021-04-05,170.79,171.56,169.56,171.49,454418,0.0
2021-04-06,171.01,171.3,169.85,170.2,411500,0.0
2021-04-07,176.33,176.33,172.18,174.68,640273,0.0
2021-04-08,173.8,175.68,172.7,175.58,702113,0.0
2021-04-11,175.76,175.56,173.32,174.2,490716,0.0
2021-04-12,174.05,176.18,173.59,175.89,429552,0.0
2021-04-13,176.99,178.93,175.44,178.11,998467,0.0
2021-04-14,178.78,181.04,176.92,180.75,753814,0.0
2021-04-15,184.46,184.58,181.575,183.9,823419,0.0
2021-04-18,185.48,184.0558,181.91,182.25,696525,0.0
2021-04-19,181.31,183.63,179.72,180.77,688327,0.0
2021-04-20,181.38,182.61,180.8,181.76,676960,0.0
2021-04-21,182.67,183.11,180.26,180.85,441333,0.0
2021-04-22,181.77,183.52,180.93,182.61,632764,0.0
2021-04-25,182.76,184,181.64,183.12,516396,0.0
2021-04-26,183.01,183.72,181.67,183.49,351888,0.0
2021-04-27,183.43,183.85,181.105,182.1,347638,0.0
2021-04-28,183.22,184.02,181.95,182.47,428022,0.0
2021-04-29,181.46,181.46,177.86,178.42,673993,0.0
2021-05-02,180.3,180.77,177.512,179.15,633213,0.0
2021-05-03,178.56,179.095,175.02,176.405,822795,0.0
2021-05-04,174.645,176,169.04,171.38,1320901,0.0
2021-05-05,171.06,172.92,166.41,172.71,1190132,0.0
2021-05-06,173.05,175.38,171.97,174.88,680440,0.0
2021-05-09,174.87,175.39,171.4,171.42,437395,0.0
2021-05-10,168.6,169.64,166.66,167.65,1290954,0.0
2021-05-11,164.63,166.43,162.57,163.38,986490,0.0
2021-05-12,164.91,169.76,163.66,168.53,1135680,0.0
2021-05-13,169.88,170.06,166.35,169.46,696374,0.0
2021-05-16,167.69,169.27,166.62,169.14,532393,0.0
2021-05-17,169.56,169.84,167.8,167.87,616547,0.0
2021-05-18,164.92,168.24,164.3483,168.03,467405,0.0
2021-05-19,168.03,168.76,166.855,168.06,706821,0.0
2021-05-20,168.52,169.7601,167.18,168.07,441034,0.0
