Date,Open,High,Low,Close,Volume,OpenInterest
2017-05-29,64.78,65.47,64.36,65.42,839217,0.0
2017-05-30,65.4,65.58,64.8773,65.35,994748,0.0
2017-05-31,65.5,66.8589,65.4175,66.69,997779,0.0
2017-06-01,66.74,67.67,66.443,67.42,1289014,0.0
2017-06-04,67.63,69.28,67.0737,67.91,3313509,0.0
2017-06-05,67.94,69.25,67.75,68.23,1638737,0.0
2017-06-06,68.35,68.74,67.77,68.16,785723,0.0
2017-06-07,68.12,68.42,67.56,68.11,732542,0.0
2017-06-08,68.01,68.16,66.05,66.28,1708037,0.0
2017-06-11,67.37,67.37,64.79,65.79,2007091,0.0
2017-06-12,65.82,66.64,65.7,66.465,1074344,0.0
2017-06-13,66.53,66.98,65.46,65.92,897630,0.0
2017-06-14,65.55,66.07,65.15,65.94,876932,0.0
2017-06-15,65.7,66.29,65.53,66.05,1721650,0.0
2017-06-18,66.17,67.4,65.89,67.34,870980,0.0
2017-06-19,67.32,67.4601,66.8,66.85,697497,0.0
2017-06-20,67,67.52,66.86,67.14,694260,0.0
2017-06-21,66.89,67.72,66.77,67.345,714279,0.0
2017-06-22,67.57,68.41,67.15,68.31,1246877,0.0
2017-06-25,68.33,68.71,67.15,67.31,911187,0.0
2017-06-26,67.21,67.385,66.28,66.34,956984,0.0
2017-06-27,66.56,67.29,65.93,67.15,783059,0.0
2017-06-28,67.06,67.14,65.36,66.14,835798,0.0
2017-06-29,66.52,66.83,66.16,66.48,928382,0.0
2017-07-02,66.77,66.98,65.13,65.49,789831,0.0
2017-07-04,65.51,66.89,65.33,66.59,766650,0.0
2017-07-05,66.18,66.57,64.95,65.02,1065462,0.0
2017-07-06,65.29,66.04,65.18,65.74,1076949,0.0
2017-07-09,65.48,65.645,64.62,65.34,1736900,0.0
2017-07-10,65.18,65.46,64.8352,65.31,775011,0.0
2017-07-11,66.16,66.499,65.565,65.71,708848,0.0
2017-07-12,65.94,65.95,64.785,65.22,570356,0.0
2017-07-13,65.33,65.99,65.31,65.82,640952,0.0
2017-07-16,65.85,66.45,65.56,66.24,967196,0.0
2017-07-17,66.17,66.22,65.48,66.15,659666,0.0
2017-07-18,66.34,66.34,65.46,65.571,724613,0.0
2017-07-19,65.71,65.93,65.26,65.48,728790,0.0
2017-07-20,65.21,65.83,65.12,65.37,762735,0.0
2017-07-23,65.25,65.77,65,65.76,706439,0.0
2017-07-24,65.82,65.97,65.31,65.55,710996,0.0
2017-07-25,65.57,65.9,64.43,64.62,1174729,0.0
2017-07-26,63.43,64.08,62.57,63.53,2380175,0.0
2017-07-27,64.6,65.61,64.17,64.62,2198237,0.0
2017-07-30,64.48,65.4,64.04,64.38,977409,0.0
2017-07-31,64.48,64.97,64.15,64.81,1288865,0.0
2017-08-01,64.81,64.85,63.88,64.07,1106606,0.0
2017-08-02,63.9,64.29,63.25,63.57,1433054,0.0
2017-08-03,63.53,63.97,62.9,63.08,1009608,0.0
2017-08-06,63.14,63.65,62.74,63.38,1101000,0.0
2017-08-07,63.18,63.49,62.86,63.15,896648,0.0
2017-08-08,62.97,63.05,62.36,62.5,1119155,0.0
2017-08-09,62.58,62.71,61.55,61.61,1190859,0.0
2017-08-10,61.85,62.32,61.53,62.11,867067,0.0
2017-08-13,62.36,63.25,62.35,62.9,1009429,0.0
2017-08-14,62.96,63.61,62.67,63.45,869959,0.0
2017-08-15,63.45,64.01,63.15,63.97,1214803,0.0
2017-08-16,63.81,64.69,63.3,63.36,1488635,0.0
2017-08-17,63.28,64.565,63.19,64.24,1739516,0.0
2017-08-20,64.19,64.97,63.69,64.94,1096173,0.0
2017-08-21,65.01,65.55,64.76,65.37,860993,0.0
2017-08-22,65.22,65.39,64.6,64.79,901157,0.0
2017-08-23,64.81,65.36,64.36,65.05,1121896,0.0
2017-08-24,65.34,65.5,65.01,65.25,887690,0.0
2017-08-27,65.3,65.49,64.45,64.64,1211056,0.0
2017-08-28,64.27,65.77,64.02,65.27,1070281,0.0
2017-08-29,65.18,66.29,64.86,66.13,824541,0.0
2017-08-30,66.26,67.8516,65.99,67.79,1474273,0.0
2017-08-31,67.86,68.42,67.1,68.28,1245871,0.0
2017-09-04,67.97,68.45,66.91,67.56,1714559,0.0
2017-09-05,67.86,68.27,67.3,67.64,999087,0.0
2017-09-06,67.71,69.91,67.65,69,2161730,0.0
2017-09-07,69.17,69.85,68.79,69.35,1245624,0.0
2017-09-10,69.61,70.5,69.3,70.49,1345732,0.0
2017-09-11,70.3,71.07,69.88,70.97,1188641,0.0
2017-09-12,70.7,71.13,70.25,70.51,1226993,0.0
2017-09-13,70,72.27,69.77,71.93,2522763,0.0
2017-09-14,71.92,72.19,71.26,71.62,2162757,0.0
2017-09-17,71.43,71.43,69.07,69.32,2307459,0.0
2017-09-18,70.18,70.3,69.42,69.66,2065884,0.0
2017-09-19,69.78,69.95,68.87,69.69,926964,0.0
2017-09-20,69.66,69.95,69.2,69.49,613429,0.0
2017-09-21,69.32,69.72,68.97,69.62,765396,0.0
2017-09-24,69.46,69.75,68.68,69.39,759494,0.0
2017-09-25,69.51,70,69.08,69.86,2022716,0.0
2017-09-26,70,71.49,69.85,71.06,1402797,0.0
2017-09-27,70.64,71.38,70.53,70.79,1049283,0.0
2017-09-28,70.95,71.46,70.65,71.31,1206113,0.0
2017-10-01,71.35,72.82,71.33,72.32,1597339,0.0
2017-10-02,72.2,72.76,71.91,72.06,1382305,0.0
2017-10-03,72.02,72.41,71.58,71.8,947704,0.0
2017-10-04,72.02,72.05,71.23,71.56,1332834,0.0
2017-10-05,71.53,71.895,71.26,71.53,712915,0.0
2017-10-08,71.52,71.72,71.29,71.44,919927,0.0
2017-10-09,71.62,71.65,71.265,71.42,1183063,0.0
2017-10-10,71.08,71.58,70.91,71.5,977384,0.0
2017-10-11,71.64,72.07,71.39,71.74,1532511,0.0
2017-10-12,73.06,73.86,72.07,73.57,1657618,0.0
2017-10-15,73.5,73.57,71.46,72.09,1715944,0.0
2017-10-16,71.97,72.81,71.9,72.52,1304775,0.0
2017-10-17,72.4,72.75,72.16,72.68,597307,0.0
2017-10-18,72.66,73.34,72.21,72.795,1033580,0.0
2017-10-19,72.83,73.3715,72.51,73.01,2401368,0.0
2017-10-22,73.22,73.46,72.325,72.45,1482910,0.0
2017-10-23,73,73.03,72.17,72.38,3111184,0.0
2017-10-24,72.08,72.46,71.72,71.82,1931395,0.0
2017-10-25,72.14,72.18,71.13,71.3,2525895,0.0
2017-10-26,64.51,65.5,62.855,65.3042,6983910,0.0
2017-10-29,65.02,66.61,64.745,66.45,2579112,0.0
2017-10-30,67.45,68.98,67.34,67.53,2313357,0.0
2017-10-31,67.73,67.9,64.87,65.49,2741740,0.0
2017-11-01,65.07,65.75,64.75,65.46,2236539,0.0
2017-11-02,65.39,65.84,65.21,65.42,1526061,0.0
2017-11-05,65.36,65.81,65.06,65.71,950551,0.0
2017-11-06,65.78,66.24,65.67,65.93,984729,0.0
2017-11-07,65.85,66.47,65.6,66.29,948280,0.0
2017-11-08,65.87,66.105,64.69,65.48,1238782,0.0
2017-11-09,65.31,65.56,64.93,65.3,814954,0.0
2017-11-12,65.13,65.55,64.97,65.46,822121,0.0
2017-11-13,65.45,65.62,64.79,65.06,632683,0.0
2017-11-14,64.82,65.15,64.24,64.79,883395,0.0
2017-11-15,64.77,65.77,64.65,65.54,672103,0.0
2017-11-16,65.53,66.1,65.08,65.4,1291692,0.0
2017-11-19,65.34,65.78,65.13,65.74,1450458,0.0
2017-11-20,66.03,66.73,65.54,66.68,1172158,0.0
2017-11-21,66.78,71.43,66.27,70.04,7722976,0.0
2017-11-23,70.47,70.81,69.66,70.59,1530239,0.0
2017-11-26,70.63,70.88,69.2,69.54,2215849,0.0
2017-11-27,69.51,69.89,68.205,69.75,1858637,0.0
2017-11-28,69.91,70.61,69.58,69.77,1649834,0.0
2017-11-29,69.94,70.97,69.81,70.67,1958784,0.0
2017-11-30,70.34,70.77,69.07,70.16,927268,0.0
2017-12-03,70.34,70.675,69.55,69.79,1305719,0.0
2017-12-04,70.06,70.53,69.79,70.09,1173835,0.0
2017-12-05,70.13,70.46,69.35,69.58,731292,0.0
2017-12-06,69.45,69.99,69.03,69.95,693115,0.0
2017-12-07,70.31,70.5,69.79,70.42,638248,0.0
2017-12-10,70.23,70.65,70,70.12,817799,0.0
2017-12-11,70.02,70.49,69.77,70.37,595363,0.0
2017-12-12,70.58,70.75,69.31,69.68,1490988,0.0
2017-12-13,69.75,70.21,68.545,68.57,1234434,0.0
2017-12-14,68.42,69.59,68.2,69.37,1862632,0.0
2017-12-17,69.79,70.28,68.785,68.98,1222077,0.0
2017-12-18,68.81,69.55,68.61,68.62,1142217,0.0
2017-12-19,69.09,69.13,68.39,68.51,1367103,0.0
2017-12-20,68.6,68.92,67.81,67.87,1650849,0.0
2017-12-21,67.8,67.995,67.14,67.38,2128838,0.0
2017-12-25,67.47,68,67.12,67.67,1181714,0.0
2017-12-26,67.81,68.205,67.44,67.6,533614,0.0
2017-12-27,67.82,67.99,67.26,67.92,463772,0.0
2017-12-28,67.89,68.0599,67.38,67.41,581593,0.0
2018-01-01,67.55,69,67.541,68.57,935360,0.0
2018-01-02,68.54,69.17,68.5,69.06,808056,0.0
2018-01-03,69.24,69.38,68.34,69,685526,0.0
2018-01-04,69.53,70.54,69.18,70.5,1092384,0.0
2018-01-07,70.12,70.77,70.01,70.57,807690,0.0
2018-01-08,70.57,71.8,70.3,71.7,1043229,0.0
2018-01-09,71.66,72.62,70.97,72.33,1323130,0.0
2018-01-10,72.25,73.43,72.2,72.63,1120055,0.0
2018-01-11,72.67,73.16,72.05,72.9,833255,0.0
2018-01-15,72.25,72.4,70.56,70.62,1447730,0.0
2018-01-16,71.21,71.25,70.08,70.28,1444228,0.0
2018-01-17,70.28,70.496,68.86,69.49,1867021,0.0
2018-01-18,69.4,69.4,68.16,68.89,2509434,0.0
2018-01-21,69.27,69.41,68.62,69.13,1982118,0.0
2018-01-22,68.9,69.855,68.63,69.19,2449185,0.0
2018-01-23,69.57,69.71,67.64,67.7,2975527,0.0
2018-01-24,68.14,68.82,67.93,68.04,2048190,0.0
2018-01-25,68.4,68.81,68.12,68.6,1868061,0.0
2018-01-28,68.48,69.05,68.08,68.72,1921712,0.0
2018-01-29,69.02,69.9,68.13,69.36,2167844,0.0
2018-01-30,69.5,69.78,68.83,69.14,1608267,0.0
2018-01-31,68.89,69.06,67.95,68.28,918717,0.0
2018-02-01,67.83,68.005,66.38,66.39,1356980,0.0
2018-02-04,66.4,66.7,63.4,63.41,2979582,0.0
2018-02-05,62.7,64.26,61.2265,64,4190302,0.0
2018-02-06,62.49,64.57,61.53,63.49,5352284,0.0
2018-02-07,63.27,63.49,61.18,61.22,2452006,0.0
2018-02-08,61.56,62.23,59.75,61.31,3066784,0.0
2018-02-11,61.68,63.11,61.27,62.47,1883456,0.0
2018-02-12,62.03,62.795,60.795,62.49,1996429,0.0
2018-02-13,62.2,62.9,61.93,62.21,2245990,0.0
2018-02-14,62.7,64.44,62.15,64.42,1665536,0.0
2018-02-15,64.4,64.83,63.99,64.22,1384857,0.0
2018-02-19,63.99,64.5,62.9256,62.99,1143883,0.0
2018-02-20,63.07,64.48,62.98,63.38,999413,0.0
2018-02-21,63.41,64.12,62.73,62.91,946617,0.0
2018-02-22,63.23,64.54,62.83,64.52,1195602,0.0
2018-02-25,64.68,65,63.99,64.27,1137958,0.0
2018-02-26,64.53,65.42,63.95,63.96,1735221,0.0
2018-02-27,64.34,65.17,64.05,64.16,1661688,0.0
2018-02-28,64.27,64.83,61.991,62.37,1876428,0.0
2018-03-01,62.14,63.29,62.1,62.93,3395926,0.0
2018-03-04,62.76,64.49,62.55,64.33,1937916,0.0
2018-03-05,64.64,65.05,64.42,64.97,2081961,0.0
2018-03-06,64.7,65.28,64.042,65.03,1504670,0.0
2018-03-07,64.99,65.13,63.395,63.66,1669677,0.0
2018-03-08,63.97,64.98,63.77,64.91,1352661,0.0
2018-03-11,64.92,65.07,64.45,64.64,1070455,0.0
2018-03-12,64.15,64.95,62.55,63.04,1539879,0.0
2018-03-13,63,63.22,61.65,62.04,2953898,0.0
2018-03-14,62.16,62.27,61.4,61.77,1591453,0.0
2018-03-15,61.89,62.17,60.69,61.24,2751481,0.0
2018-03-18,60.86,61.03,59.69,60.4,2343157,0.0
2018-03-19,60.55,60.81,59.32,59.44,3034428,0.0
2018-03-20,59.61,60.76,59.51,59.86,3497151,0.0
2018-03-21,58.48,59.47,57.44,57.47,1938348,0.0
2018-03-22,57.57,58.21,56.49,56.51,1785749,0.0
2018-03-25,57.2,57.81,56.65,57.77,2103458,0.0
2018-03-26,58.13,58.41,57.16,57.66,3427221,0.0
2018-03-27,57.87,59.05,57.87,58.64,4188240,0.0
2018-03-28,58.32,58.93,57.85,58.02,3718218,0.0
2018-04-01,57.48,58.05,56.01,57.11,3358596,0.0
2018-04-02,57.38,57.4089,55.29,56.639,5699025,0.0
2018-04-03,56.31,57.88,56.14,57.7,2826146,0.0
2018-04-04,57.94,58.435,57.635,58.12,2605108,0.0
2018-04-05,57.79,58.03,56.15,56.42,2216083,0.0
2018-04-08,56.86,57.37,56.54,56.58,1643239,0.0
2018-04-09,57.12,57.38,56.465,56.73,1693824,0.0
2018-04-10,56.18,57.43,56.16,56.89,1593990,0.0
2018-04-11,57.2,57.405,56.74,57.17,1070286,0.0
2018-04-12,57.56,57.56,56.56,56.91,1296525,0.0
2018-04-15,57.3,58.19,56.98,57.94,1494135,0.0
2018-04-16,58.49,59.31,57.821,59.02,2523069,0.0
2018-04-17,59.33,59.45,58.98,59.3,1463261,0.0
2018-04-18,58.95,59.21,58.47,58.92,1696182,0.0
2018-04-19,58.69,58.98,58.14,58.235,1804489,0.0
2018-04-22,59.4,59.44,58.075,58.57,1984949,0.0
2018-04-23,58.87,58.95,57.4,57.95,1914302,0.0
2018-04-24,57.75,58.41,57.35,58.35,1291967,0.0
2018-04-25,58.61,59.21,58.14,59,1866478,0.0
2018-04-26,59.03,59.56,58.86,59.45,1324856,0.0
2018-04-29,59.59,59.6675,58.25,58.25,2447101,0.0
2018-04-30,58.24,58.82,57.74,58.81,1289093,0.0
2018-05-01,58.29,58.71,57.08,57.94,3523711,0.0
2018-05-02,52.18,55.8,52.05,55.09,5627428,0.0
2018-05-03,54.76,57.6199,54.76,57.24,3993849,0.0
2018-05-06,57.75,58.96,57.58,58.06,3398581,0.0
2018-05-07,57.82,59.205,57.61,58.78,3157684,0.0
2018-05-08,58.59,59.84,58.57,59.34,2284657,0.0
2018-05-09,59.51,60.37,59.35,60.27,1807582,0.0
2018-05-10,60.49,60.95,60.32,60.83,2503149,0.0
2018-05-13,60.66,60.7,58.69,59.04,1992910,0.0
2018-05-14,58.66,58.785,57.915,58.28,1632636,0.0
2018-05-15,58.48,60.26,58.22,59.97,2361678,0.0
2018-05-16,59.82,61.19,59.82,60.62,1932538,0.0
2018-05-17,62.74,63.22,61,61.35,4326782,0.0
2018-05-20,61.6,61.92,60.65,60.76,2747387,0.0
2018-05-21,60.81,61.07,57.9435,59.72,1502772,0.0
2018-05-22,59.3,59.74,58.81,59.48,1352434,0.0
2018-05-23,59.32,59.68,58.49,59.44,1238584,0.0
2018-05-24,59.6,60.6,59.6,59.94,1069601,0.0
2018-05-28,59.33,59.99,59.0304,59.47,1293766,0.0
2018-05-29,59.68,60.5,59,60.17,758780,0.0
2018-05-30,60.06,60.22,59.4895,59.67,1226030,0.0
2018-05-31,60.11,60.11,59.47,59.73,1458060,0.0
2018-06-03,59.87,59.96,59.21,59.74,1187451,0.0
2018-06-04,59.89,60.58,59.72,60.39,897377,0.0
2018-06-05,60.54,61.45,60.42,61.3,1147577,0.0
2018-06-06,61.2,61.4,59.73,60.25,1381557,0.0
2018-06-07,60.35,60.81,59.67,60.68,831962,0.0
2018-06-10,60.61,60.96,60.32,60.7,628972,0.0
2018-06-11,60.64,60.99,60.0001,60.68,797992,0.0
2018-06-12,60.78,60.98,60.24,60.27,904412,0.0
2018-06-13,60.28,61.13,60.26,61.07,814332,0.0
2018-06-14,60.98,62.05,60.62,61.87,1563298,0.0
2018-06-17,61.53,61.74,61.22,61.37,941327,0.0
2018-06-18,60.91,61.48,60.67,61.35,939784,0.0
2018-06-19,61.5,61.61,60.92,61.07,658026,0.0
2018-06-20,61.05,61.32,59.74,59.92,737296,0.0
2018-06-21,60.44,60.75,59.74,59.81,1247710,0.0
2018-06-24,59.59,59.84,58.67,59.2,1005366,0.0
2018-06-25,59.2,60.18,58.94,59.66,1005035,0.0
2018-06-26,59.54,60.3,58.83,58.85,715348,0.0
2018-06-27,58.87,59.84,58.8,59.76,761340,0.0
2018-06-28,59.88,60.32,59.59,59.78,915460,0.0
2018-07-01,59.59,61.2,59.49,61.16,1686744,0.0
2018-07-02,61.22,61.75,61.04,61.43,717448,0.0
2018-07-04,61.57,62.9,61.47,62.7,1474093,0.0
2018-07-05,62.84,63.3476,62.72,62.96,1132694,0.0
2018-07-08,63.24,63.88,63,63.71,999858,0.0
2018-07-09,62.1,62.13,60.58,60.75,1834072,0.0
2018-07-10,60.55,60.809,59.96,60.24,889938,0.0
2018-07-11,60.67,61.23,60.485,61,1268361,0.0
2018-07-12,60.97,61.71,60.79,61.47,857230,0.0
2018-07-15,61.43,61.5,60.91,61.03,718951,0.0
2018-07-16,60.78,61.11,60.65,60.98,560916,0.0
2018-07-17,60.74,60.98,60.36,60.66,598762,0.0
2018-07-18,60.57,60.97,60.12,60.755,896589,0.0
2018-07-19,60.47,60.88,60.32,60.45,842712,0.0
2018-07-22,60.38,61.075,60.255,60.81,666620,0.0
2018-07-23,61,61.18,60.35,60.53,717244,0.0
2018-07-24,60.63,61.15,60.26,61.04,797292,0.0
2018-07-25,61.3,61.6,60.98,61.3,919914,0.0
2018-07-26,61.3,61.48,60.63,61.13,894209,0.0
2018-07-29,61.07,61.4,60.74,60.96,867571,0.0
2018-07-30,61.25,62.19,61.01,62.07,1120327,0.0
2018-07-31,61.87,62.63,61.2189,61.92,1517801,0.0
2018-08-01,61.9,63.28,61.54,62.96,1885250,0.0
2018-08-02,65.55,67.57,65.25,66.86,3561596,0.0
2018-08-05,66.6,67.3,65.58,67.08,1951661,0.0
2018-08-06,67.54,67.54,65.8,65.94,1457933,0.0
2018-08-07,65.75,66.56,65.6,66.36,1519485,0.0
2018-08-08,66.39,67.26,66.23,66.28,1179716,0.0
2018-08-09,65.91,66.225,65.02,65.15,1395218,0.0
2018-08-12,65.05,65.25,63.71,64.28,2074378,0.0
2018-08-13,64.28,64.63,63.72,64.33,1890798,0.0
2018-08-14,63.86,64.04,62.98,63.52,2007821,0.0
2018-08-15,63.82,64.89,63.43,64.86,1634876,0.0
2018-08-16,64.75,65.43,64.0179,65.29,1505751,0.0
2018-08-19,65.29,65.75,65.02,65.42,1006380,0.0
2018-08-20,65.44,66.27,64.8034,65.73,1067259,0.0
2018-08-21,65.47,65.65,64.91,65.48,833529,0.0
2018-08-22,65.39,65.57,64.82,65.26,691675,0.0
2018-08-23,65.22,65.7,65.2,65.44,638034,0.0
2018-08-26,65.75,65.88,65.45,65.63,694187,0.0
2018-08-27,65.87,66.05,65.16,65.55,661017,0.0
2018-08-28,65.69,66.1896,65,65.74,790923,0.0
2018-08-29,65.59,65.86,65.04,65.15,690560,0.0
2018-08-30,65.15,65.55,64.845,65.11,902150,0.0
2018-09-03,64.93,65.16,64.49,64.57,1270650,0.0
2018-09-04,64.4,64.75,63.97,64.72,1410690,0.0
2018-09-05,64.72,65.5,64.53,64.89,863419,0.0
2018-09-06,66.05,66.05,63.5,64.23,919718,0.0
2018-09-09,64.2,64.2,62.84,63.22,1595337,0.0
2018-09-10,63.04,64.1,63.02,63.58,1360115,0.0
2018-09-11,63.69,64.91,63.58,64.77,1140685,0.0
2018-09-12,64.79,65.49,64.79,65.19,1099973,0.0
2018-09-13,65.11,65.35,64.59,64.935,935231,0.0
2018-09-16,64.98,64.98,63.51,64.21,917559,0.0
2018-09-17,64.15,64.75,64.03,64.38,1201748,0.0
2018-09-18,64.47,64.805,63.41,63.995,939858,0.0
2018-09-19,64.22,64.56,64.16,64.33,1012103,0.0
2018-09-20,64.4,64.97,63.76,63.82,2458205,0.0
2018-09-23,63.38,63.85,63.21,63.79,990244,0.0
2018-09-24,64,64.23,63.9,63.96,968601,0.0
2018-09-25,64,64.84,63.89,64.2,874283,0.0
2018-09-26,64.2,64.6,64.08,64.21,666067,0.0
2018-09-27,64.09,64.43,63.87,64.41,678378,0.0
2018-09-30,64.7,64.97,63.64,64.05,1102585,0.0
2018-10-01,64,64.755,63.8,64.26,1177559,0.0
2018-10-02,64.4,64.74,64.12,64.73,1274166,0.0
2018-10-03,64.78,65.27,63.86,64.52,2267090,0.0
2018-10-04,64.51,65.44,63.89,64.47,1180357,0.0
2018-10-07,64.41,64.68,63.19,63.71,702933,0.0
2018-10-08,63.78,64.08,63.35,63.58,614781,0.0
2018-10-09,63.61,64.39,62.9,62.97,1292967,0.0
2018-10-10,63.29,63.622,61.55,61.6,2654397,0.0
2018-10-11,62.18,62.33,60.93,62.11,1273509,0.0
2018-10-14,61.74,63.14,61.1692,62.43,928938,0.0
2018-10-15,62.76,64.6,62.57,64.36,940016,0.0
2018-10-16,64.3,64.33,62.8475,64.23,920899,0.0
2018-10-17,64.06,64.19,62.41,62.75,1326308,0.0
2018-10-18,63.12,63.79,62.67,62.98,2039549,0.0
2018-10-21,62.96,63.69,62.7415,63,1382109,0.0
2018-10-22,62.31,63.96,62.16,63.52,1302490,0.0
2018-10-23,63.31,63.88,61.7,61.82,1533074,0.0
2018-10-24,62.29,63.13,61.72,62.32,1553557,0.0
2018-10-25,52.14,56.56,50.9132,55.54,6595866,0.0
2018-10-28,58.53,59.3176,57.88,58.4,5304286,0.0
2018-10-29,58.68,59.34,57.03,57.45,2993468,0.0
2018-10-30,57.82,58.42,57.205,57.28,2754415,0.0
2018-10-31,57.24,58.26,57.222,57.43,1520433,0.0
2018-11-01,57.67,58.06,56.16,56.71,1651932,0.0
2018-11-04,56.91,57.49,56.42,56.65,784372,0.0
2018-11-05,56.54,57.61,56.4537,57.59,1146422,0.0
2018-11-06,58.14,58.9,58,58.54,1112592,0.0
2018-11-07,58.45,58.9,57.985,58.05,893704,0.0
2018-11-08,57.92,58.04,57.13,57.57,1818324,0.0
2018-11-11,57.4,57.76,56.66,56.75,838327,0.0
2018-11-12,56.93,57.39,55.98,56.39,893968,0.0
2018-11-13,56.75,57.02,56.23,56.52,1237235,0.0
2018-11-14,56.17,57.3825,55.7901,57.28,961398,0.0
2018-11-15,57.04,58.31,55.99,57.9,1204911,0.0
2018-11-18,57.89,57.89,56.08,56.25,1278937,0.0
2018-11-19,56.14,56.57,55.72,56.29,1124882,0.0
2018-11-20,56.31,56.83,55.85,56.61,853056,0.0
2018-11-22,56.25,57.31,56.21,56.94,359762,0.0
2018-11-25,57.37,57.985,57.01,57.93,1304701,0.0
2018-11-26,57.7,58.4,57.16,57.95,1951926,0.0
2018-11-27,57.93,58.48,56.92,58.39,1292140,0.0
2018-11-28,58.05,58.32,57.31,57.33,1932216,0.0
2018-11-29,57.6,58.24,57.16,57.9,1772360,0.0
2018-12-02,58.35,59.29,57.93,58.1,1912100,0.0
2018-12-03,58.22,58.37,55.93,56.13,1152437,0.0
2018-12-05,55.25,55.49,54.17,54.87,2514751,0.0
2018-12-06,54.54,55.16,53.5,53.73,1963128,0.0
2018-12-09,53.62,54.8,52.97,54.43,2449510,0.0
2018-12-10,55.02,55.36,53.96,54.97,3194076,0.0
2018-12-11,55.68,57.185,55.68,56.14,1783416,0.0
2018-12-12,56.17,56.98,56.17,56.75,1959030,0.0
2018-12-13,56.28,57.47,55.85,55.9,2170614,0.0
2018-12-16,55.56,55.94,53.98,54.3,2014236,0.0
2018-12-17,54.78,54.8,52.69,53.11,2008778,0.0
2018-12-18,53.08,53.42,51.8,52.06,2113115,0.0
2018-12-19,51.98,52.55,49.91,50.7,2810324,0.0
2018-12-20,51.06,51.52,49.18,49.22,4802494,0.0
2018-12-23,49.13,50.08,48.78,48.91,1572658,0.0
2018-12-25,49.08,51.59,48.93,51.54,2715500,0.0
2018-12-26,50.8,52,50.22,52,2438682,0.0
2018-12-27,52.11,52.74,51.445,51.98,1367244,0.0
2018-12-30,52.28,52.66,51.88,52.18,961760,0.0
2019-01-01,51.46,52.138,51.41,51.79,1693660,0.0
2019-01-02,51.61,51.98,50.51,50.77,1453479,0.0
2019-01-03,51.25,52.32,51.02,52.18,1359370,0.0
2019-01-06,52.05,52.74,51.93,51.96,1246900,0.0
2019-01-07,52.35,53.19,52.09,53.14,1634975,0.0
2019-01-08,53.35,53.84,53.07,53.4,1208302,0.0
2019-01-09,53.25,54.17,53.08,54.07,1086884,0.0
2019-01-10,53.8,53.98,53.41,53.86,1291620,0.0
2019-01-13,53.34,54.48,53.18,54.02,1263945,0.0
2019-01-14,54.19,54.58,53.77,54.46,1266104,0.0
2019-01-15,54.55,54.76,53.62,53.62,1505630,0.0
2019-01-16,53.61,53.84,52.97,53.375,1827687,0.0
2019-01-17,53.9,54.04,53.24,54.02,2345384,0.0
2019-01-21,53.78,53.9,52.66,52.95,3498676,0.0
2019-01-22,52.97,54.09,52.81,54.06,2941045,0.0
2019-01-23,54.27,54.625,53.86,54.46,1867398,0.0
2019-01-24,55.44,55.44,54.61,54.89,1174295,0.0
2019-01-27,54.52,55.0973,54.42,54.92,1447385,0.0
2019-01-28,54.96,55.165,54.32,54.5,1333784,0.0
2019-01-29,54.59,54.79,54.21,54.55,3865085,0.0
2019-01-30,54.53,55.25,54.46,54.92,3161850,0.0
2019-01-31,54.86,55.25,54.605,54.85,1847318,0.0
2019-02-03,54.97,55.78,54.81,55.615,2417525,0.0
2019-02-04,55.75,56.43,55.39,55.4,2501532,0.0
2019-02-05,55.06,58.24,54.8895,56.25,3938406,0.0
2019-02-06,55.87,56.13,54.965,55.57,2000776,0.0
2019-02-07,55.33,56.165,55.06,55.95,1435034,0.0
2019-02-10,56.16,57.58,56.04,57.5,2821652,0.0
2019-02-11,57.82,59.15,57.66,58.86,2844534,0.0
2019-02-12,59.19,59.19,55.9399,56.93,4445544,0.0
2019-02-13,56.72,56.91,56.33,56.88,2979885,0.0
2019-02-14,57.33,57.89,56.92,57.865,1793891,0.0
2019-02-20,57.7,57.7,57.01,57.22,1416202,0.0
2019-02-21,57.31,57.76,57.01,57.73,1373299,0.0
2019-02-24,58,58.07,56.96,56.99,1334528,0.0
2019-02-25,56.75,57.17,56.49,57,1452287,0.0
2019-02-26,56.75,57.39,56.6,56.99,1133157,0.0
2019-02-27,54.72,56.29,54.22,55.97,2667700,0.0
2019-02-28,56.42,56.47,55.53,55.95,2651275,0.0
2019-03-03,56.25,56.33,55.09,55.37,2239666,0.0
2019-03-04,55.33,55.85,54.88,55.72,1344404,0.0
2019-03-05,55.87,56.21,55.28,55.44,2590220,0.0
2019-03-06,55.36,55.62,54.61,55.39,2373277,0.0
2019-03-07,55.01,55.68,54.6001,55.45,2312932,0.0
2019-03-10,55.51,56.47,55.49,56.25,2518030,0.0
2019-03-11,56.31,57.05,55.95,56.89,2226469,0.0
2019-03-12,56.95,57.81,56.815,57.56,1902720,0.0
2019-03-13,57.63,57.63,57.06,57.16,1003753,0.0
2019-03-14,57.58,57.9298,57.41,57.91,1104954,0.0
2019-03-17,57.78,58,57.285,57.66,915524,0.0
2019-03-18,57.95,58.12,57.195,57.57,1342098,0.0
2019-03-19,57.6,58.18,57.05,57.61,1361733,0.0
2019-03-20,57.05,58.5,57.05,58.29,864197,0.0
2019-03-21,58.08,58.34,56.91,56.98,1070686,0.0
2019-03-24,57.04,57.17,56.22,56.69,1098010,0.0
2019-03-25,56.92,57.39,56.53,56.71,1191536,0.0
2019-03-26,56.65,56.96,56.11,56.63,854976,0.0
2019-03-27,56.7,57,56.15,56.525,995063,0.0
2019-03-28,56.87,57.35,56.67,57.21,872820,0.0
2019-03-31,57.67,57.75,56.98,57.52,594960,0.0
2019-04-01,57.48,57.62,56.68,56.93,891864,0.0
2019-04-02,57.26,57.49,56.79,57.12,1087177,0.0
2019-04-03,57.21,57.54,56.71,57.07,644229,0.0
2019-04-04,57.03,57.51,57,57.35,762242,0.0
2019-04-07,57.41,57.58,56.52,57.08,1169319,0.0
2019-04-08,63.38,66.0263,61.89,63,14921196,0.0
2019-04-09,63.6,63.77,61.67,63.72,4662641,0.0
2019-04-10,63.57,63.76,61.98,62.205,3069116,0.0
2019-04-11,62.39,62.84,62.2,62.83,2341315,0.0
2019-04-14,62.72,63.6,62.48,63.46,2565821,0.0
2019-04-15,63.78,63.97,62.64,63.06,1840791,0.0
2019-04-16,63.12,63.43,62.23,62.44,2720301,0.0
2019-04-17,62.8,63.005,61.86,62.72,2349777,0.0
2019-04-21,62.44,63,62.24,62.67,1325296,0.0
2019-04-22,62.93,64.11,62.8592,63.83,3003924,0.0
2019-04-23,63.82,64.395,63.78,64.16,2033359,0.0
2019-04-24,63.68,64.96,63.16,64.57,2634078,0.0
2019-04-25,64.5,65.47,62.78,65.09,4435120,0.0
2019-04-28,65,66.27,64.84,65.88,2308674,0.0
2019-04-29,65.54,66.56,65.31,66.45,1998424,0.0
2019-04-30,66.65,67.11,66.1331,66.7,2273312,0.0
2019-05-01,66.77,68.17,66.43,68.01,2659252,0.0
2019-05-02,68.45,69.34,68.13,68.46,1912522,0.0
2019-05-05,67.34,68.75,67.12,68.65,1259427,0.0
2019-05-06,67.92,68.36,67.41,67.76,1896943,0.0
2019-05-07,67.76,68.37,67.43,68.01,1328484,0.0
2019-05-08,67.59,68.6884,67.24,68.6,1892282,0.0
2019-05-09,68.23,69.28,67.61,68.96,1857878,0.0
2019-05-12,67.88,68.34,67.055,67.15,2273704,0.0
2019-05-13,67.44,68.32,67.28,67.83,2100055,0.0
2019-05-14,67.34,69.07,67.09,68.63,2229732,0.0
2019-05-15,68.7,69.65,68.63,68.93,1799583,0.0
2019-05-16,68.39,69.62,68.33,68.49,2069103,0.0
2019-05-19,67.91,69.74,67.87,69.55,3001905,0.0
2019-05-20,69.85,70.76,69.72,70.15,3171991,0.0
2019-05-21,69.9,70.45,69.56,70.12,2126632,0.0
2019-05-22,69.74,70.45,69.41,69.93,2648448,0.0
2019-05-23,70.13,70.9,70,70.6,2582916,0.0
2019-05-27,70.63,71,70.04,70.17,2031873,0.0
2019-05-28,70.03,70.25,69.05,69.43,2401748,0.0
2019-05-29,69.62,70.7,69.5,70.32,1833828,0.0
2019-05-30,69.94,70.36,69.3467,69.97,1644408,0.0
2019-06-02,70,70.41,68.75,69.05,3003551,0.0
2019-06-03,69.8,70.91,69.64,70.89,2790235,0.0
2019-06-04,71,71.79,70.52,71.51,2633126,0.0
2019-06-05,71.54,72.5,71.48,72.27,1887558,0.0
2019-06-06,72.75,73.24,72.45,72.73,1484409,0.0
2019-06-09,72.85,73.14,72.23,72.7,1496131,0.0
2019-06-10,72.85,73.23,71.24,71.66,2268560,0.0
2019-06-11,71.73,72.42,71.6,72.25,1772115,0.0
2019-06-12,72.46,72.69,72.15,72.48,3177626,0.0
2019-06-13,72.54,72.95,72.2,72.22,2785825,0.0
2019-06-16,72.15,72.33,71.42,71.48,1434769,0.0
2019-06-17,72,72.14,70.52,70.67,2397988,0.0
2019-06-18,70.78,71.31,70.555,70.94,2697779,0.0
2019-06-19,71.69,72,71,71.74,2598013,0.0
2019-06-20,71.9,72.4,71.435,72.07,2268719,0.0
2019-06-23,72.11,72.7,71.565,72.67,1107138,0.0
2019-06-24,72.84,72.95,71,71.25,1508072,0.0
2019-06-25,71.35,71.78,70.67,71.03,1294086,0.0
2019-06-26,71.08,72.01,70.81,71.76,1382885,0.0
2019-06-27,72.1,73.355,71.86,73.22,2525491,0.0
2019-06-30,73.61,74.42,73.5,74.25,2264418,0.0
2019-07-01,74.52,75.075,74.15,74.96,1954730,0.0
2019-07-02,75,76,74.12,74.52,1188207,0.0
2019-07-04,74.21,74.5,73.54,74.5,1040763,0.0
2019-07-07,74.24,74.73,73.85,74.56,1046362,0.0
2019-07-08,74.32,75.03,74.2,74.99,1251527,0.0
2019-07-09,75.14,75.73,75,75.68,1359682,0.0
2019-07-10,75.85,76.2,75.48,76.15,1229687,0.0
2019-07-11,76.31,76.47,75.51,76.11,1237133,0.0
2019-07-14,76.19,76.27,75.72,75.84,1095831,0.0
2019-07-15,76.03,76.14,74.14,74.47,2505615,0.0
2019-07-16,74.39,74.7894,74.07,74.42,1904022,0.0
2019-07-17,74.51,74.58,73.78,73.99,2083834,0.0
2019-07-18,74.47,74.47,72.6435,72.82,1878576,0.0
2019-07-21,72.96,73.065,71.905,72,2884850,0.0
2019-07-22,71.98,72.12,71.06,72.08,2095591,0.0
2019-07-23,71.62,72.4,71.15,72.21,2413781,0.0
2019-07-24,71.49,73.33,70.52,72.94,3607895,0.0
2019-07-25,72.78,73.51,71.96,73.12,2371795,0.0
2019-07-28,73,73.82,72.53,73.68,1159586,0.0
2019-07-29,73.4,73.98,73.2,73.59,1289675,0.0
2019-07-30,73.59,73.78,71.03,71.65,1909774,0.0
2019-07-31,71.75,72.78,71.57,71.93,2703841,0.0
2019-08-01,71.99,71.99,70.5901,70.95,1795712,0.0
2019-08-04,70.2,70.91,69.47,69.66,2209245,0.0
2019-08-05,69.81,70.64,69.36,70.5,1501851,0.0
2019-08-06,69.88,70.35,69.1,70.09,1993487,0.0
2019-08-07,70.22,71.62,70.08,71.51,1608215,0.0
2019-08-08,71.48,71.785,70.88,71.42,1250059,0.0
2019-08-11,71.23,71.48,70.09,70.24,1452463,0.0
2019-08-12,70.33,71.74,70.02,70.87,1412083,0.0
2019-08-13,70.18,70.46,69.31,69.39,1158156,0.0
2019-08-14,69.45,69.965,69.22,69.23,1672454,0.0
2019-08-15,69.94,70.97,69.53,70.63,1462546,0.0
2019-08-18,71.28,72.22,70.92,71.84,1353175,0.0
2019-08-19,71.9,71.98,71.3,71.39,1233071,0.0
2019-08-20,71.97,72.075,71.61,71.78,1173270,0.0
2019-08-21,72.84,72.86,71.37,71.67,1091842,0.0
2019-08-22,71.25,71.48,67.57,67.93,3246214,0.0
2019-08-25,68.24,68.86,67.98,68.52,1483929,0.0
2019-08-26,68.86,69.3,67.96,68.18,1641346,0.0
2019-08-27,67.91,69.08,67.895,68.555,1121802,0.0
2019-08-28,69.08,69.4,68.64,69.01,958173,0.0
2019-08-29,69.55,69.8593,68.425,68.91,981091,0.0
2019-09-02,68.3,68.76,66.84,67.38,1820916,0.0
2019-09-03,67.95,68.26,66.71,67.28,1134230,0.0
2019-09-04,67.92,68.21,67.38,67.84,1233509,0.0
2019-09-05,67.91,67.955,67.2195,67.35,1607226,0.0
2019-09-08,67.59,67.75,66.05,66.5,2561251,0.0
2019-09-09,66.23,67.36,65.86,67.36,1970838,0.0
2019-09-10,67.19,68.39,66.6675,68.33,1132394,0.0
2019-09-11,68.55,69.2,67.96,68.01,1322466,0.0
2019-09-12,68.25,68.75,67.64,67.84,1113491,0.0
2019-09-15,67.45,68.12,67.2508,67.76,703687,0.0
2019-09-16,67.72,68.32,67.66,68.16,867141,0.0
2019-09-17,68.19,68.484,66.91,67.57,859188,0.0
2019-09-18,67.68,68.51,67.48,67.68,762915,0.0
2019-09-19,67.45,68.63,67.41,68.43,2112015,0.0
2019-09-22,68.21,68.77,67.71,68.6,896607,0.0
2019-09-23,68.75,69,67.82,68.37,1223989,0.0
2019-09-24,67.95,68.49,67.74,68.23,978794,0.0
2019-09-25,68.46,68.97,67.49,68.4,988643,0.0
2019-09-26,68.52,69.03,67.77,68.39,1521171,0.0
2019-09-29,68.37,68.83,68.02,68.17,2804949,0.0
2019-09-30,68.37,69.04,67.165,67.48,1680223,0.0
2019-10-01,67.16,67.19,65.72,66.54,1642333,0.0
2019-10-02,66.36,66.76,65.52,66.13,1387795,0.0
2019-10-03,66.32,66.95,66.15,66.82,1668240,0.0
2019-10-06,66.6,66.81,65.86,66.31,2159069,0.0
2019-10-07,65.69,66.24,65.02,65.09,4215300,0.0
2019-10-08,65.38,65.935,65.1,65.71,2420631,0.0
2019-10-09,65.46,67,65.44,66.85,5047082,0.0
2019-10-10,67.27,68.28,67.025,67.6,3550762,0.0
2019-10-13,67.53,67.985,67.04,67.75,2421307,0.0
2019-10-14,67.98,68.37,67.69,68.1,2193803,0.0
2019-10-15,68,68.44,67.72,68.16,2044813,0.0
2019-10-16,68.22,68.32,65.73,68.11,2587219,0.0
2019-10-17,68.31,68.49,67.71,67.74,2870340,0.0
2019-10-20,67.82,68.4,67.73,68.17,1086624,0.0
2019-10-21,67.94,68.375,67.38,67.465,1373343,0.0
2019-10-22,67.44,67.68,66.77,67.56,1819254,0.0
2019-10-23,67.82,68.12,67.21,67.48,1878012,0.0
2019-10-24,67.5,68.49,65.61,66.42,2397190,0.0
2019-10-27,66.56,67.355,66.42,67.02,2324819,0.0
2019-10-28,66.69,67.73,66.68,67.36,2228658,0.0
2019-10-29,67.57,68.24,67.28,68.1,1649966,0.0
2019-10-30,67.86,68.13,66.68,67.12,1660165,0.0
2019-10-31,67.39,67.98,67.27,67.54,1482855,0.0
2019-11-03,67.75,68.06,67.37,67.465,1609803,0.0
2019-11-04,67.62,67.76,67.12,67.24,1440777,0.0
2019-11-05,67.3,67.72,66.84,66.97,1687153,0.0
2019-11-06,67.2,67.6943,66.76,66.83,1108328,0.0
2019-11-07,66.63,67.34,66.26,67.3,1295134,0.0
2019-11-10,66.95,67.26,66.135,66.25,1339872,0.0
2019-11-11,66.54,67.28,66.26,67.02,1849281,0.0
2019-11-12,66.84,67.355,66.475,66.82,1282359,0.0
2019-11-13,66.97,67.51,66.96,67.05,2015185,0.0
2019-11-14,67.26,68.7804,67.09,68.4,5676007,0.0
2019-11-17,68.44,68.865,67.41,67.6,2283242,0.0
2019-11-18,67.87,68.34,67.67,68.13,2501920,0.0
2019-11-19,67.84,68.24,67.1,67.66,1187019,0.0
2019-11-20,67.73,68.74,67.45,68.48,1655911,0.0
2019-11-21,69,69.92,68.73,69.44,1715980,0.0
2019-11-24,69.64,70.84,69.59,70.67,1880979,0.0
2019-11-25,71.09,71.88,70.6,71.83,1579638,0.0
2019-11-26,70.13,72.15,69.73,72.125,1356412,0.0
2019-11-28,71.99,72.14,71.15,71.62,722533,0.0
2019-12-01,71.59,71.69,70.53,70.95,863917,0.0
2019-12-02,70.49,71.13,70.19,71.07,1112585,0.0
2019-12-03,71.18,71.2,70.46,70.59,1358024,0.0
2019-12-04,70.91,71,70.41,70.78,1057007,0.0
2019-12-05,71.25,71.55,70.95,71.29,996980,0.0
2019-12-08,70.94,71.72,70.88,71.44,1408830,0.0
2019-12-09,71.45,71.83,71.11,71.71,1046306,0.0
2019-12-10,71.56,71.79,71.06,71.48,1296209,0.0
2019-12-11,71.63,72.07,71.26,71.81,1393792,0.0
2019-12-12,71.9,72.67,71.3155,72.24,1333054,0.0
2019-12-15,72.46,72.85,72.25,72.65,1303278,0.0
2019-12-16,72.75,72.75,71.59,71.6,1939183,0.0
2019-12-17,71.74,72.39,71.5238,72.16,1416775,0.0
2019-12-18,72.07,72.13,71.44,71.96,894567,0.0
2019-12-19,72.02,73.3,71.58,73.25,2846828,0.0
2019-12-22,73.34,74.1,73.225,73.46,771797,0.0
2019-12-23,73.41,73.42,73.04,73.27,225591,0.0
2019-12-25,73.27,73.42,72.71,73.02,448118,0.0
2019-12-26,73.28,73.525,72.87,73.28,393339,0.0
2019-12-29,73.28,73.44,72.95,73.12,1083697,0.0
2019-12-30,72.93,73.51,72.6,73.39,783407,0.0
2020-01-01,73.45,73.69,72.81,73.61,1865983,0.0
2020-01-02,72.82,73.88,72.81,73.8,1208651,0.0
2020-01-05,73.36,74.05,73.2,73.99,860443,0.0
2020-01-06,73.76,73.76,72.98,73.02,792146,0.0
2020-01-07,73.24,73.83,73.04,73.45,1630641,0.0
2020-01-08,73.8,74.3,73,73.75,1312283,0.0
2020-01-09,74.01,74.09,73.275,73.48,1050680,0.0
2020-01-12,73.48,73.89,72.76,73.05,1380264,0.0
2020-01-13,72.97,74.24,72.75,74.195,1262733,0.0
2020-01-14,73.69,75.19,72.85,74.675,1272083,0.0
2020-01-15,74.8,75.81,74.34,75.59,915041,0.0
2020-01-16,75.88,75.94,75.28,75.86,1063605,0.0
2020-01-20,75.46,75.97,75.31,75.79,1766910,0.0
2020-01-21,75.96,76.32,75.47,75.52,1992574,0.0
2020-01-22,75.37,75.76,74.54,75.65,1592334,0.0
2020-01-23,75.6,75.6,74.14,74.46,1644872,0.0
2020-01-26,73.38,74.27,73.16,73.429,945852,0.0
2020-01-27,73.77,74.22,73.35,73.49,1352764,0.0
2020-01-28,73.45,73.6,72.24,72.26,1501697,0.0
2020-01-29,71.91,72.8175,71.36,72.79,1060312,0.0
2020-01-30,72.7,73.07,71.46,71.81,1128763,0.0
2020-02-02,72.24,73.31,72.05,73.19,2099994,0.0
2020-02-03,74.03,74.96,73.71,74.2,1845853,0.0
2020-02-04,76.99,80.9,75.75,78.6,5487681,0.0
2020-02-05,78.79,79.93,78.54,78.95,2021532,0.0
2020-02-06,78.79,79.49,78.52,78.94,951332,0.0
2020-02-09,78.47,79.67,78.1,79.61,1392522,0.0
2020-02-10,80,80.55,79.2,80.24,2932583,0.0
2020-02-11,80.515,80.515,76.36,76.68,2692094,0.0
2020-02-12,76.51,76.92,75.91,76.49,1773808,0.0
2020-02-13,76.34,77.26,76.19,77.08,2297535,0.0
2020-02-17,77.12,77.8,76.67,76.775,1620187,0.0
2020-02-18,76.78,77.27,76.34,76.76,1588340,0.0
2020-02-19,76.79,77.02,75.76,76.705,1393635,0.0
2020-02-20,76.47,76.76,75.71,76.07,1726017,0.0
2020-02-23,74.41,75.82,73.37,73.38,2327457,0.0
2020-02-24,73.92,73.99,72.19,72.42,2596146,0.0
2020-02-25,72.9,74.075,72.18,72.42,2438234,0.0
2020-02-26,71.52,72.6,69.83,69.83,2631850,0.0
2020-02-27,68.04,69.34,67.53,69.25,3978460,0.0
2020-03-01,69.51,72.59,69.22,72.57,2757713,0.0
2020-03-02,72.67,73.96,70.33,71.06,2724809,0.0
2020-03-03,72.36,73.55,71.81,73.49,1951993,0.0
2020-03-04,71.56,73.53,71.04,72.59,2534267,0.0
2020-03-05,70.45,73.72,70.26,73.37,2953164,0.0
2020-03-08,70.12,71.81,69.52,70.19,3883191,0.0
2020-03-09,71.43,71.86,66.75,69.14,6389686,0.0
2020-03-10,67.47,69.01,66.595,68.33,7003344,0.0
2020-03-11,65.01,68.09,64.535,64.69,4230902,0.0
2020-03-12,66.71,67.51,60.68,64.42,5743607,0.0
2020-03-15,59.92,61.71,58.11,60.54,9133432,0.0
2020-03-16,60.98,64.308,57.98,62.37,4076234,0.0
2020-03-17,59.94,61.76,54.54,59.875,2843385,0.0
2020-03-18,59.72,62.55,58.065,59.46,5725970,0.0
2020-03-19,59.92,60.9327,56.08,56.55,4352454,0.0
2020-03-22,55.98,56.845,53.08,54.65,3206731,0.0
2020-03-23,57.15,59.74,56.11,58.4,3442676,0.0
2020-03-24,58.42,59.93,56.76,58.04,5098098,0.0
2020-03-25,57.82,61.79,57.82,61.03,2894643,0.0
2020-03-26,58.89,62.06,58.11,60.01,4828882,0.0
2020-03-29,61.27,64.49,60.9,64.29,2420352,0.0
2020-03-30,64.97,64.97,62.64,62.99,4725782,0.0
2020-03-31,60.89,61.96,59.85,60.71,1888770,0.0
2020-04-01,60.3,63.25,59.605,61.94,2760232,0.0
2020-04-02,61.36,62.525,61.14,62.26,2457785,0.0
2020-04-05,63.38,64.26,62,63.96,1965530,0.0
2020-04-06,64.9,65.99,63.9,64.26,1949067,0.0
2020-04-07,63.95,66.77,63.3,66.41,3533748,0.0
2020-04-08,67.41,68.83,67.07,68.38,2005560,0.0
2020-04-12,67.88,68.11,64.28,65.72,1688978,0.0
2020-04-13,66.61,69.39,66.53,68.91,3975070,0.0
2020-04-14,66.68,69.29,66.68,68.21,5902942,0.0
2020-04-15,68.64,69.09,67.33,68.62,4989043,0.0
2020-04-16,70.27,70.27,68.71,70.01,5969620,0.0
2020-04-19,68.82,71.76,68.76,70.26,4393038,0.0
2020-04-20,69.07,70.05,67.75,68.63,6349105,0.0
2020-04-21,70.16,71.38,69.6,70.78,3235282,0.0
2020-04-22,71.33,71.78,70.52,71.2,4378301,0.0
2020-04-23,71.83,72.93,70.89,72.73,3771831,0.0
2020-04-26,73.3,74.415,72.47,73.34,5051881,0.0
2020-04-27,73.98,74.88,70.53,71.941,5629257,0.0
2020-04-28,72.1,72.97,68.95,70.96,6334294,0.0
2020-04-29,70.25,70.93,69.03,69.38,3332024,0.0
2020-04-30,67.81,68.155,66.15,66.71,1742034,0.0
2020-05-03,66.32,67.12,65.55,67.06,1919579,0.0
2020-05-04,67.2,69.47,67.2,68.5,4196462,0.0
2020-05-05,68.75,69.055,66.83,66.88,1302870,0.0
2020-05-06,67.51,67.635,66.67,66.99,3141366,0.0
2020-05-07,68.37,68.93,67.37,68.73,3003176,0.0
2020-05-10,68.46,69.515,68.1402,68.45,2826708,0.0
2020-05-11,68.28,68.48,66.22,66.22,4576100,0.0
2020-05-12,66.04,66.3831,64.43,64.95,1299808,0.0
2020-05-13,64.36,65.73,63.11,65.59,1847285,0.0
2020-05-14,65.6726,65.9904,64.47,65.08,4129052,0.0
2020-05-17,66.38,68.62,66.31,68.38,3384950,0.0
2020-05-18,68.5,68.78,67.77,67.78,1157055,0.0
2020-05-19,68.02,68.49,67.51,67.79,972738,0.0
2020-05-20,67.97,68.25,67.05,67.12,1961066,0.0
2020-05-21,67.14,67.42,66.59,67.33,1508126,0.0
2020-05-25,68.98,68.98,67.29,67.39,1208195,0.0
2020-05-26,67.35,68.53,66.74,68.35,2710598,0.0
2020-05-27,68.98,71.65,68.18,70.87,2006359,0.0
2020-05-28,70.92,72.98,69.97,72.9,2114213,0.0
2020-05-31,72.43,73.04,71.97,72.58,3377810,0.0
2020-06-01,72.5,73.25,72,73.18,3266078,0.0
2020-06-02,73.74,73.94,72.72,73.51,2605770,0.0
2020-06-03,72.21,73.3,70.655,71.37,1699897,0.0
2020-06-04,71.72,73.99,71.06,73.05,1941446,0.0
2020-06-07,72.79,74.04,72.41,73.84,2165534,0.0
2020-06-08,73.73,73.84,71.63,71.86,2113106,0.0
2020-06-09,72.12,72.13,70.65,71.84,1439213,0.0
2020-06-10,71.49,71.49,67.16,67.47,3902998,0.0
2020-06-11,67.57,68.69,66.92,66.94,336169,0.0
2020-06-14,65.9,68.01,65.14,67.9,4396440,0.0
2020-06-15,68.71,70.62,68.6,69.38,4486325,0.0
2020-06-16,69.86,70.48,69.43,69.62,3199891,0.0
2020-06-17,69.46,69.96,68.81,69.72,2401567,0.0
2020-06-18,70.63,72.72,69.53,72.69,3443518,0.0
2020-06-21,72.27,72.545,70.93,71.23,2262353,0.0
2020-06-22,71.48,72.21,70.56,71.02,1479920,0.0
2020-06-23,70.43,70.65,68.28,68.68,1489936,0.0
2020-06-24,68.6,68.86,67.82,68.37,1615199,0.0
2020-06-25,68.52,68.88,65.78,66.51,2107666,0.0
2020-06-28,67.23,68.45,66.75,67.96,1150067,0.0
2020-06-29,68.06,68.96,67.37,68.51,1489895,0.0
2020-06-30,68.68,69.81,68.6277,69.5,1689252,0.0
2020-07-01,70.01,70.59,69.75,69.94,1210353,0.0
2020-07-05,70.92,71.22,69.92,70.93,1258327,0.0
2020-07-06,69.8,70.73,69.42,70.08,1653466,0.0
2020-07-07,70.5,70.5,69.13,69.97,1206894,0.0
2020-07-08,69.76,69.905,68.575,69.65,1351362,0.0
2020-07-09,69.39,70.09,69.36,69.92,841585,0.0
2020-07-12,70.15,70.81,69.39,69.52,1244008,0.0
2020-07-13,69.22,69.87,68.69,69.72,1144291,0.0
2020-07-14,70.42,72.22,70.42,71.805,1554607,0.0
2020-07-15,71.5,71.82,71,71.79,1011524,0.0
2020-07-16,71.57,71.9225,70.84,71.26,1922770,0.0
2020-07-19,71.35,71.71,70.92,71.42,1190444,0.0
2020-07-20,71.8,72.11,71.04,71.42,1591640,0.0
2020-07-21,71.67,72.48,71.17,72.06,1135130,0.0
2020-07-22,72,72.94,71.81,72.15,951073,0.0
2020-07-23,72.3,72.48,71.33,71.81,1362175,0.0
2020-07-26,71.53,72.73,71,72.45,1032086,0.0
2020-07-27,72.16,72.66,70.975,71.15,1828614,0.0
2020-07-28,71.81,73.8,71.4,73.45,1927348,0.0
2020-07-29,70.92,72.75,69.31,71.2,2206231,0.0
2020-07-30,71.04,71.58,68.87,69.46,1650184,0.0
2020-08-02,69.23,69.66,68.57,68.82,1136209,0.0
2020-08-03,68.51,69.45,68.23,68.91,1380292,0.0
2020-08-04,69.47,69.59,68.49,69.28,1119110,0.0
2020-08-05,69.29,70.12,69.29,69.94,1287852,0.0
2020-08-06,69.52,70.05,69.24,70.03,1611333,0.0
2020-08-09,70.24,71.99,70.105,71.98,1975807,0.0
2020-08-10,72.17,72.93,72.02,72.42,2172176,0.0
2020-08-11,72.55,73.52,72.37,72.77,1238308,0.0
2020-08-12,72.7,73.215,72.47,73.09,1056007,0.0
2020-08-13,72.89,73.27,72.59,72.91,1184671,0.0
2020-08-16,73,73.06,72.52,72.87,954430,0.0
2020-08-17,73.24,73.79,73.045,73.41,1299198,0.0
2020-08-18,73.67,73.79,72.25,72.44,656113,0.0
2020-08-19,72.26,72.69,71.47,71.62,653420,0.0
2020-08-20,71.25,71.91,71.11,71.78,893734,0.0
2020-08-23,72.16,72.5,71.82,72.37,752214,0.0
2020-08-24,72.41,72.5,71.5,71.83,786269,0.0
2020-08-25,71.79,71.79,70.61,71.43,749487,0.0
2020-08-26,72.21,73.45,71.64,73.29,1462978,0.0
2020-08-27,73.28,73.42,72.22,72.79,773147,0.0
2020-08-30,71.85,73.68,71.85,73.33,1353080,0.0
2020-08-31,72.88,73.03,72.05,72.5,859443,0.0
2020-09-01,72.91,75.4987,72.6,75.22,2271588,0.0
2020-09-02,75.1868,76.21,73.06,73.76,1776148,0.0
2020-09-03,73.87,74.6,71.785,72.01,1835795,0.0
2020-09-07,71.38,71.67,69.7522,70.04,2095493,0.0
2020-09-08,70.77,72.135,70.336,71.56,1226748,0.0
2020-09-09,71.74,72.09,70.2799,70.38,1130533,0.0
2020-09-10,69.995,71.4,69.94,70.95,1169295,0.0
2020-09-13,71.46,72.55,71.45,71.94,684057,0.0
2020-09-14,72,72.35,71.58,71.7,934338,0.0
2020-09-15,72.4,73.58,72.06,72.43,1355910,0.0
2020-09-16,71.27,72.085,70.71,71.76,1075145,0.0
2020-09-17,72.1,72.135,69.33,69.84,1854063,0.0
2020-09-20,68.51,69.04,67.08,68.67,1463704,0.0
2020-09-21,68.61,69.03,67.81,68.63,1142080,0.0
2020-09-22,68.72,68.99,67.435,67.73,1117975,0.0
2020-09-23,67.53,68.26,66.75,67.48,809647,0.0
2020-09-24,67.11,69.51,66.92,69.35,876009,0.0
2020-09-27,70.05,71.63,69.81,71.6,1321517,0.0
2020-09-28,71.38,72.5,71.1,71.19,981318,0.0
2020-09-29,71.58,73.16,70.639,72.26,1006816,0.0
2020-09-30,72.85,73.3,71.75,72.31,1038077,0.0
2020-10-01,71.51,71.98,70.48,71.16,738708,0.0
2020-10-04,70.71,71.96,70.71,71.76,709949,0.0
2020-10-05,72.17,73.14,71.5,71.98,778079,0.0
2020-10-06,72.82,72.93,71.4,71.49,696231,0.0
2020-10-07,71.84,72.1839,71.44,71.85,545802,0.0
2020-10-08,73.18,73.18,71.87,72.42,552991,0.0
2020-10-11,72.85,75.05,72.7,73.79,1408315,0.0
2020-10-12,73.67,74.0799,72.96,73.26,1027203,0.0
2020-10-13,73.275,74.39,73.25,74.23,745048,0.0
2020-10-14,73.23,74.08,73.08,73.74,751549,0.0
2020-10-15,73.785,75.24,73.54,74.68,1143452,0.0
2020-10-18,74.67,75.11,72.04,72.37,641032,0.0
2020-10-19,72.59,73.59,72.22,72.68,513937,0.0
2020-10-20,72.68,73.49,72.33,72.55,427368,0.0
2020-10-21,72.68,72.77,71.14,72.59,601564,0.0
2020-10-22,73.04,74.13,73,73.7,621404,0.0
2020-10-25,72.56,73.12,71.75,72.88,635677,0.0
2020-10-26,72.91,73.93,72.11,72.73,1007628,0.0
2020-10-27,72.145,72.55,70.51,70.79,2436281,0.0
2020-10-28,70.38,71.66,68.48,70.48,1256342,0.0
2020-10-29,69.295,70.775,69.05,70.09,930497,0.0
2020-11-01,70.575,71.9,70.44,71.84,686715,0.0
2020-11-02,72.57,73.47,72.31,72.39,952936,0.0
2020-11-03,74.89,75.22,71.91,72.17,1649211,0.0
2020-11-04,73.6,73.65,72.14,72.4684,905584,0.0
2020-11-05,72.78,73.2,71.94,72.93,647107,0.0
2020-11-08,75.74,77.33,73.81,73.88,1458548,0.0
2020-11-09,72.94,75.06,72.798,74.72,1332909,0.0
2020-11-10,75.29,75.47,73.94,74.61,865234,0.0
2020-11-11,74.27,74.88,73.385,73.88,608009,0.0
2020-11-12,74.3426,75.3,74.21,75.18,492440,0.0
2020-11-16,74.72,75.39,73.88,74.78,685969,0.0
2020-11-17,74.52,75.24,72.8801,72.92,940279,0.0
2020-11-18,73.03,73.36,72.1,72.86,874674,0.0
2020-11-19,72.87,74.12,72.54,73.26,1122946,0.0
2020-11-22,73.97,74.4324,73.165,73.6,945047,0.0
2020-11-23,74.17,75.15,73.78,74.37,843140,0.0
2020-11-24,74.8,74.815,73.8,74.09,636309,0.0
2020-11-26,74.07,74.375,73.79,74.11,682400,0.0
2020-11-29,74.12,74.88,73.75,74.81,1158499,0.0
2020-11-30,75.06,76,74.9,75.34,1051330,0.0
2020-12-01,75.04,75.55,74.84,75.45,654278,0.0
2020-12-02,75.15,75.27,73.65,73.85,1038678,0.0
2020-12-03,73.695,74.77,73.47,74.29,1212119,0.0
2020-12-06,74.22,74.47,72.74,72.85,1137103,0.0
2020-12-07,72.15,74.19,72.15,74.13,1408380,0.0
2020-12-08,74.12,75.1612,73.855,74.35,1326068,0.0
2020-12-09,74.05,74.325,73.53,73.97,885974,0.0
2020-12-10,74.08,75.015,73.77,74.47,977594,0.0
2020-12-13,74.95,75.03,74.14,74.25,1017938,0.0
2020-12-14,74.7,75.41,74.32,75.36,1090316,0.0
2020-12-15,75.76,77.5,75.44,77.4,2389902,0.0
2020-12-16,77.41,78.37,77.324,78.16,2139184,0.0
2020-12-17,77.68,78.21,76.97,77.6,2619355,0.0
2020-12-20,76.66,77.08,75.09,76.58,920962,0.0
2020-12-21,76.58,77.62,76.47,77.39,696682,0.0
2020-12-22,77.78,78.24,77.35,77.69,596584,0.0
2020-12-23,78.4,78.46,77.62,78.43,351218,0.0
2020-12-27,78.7,79.24,77.51,78.04,813340,0.0
2020-12-28,78.58,78.98,78.2,78.5,575198,0.0
2020-12-29,78.38,78.98,77.85,77.91,540372,0.0
2020-12-30,78.0137,78.55,77.58,78.43,437413,0.0
2021-01-03,78.4,79.03,76.55,77.68,1764967,0.0
2021-01-04,77.5,78.5,77.34,78.2,756647,0.0
2021-01-05,76.74,78.95,76.52,78.83,1476346,0.0
2021-01-06,78.395,80,78.395,79.63,1334831,0.0
2021-01-07,79.5,80,78.37,79.86,1213982,0.0
2021-01-10,79.65,79.8,78.45,78.95,836804,0.0
2021-01-11,78.79,79.19,78.28,78.93,927710,0.0
2021-01-12,79.01,80.82,78.8686,80.655,1566767,0.0
2021-01-13,80.43,81.75,80.23,80.34,1779391,0.0
2021-01-14,80.12,80.47,79.08,80.2,1028390,0.0
2021-01-18,79.38,80.0261,78.76,79.51,907240,0.0
2021-01-19,79.08,80,78.8,79.74,876934,0.0
2021-01-20,79.62,80.17,79.41,79.65,633616,0.0
2021-01-21,79.64,80.26,79.21,79.9,605727,0.0
2021-01-24,79.85,81.36,79.755,80.46,858053,0.0
2021-01-25,80.66,81.44,79.93,81.33,798835,0.0
2021-01-26,80.9,84.059,80.9,83.31,2795975,0.0
2021-01-27,83.12,84.2,80.62,80.63,1863303,0.0
2021-01-28,80.12,81.255,79.25,80.11,940242,0.0
2021-01-31,80.76,80.76,79.47,80.08,911451,0.0
2021-02-01,80.54,82.06,80.435,80.52,805260,0.0
2021-02-02,80.35,80.65,79.2,79.71,809722,0.0
2021-02-03,80.04,81.26,79.608,80.1,733910,0.0
2021-02-04,80.78,80.85,79.695,79.82,737754,0.0
2021-02-07,79.79,80.22,78.14,78.49,2191533,0.0
2021-02-08,78.83,79.49,78.67,79.02,1601875,0.0
2021-02-09,79.56,79.99,78.7425,78.99,1832138,0.0
2021-02-10,77.51,78.37,75.0574,75.88,2796067,0.0
2021-02-11,75.5,75.54,74.41,74.95,2979770,0.0
2021-02-15,75.1,75.2,72.6,72.74,3866992,0.0
2021-02-16,72.47,73.72,72.23,72.49,3493283,0.0
2021-02-17,72.68,72.83,72.02,72.54,2705208,0.0
2021-02-18,72.55,72.94,71.3,71.56,2202755,0.0
2021-02-21,71.56,71.96,70.74,70.86,2295728,0.0
2021-02-22,70.54,71.425,69.52,70.07,5494784,0.0
2021-02-23,69.96,70.79,69.66,70.26,3387568,0.0
2021-02-24,70.7872,71.61,69.92,69.96,3004707,0.0
2021-02-25,70.26,70.61,69.1175,69.12,2718695,0.0
2021-02-28,69.48,70.38,69.48,70.15,2990944,0.0
2021-03-01,70.26,70.6,69.5,69.63,1920865,0.0
2021-03-02,69.22,69.34,68.18,68.55,1951850,0.0
2021-03-03,70.31,70.31,67.96,68.2,3067544,0.0
2021-03-04,68.44,70.57,68.22,70.43,3799562,0.0
2021-03-07,70.31,71.365,70.11,70.18,2108676,0.0
2021-03-08,70.77,71.63,70.48,70.54,2038486,0.0
2021-03-09,71,71.44,70.33,70.82,2169656,0.0
2021-03-10,72.01,72.2,70.99,71.12,2947587,0.0
2021-03-11,70.54,71.7652,70.54,71.3,2920905,0.0
2021-03-14,71.65,72.6744,71.29,72.36,2920092,0.0
2021-03-15,72.88,73.45,72.12,72.2,2118601,0.0
2021-03-16,72.41,72.65,71.61,72.36,2417614,0.0
2021-03-17,72.67,72.73,71.66,71.74,2377602,0.0
2021-03-18,71.46,72.24,71.4,71.945,2332556,0.0
2021-03-21,71.66,72.2,71.15,72,1924849,0.0
2021-03-22,72.14,72.47,71.51,71.73,1691254,0.0
2021-03-23,71.41,72.61,71.35,71.8,1665152,0.0
2021-03-24,71.8762,72.41,71.34,72.25,1386466,0.0
2021-03-25,72.2,72.47,71.75,72.43,1184745,0.0
2021-03-28,72.33,72.99,71.85,72.49,1385326,0.0
2021-03-29,72.14,72.48,71.07,71.64,1378730,0.0
2021-03-30,71.65,72.48,71.3,71.86,1415567,0.0
2021-03-31,71.98,73.24,71.75,72.92,1760726,0.0
2021-04-04,72.65,73.52,72.68,73.26,1254484,0.0
2021-04-05,73.25,73.55,71.761,72.179,1832834,0.0
2021-04-06,72.12,72.56,72.05,72.25,1378490,0.0
2021-04-07,72.73,72.91,72.055,72.22,1234286,0.0
2021-04-08,72.37,73.13,72.2,72.79,1828200,0.0
2021-04-11,72.73,73.83,72.73,73.56,1597031,0.0
2021-04-12,73.35,74.12,73.27,74.02,1466503,0.0
2021-04-13,74.1,74.4839,73.39,73.85,1696623,0.0
2021-04-14,74.05,75.15,74.03,74.52,1709557,0.0
2021-04-15,74.35,75.5,74.31,75.3,2239486,0.0
2021-04-18,75.35,75.41,74.38,74.67,1362236,0.0
2021-04-19,74.68,75.74,74.63,75.33,1252631,0.0
2021-04-20,75.61,76.13,75.37,75.89,1432282,0.0
2021-04-21,76,76.37,75.48,75.93,1284176,0.0
2021-04-22,75.85,75.98,75.2048,75.55,980291,0.0
2021-04-25,75.4,75.88,74.81,75.61,1116385,0.0
2021-04-26,75.31,75.94,74.93,75.51,1128797,0.0
2021-04-27,75.835,76.0065,74.75,74.93,1096897,0.0
2021-04-28,75,75.36,74.54,75.34,1364418,0.0
2021-04-29,74.98,75.565,74.51,75.04,1771749,0.0
2021-05-02,75.2,76.06,75.1701,75.99,2010635,0.0
2021-05-03,75.73,75.74,75.01,75.48,2133043,0.0
2021-05-04,73,74.64,71.79,74.6,5032116,0.0
2021-05-05,74.63,75.53,74.4,75.17,2178134,0.0
2021-05-06,75.05,77.21,74.82,76.68,3374593,0.0
2021-05-09,78.33,79.22,77.32,77.35,4512446,0.0
2021-05-10,77.54,77.79,76.1,76.661,2646240,0.0
2021-05-11,76.54,77.01,76.24,76.31,2271896,0.0
2021-05-12,76.14,77.15,76,76.87,1891484,0.0
2021-05-13,77.41,77.62,76.79,76.8,1383957,0.0
2021-05-16,76.8,77.35,76.42,76.51,1167062,0.0
2021-05-17,76.67,78.46,76.51,77.93,2986657,0.0
2021-05-18,77.6,78.5,77.18,78.42,2351342,0.0
2021-05-19,78.21,79.015,78.08,78.475,2121932,0.0
2021-05-20,78.78,79.235,77.485,77.54,2072451,0.0
