Date,Open,High,Low,Close,Volume,OpenInterest
2017-06-01,41.7,42.17,41.03,41.08,14844551,0.0
2017-06-04,41.2,41.85,40.64,41.79,11229998,0.0
2017-06-05,41.83,41.85,41.55,41.72,10350563,0.0
2017-06-06,41.79,41.96,41.64,41.88,8167926,0.0
2017-06-07,41.81,41.9,40.73,40.94,21226185,0.0
2017-06-08,40.92,41.06,40.48,40.69,17589602,0.0
2017-06-11,40.56,41.52,39.86,40.08,13127949,0.0
2017-06-12,39.89,41.27,39.88,41.23,8986779,0.0
2017-06-13,41.41,41.41,40.86,41.1,10306156,0.0
2017-06-14,40.06,40.6,39.98,40.54,10725616,0.0
2017-06-15,40.29,41.32,39.81,41.27,20861920,0.0
2017-06-18,41.42,41.915,41.2,41.77,10795788,0.0
2017-06-19,40.5,41.01,39.63,40.38,24846631,0.0
2017-06-20,40.4,40.53,39.37,39.41,18187690,0.0
2017-06-21,39.46,40.27,39.27,39.94,17099052,0.0
2017-06-22,39.93,39.9689,39.35,39.48,19860795,0.0
2017-06-25,39.68,39.68,38.65,38.73,15778585,0.0
2017-06-26,38.65,39.49,38.24,38.4,19440521,0.0
2017-06-27,38.43,39.14,38.34,38.99,15654620,0.0
2017-06-28,38.7,39.02,37.44,38.88,21734978,0.0
2017-06-29,39.11,39.15,38.26,38.93,13323138,0.0
2017-07-02,39.08,39.25,38.32,38.33,9052795,0.0
2017-07-04,38.51,38.77,38.295,38.71,16877445,0.0
2017-07-05,38.51,38.59,38.14,38.24,11139317,0.0
2017-07-06,38.3,38.74,38.25,38.57,13668493,0.0
2017-07-09,38.56,38.95,38.12,38.76,10827595,0.0
2017-07-10,38.74,38.98,38.62,38.78,16817407,0.0
2017-07-11,39.23,39.305,38.99,39.03,11155489,0.0
2017-07-12,39.06,39.32,38.66,38.77,12657327,0.0
2017-07-13,38.92,38.95,38.09,38.66,17842664,0.0
2017-07-16,38.57,39.33,38.52,39.21,9534114,0.0
2017-07-17,39.12,39.3,38.8,39.17,9373956,0.0
2017-07-18,39.26,39.28,38.62,38.8,8899418,0.0
2017-07-19,38.8,39.15,38.63,38.95,11047582,0.0
2017-07-20,38.84,39.45,38.8,39.09,9983350,0.0
2017-07-23,39.04,39.565,38.81,38.93,7153181,0.0
2017-07-24,39.09,39.92,38.93,39.77,15933216,0.0
2017-07-25,39.63,39.97,39.15,39.36,22427267,0.0
2017-07-26,40.16,40.25,38.52,39.43,46218491,0.0
2017-07-27,39.35,39.58,38.66,38.98,16958816,0.0
2017-07-30,39.32,40.04,39.3,39.9,22248832,0.0
2017-07-31,40.05,40.43,39.61,40.34,16033240,0.0
2017-08-01,40.14,40.19,39.545,40,14163935,0.0
2017-08-02,39.12,39.831,38.98,39.69,12915378,0.0
2017-08-03,39.83,39.84,39,39.06,9684551,0.0
2017-08-06,39.09,39.65,38.91,39.61,7361530,0.0
2017-08-07,39.59,40.17,39.43,39.91,9760117,0.0
2017-08-08,39.54,40.67,39.355,40.63,15054464,0.0
2017-08-09,40.4,41.05,40.38,40.73,16181746,0.0
2017-08-10,40.76,41.1,40.2,40.55,14802962,0.0
2017-08-13,40.92,41.9768,40.82,41.89,13656831,0.0
2017-08-14,41.96,41.99,41.24,41.5,10520943,0.0
2017-08-15,41.68,41.68,41.05,41.23,9763888,0.0
2017-08-16,41.2,41.24,40.26,40.27,12384753,0.0
2017-08-17,40.12,40.765,40.045,40.52,17629253,0.0
2017-08-20,40.53,40.94,40.47,40.8,9266247,0.0
2017-08-21,40.93,41.51,40.92,41.35,8721665,0.0
2017-08-22,41.25,41.3,40.62,40.65,9488092,0.0
2017-08-23,40.8,40.875,40.01,40.14,11086475,0.0
2017-08-24,40.32,40.55,39.44,40.2,11060179,0.0
2017-08-27,40.34,40.48,40.17,40.35,6105471,0.0
2017-08-28,40.17,40.42,39.59,39.61,7408539,0.0
2017-08-29,39.54,40.93,39.46,40.825,9156113,0.0
2017-08-30,40.89,40.98,39.96,40.62,10379597,0.0
2017-08-31,40.77,41.2253,40.65,41.06,9111187,0.0
2017-09-04,40.97,41.15,40.4,40.68,8164025,0.0
2017-09-05,40.8,41.34,40.55,41.18,9995211,0.0
2017-09-06,41.25,41.25,38.21,38.58,65188295,0.0
2017-09-07,38.45,38.4609,37.51,38.21,49993786,0.0
2017-09-10,38.3,38.42,37.07,37.31,25832963,0.0
2017-09-11,37.86,38.31,37.14,37.89,32786897,0.0
2017-09-12,37.89,38.31,37.38,37.44,20901593,0.0
2017-09-13,37.42,37.91,37.29,37.6,23531781,0.0
2017-09-14,37.51,37.55,36.44,36.88,51249955,0.0
2017-09-17,36.88,37.305,36.31,36.6,24384122,0.0
2017-09-18,36.56,37.425,36.16,37.3,33839060,0.0
2017-09-19,37.44,37.8,37.25,37.46,22669480,0.0
2017-09-20,37.38,37.74,37.37,37.49,14811974,0.0
2017-09-21,37.26,37.73,37.1,37.58,18096566,0.0
2017-09-24,37.55,37.995,37.11,37.39,16669839,0.0
2017-09-25,37.37,37.55,37.11,37.29,11291125,0.0
2017-09-26,37.31,38.74,37.2,38,21133595,0.0
2017-09-27,37.73,37.87,37.21,37.82,13902933,0.0
2017-09-28,37.82,38.27,37.61,37.95,15534140,0.0
2017-10-01,37.89,38.61,37.42,37.45,15815448,0.0
2017-10-02,37.43,38.38,37.33,38.3,16056275,0.0
2017-10-03,38.35,38.61,37.76,38.58,12196055,0.0
2017-10-04,38.6,38.78,38.09,38.34,13764479,0.0
2017-10-05,38.33,38.45,37.95,37.99,12294084,0.0
2017-10-08,37.99,38.25,37.38,37.44,9544647,0.0
2017-10-09,37.45,37.69,37.16,37.33,13242703,0.0
2017-10-10,37.28,37.59,37.02,37.42,23047828,0.0
2017-10-11,36.81,36.9,35.44,35.61,45693568,0.0
2017-10-12,35.58,35.81,34.92,35.67,38072183,0.0
2017-10-15,35.81,36.89,35.77,36.61,21162448,0.0
2017-10-16,36.56,36.72,36.09,36.12,12788308,0.0
2017-10-17,36.18,36.46,35.76,35.85,15967738,0.0
2017-10-18,35.8,36.66,35.7,36.55,20079391,0.0
2017-10-19,36.84,37.22,36.52,37.22,11341183,0.0
2017-10-22,37.27,37.27,36.14,36.2,21563909,0.0
2017-10-23,36.3,36.54,35.92,36.49,19179197,0.0
2017-10-24,36.22,36.85,36.2,36.82,21757018,0.0
2017-10-25,35.89,37.2,35.52,36.25,49883878,0.0
2017-10-26,35.93,36.92,35.34,36.44,44963102,0.0
2017-10-29,36.32,36.57,35.71,36.5,27257006,0.0
2017-10-30,36.51,36.57,35.93,36.03,17611553,0.0
2017-10-31,36.19,36.42,35.67,35.73,15704792,0.0
2017-11-01,35.76,35.85,34.92,35.13,36680141,0.0
2017-11-02,35.04,35.69,34.78,35.68,28048587,0.0
2017-11-05,35.58,36.06,35.14,35.2,19680059,0.0
2017-11-06,35.34,36.91,35.23,36.04,26101330,0.0
2017-11-07,36.15,36.36,35.75,36.22,19493451,0.0
2017-11-08,35.98,36.67,35.83,36.21,14572306,0.0
2017-11-09,36.15,36.95,36.15,36.5,16007067,0.0
2017-11-12,36.34,37.28,36.24,37.25,13658897,0.0
2017-11-13,36.99,37.06,36.43,36.51,17493170,0.0
2017-11-14,36.55,37.28,36.32,37.18,16141722,0.0
2017-11-15,36.9,37.5669,36.9,37.06,17315686,0.0
2017-11-16,37.03,37.03,35.88,36.16,32956646,0.0
2017-11-19,36.1,36.35,35.41,35.49,16117923,0.0
2017-11-20,35.8,36.505,35.66,36.41,19068387,0.0
2017-11-21,36.39,36.49,36.13,36.39,12534661,0.0
2017-11-23,36.29,36.35,35.78,35.87,9725980,0.0
2017-11-26,35.78,35.87,34.97,35.55,19492791,0.0
2017-11-27,35.56,36.25,35.26,36.245,28288602,0.0
2017-11-28,36.24,37.725,36.01,37.2,30206357,0.0
2017-11-29,36.97,37.3299,36.18,37.18,28222937,0.0
2017-11-30,36.78,38.32,36.74,38.06,27499663,0.0
2017-12-03,39.46,40.73,39.42,40.32,43552062,0.0
2017-12-04,39.87,40.39,39.47,39.53,23013008,0.0
2017-12-05,39.74,39.84,38.55,38.64,21193892,0.0
2017-12-06,38.51,38.57,37.4,37.88,24324207,0.0
2017-12-07,38.5,38.5,37.87,37.95,18498088,0.0
2017-12-10,38.1,38.46,37.955,38.44,16790589,0.0
2017-12-11,39.4,40.15,38.68,39.13,27902995,0.0
2017-12-12,39.11,39.14,38.11,38.21,23027281,0.0
2017-12-13,38.43,39.71,37.81,39.13,18606069,0.0
2017-12-14,39.49,39.56,38.75,39.33,27613395,0.0
2017-12-17,39.59,39.82,39.18,39.55,14041739,0.0
2017-12-18,39.46,39.54,38.5,38.77,17342755,0.0
2017-12-19,39.01,39.2,38.57,39,13680122,0.0
2017-12-20,39.08,41.24,39,40.83,30017477,0.0
2017-12-21,40.84,41.09,40.23,40.39,10248910,0.0
2017-12-25,40.25,41,40.24,40.82,7157918,0.0
2017-12-26,40.84,40.85,40.25,40.4001,8811827,0.0
2017-12-27,40.58,40.58,39.84,39.9,6872415,0.0
2017-12-28,39.69,40.26,39.65,40.08,7356725,0.0
2018-01-01,40.39,41.11,40.05,41.06,12994320,0.0
2018-01-02,40.75,41.37,40.05,40.38,16863341,0.0
2018-01-03,40.47,40.5869,40.1,40.44,13831153,0.0
2018-01-04,40.71,41.04,40.21,40.81,13625318,0.0
2018-01-07,40.58,40.84,40.1,40.25,10592468,0.0
2018-01-08,40.27,41.03,40.19,40.64,13043854,0.0
2018-01-09,40.46,41.17,40.16,41.09,14297626,0.0
2018-01-10,41.2,42.43,41.14,42.36,32274424,0.0
2018-01-11,42.34,42.58,41.7,42.43,15349652,0.0
2018-01-15,42.59,42.59,41.75,41.81,14304774,0.0
2018-01-16,42.05,42.21,41.405,41.68,12416603,0.0
2018-01-17,41.05,41.94,41.01,41.85,15060746,0.0
2018-01-18,41.86,42.58,41.79,42.51,18030754,0.0
2018-01-21,42.41,42.92,42.15,42.88,16824251,0.0
2018-01-22,42.68,42.84,41.955,42.435,14513173,0.0
2018-01-23,42.46,44,41.33,42.99,40443867,0.0
2018-01-24,43.12,43.53,41.75,41.9,20824930,0.0
2018-01-25,41.89,42.8,41.78,42.77,20989953,0.0
2018-01-28,42.3,42.34,41.35,41.97,15771068,0.0
2018-01-29,42.03,42.46,41.69,42.349,17968078,0.0
2018-01-30,42.26,42.68,41.87,42.57,20208453,0.0
2018-01-31,42.165,42.59,41.88,41.89,19568212,0.0
2018-02-01,41.64,42.16,40.6,40.88,24749604,0.0
2018-02-04,41.14,41.4,39.1,39.2,36092805,0.0
2018-02-05,38.92,39.8,38.5,39.69,32597382,0.0
2018-02-06,39.5,40.4153,39.37,40.16,27153653,0.0
2018-02-07,39.9,40.16,38.15,38.18,26532073,0.0
2018-02-08,38.38,38.99,37.43,38.53,28511579,0.0
2018-02-11,38.38,38.85,38.05,38.54,22852392,0.0
2018-02-12,38.16,39.17,38.1,38.97,14674203,0.0
2018-02-13,38.82,39.62,38.5,39.43,17109812,0.0
2018-02-14,39.76,40.08,39.26,39.85,17603880,0.0
2018-02-15,39.75,40.42,39.53,39.56,18466517,0.0
2018-02-19,39.32,39.58,38.82,39.47,14272139,0.0
2018-02-20,39.45,39.84,39,39.01,11713959,0.0
2018-02-21,39.12,39.57,38.57,38.81,12445766,0.0
2018-02-22,39.18,39.65,38.69,39.5,11554297,0.0
2018-02-25,39.53,39.74,39.37,39.59,10716795,0.0
2018-02-26,38,38.2,36.59,36.64,62277507,0.0
2018-02-27,36.9,37.01,35.75,36,56734371,0.0
2018-02-28,36.23,36.66,36.07,36.54,30295764,0.0
2018-03-01,36.22,36.49,35.94,36.28,25390457,0.0
2018-03-04,36.17,37.105,35.93,36.79,24608061,0.0
2018-03-05,37.08,37.09,36.385,36.86,15495562,0.0
2018-03-06,36.82,36.82,36.03,36.12,21028206,0.0
2018-03-07,36.37,37.01,36.11,36.89,18610936,0.0
2018-03-08,37,37.14,36.5,37.13,16658475,0.0
2018-03-11,37.09,37.215,36.66,36.75,13085914,0.0
2018-03-12,36.79,36.91,36.02,36.22,17732527,0.0
2018-03-13,36.24,36.34,35.76,35.82,17814428,0.0
2018-03-14,35.76,36.3,35.7,36.15,18034463,0.0
2018-03-15,36.29,36.615,35.78,35.81,35287044,0.0
2018-03-18,35.6,35.87,34.68,35.1,29524633,0.0
2018-03-19,35.15,35.29,34.55,34.58,17846508,0.0
2018-03-20,34.55,35.15,34.45,34.48,17498037,0.0
2018-03-21,34.17,34.23,33.21,33.23,48123053,0.0
2018-03-22,33.39,33.73,33.15,33.17,37289861,0.0
2018-03-25,33.75,33.79,32.54,33.35,23669742,0.0
2018-03-26,33.45,33.68,32.55,32.8,25367941,0.0
2018-03-27,33.04,33.66,32.95,33.28,29047475,0.0
2018-03-28,33.46,34.34,33.33,34.15,26546982,0.0
2018-04-01,34.06,34.3,33.26,33.52,31305976,0.0
2018-04-02,33.38,33.55,32.925,33.47,23390769,0.0
2018-04-03,33.13,34.405,33.0498,34.31,19033129,0.0
2018-04-04,34.59,34.8301,34.375,34.6,18911865,0.0
2018-04-05,34.26,34.525,33.865,34.11,27749567,0.0
2018-04-08,34.39,34.56,33.915,33.94,14790596,0.0
2018-04-09,34.23,34.4,33.54,33.86,23733535,0.0
2018-04-10,33.59,34.065,33.54,33.57,18299683,0.0
2018-04-11,33.77,33.89,32.895,33.12,26197854,0.0
2018-04-12,33.24,33.45,32.87,33.02,19204088,0.0
2018-04-15,33.34,33.745,32.979,33.52,13347252,0.0
2018-04-16,33.74,33.85,33.05,33.27,29835718,0.0
2018-04-17,33.29,33.55,33.19,33.27,20216474,0.0
2018-04-18,33.24,33.76,33.07,33.49,17877711,0.0
2018-04-19,33.55,33.795,33.095,33.21,18846336,0.0
2018-04-22,33.24,33.91,33.17,33.86,16103893,0.0
2018-04-23,34.09,34.294,33.19,33.34,22254965,0.0
2018-04-24,33.18,34.78,33.05,34.26,33019073,0.0
2018-04-25,34.31,34.48,33.02,33.33,28915434,0.0
2018-04-26,33.07,33.11,31.8,31.81,46615213,0.0
2018-04-29,31.91,32.24,31.335,31.38,30185114,0.0
2018-04-30,31.38,32.105,31.21,32.05,20714409,0.0
2018-05-01,31.99,32,31.18,31.31,15331133,0.0
2018-05-02,31.15,31.26,30.55,31,18552473,0.0
2018-05-03,30.99,32.05,30.96,31.95,17795629,0.0
2018-05-06,32.03,32.41,31.82,32.39,13821397,0.0
2018-05-07,31.51,32.02,30.52,30.59,45133188,0.0
2018-05-08,30.57,30.97,30.43,30.73,20501267,0.0
2018-05-09,30.71,31.64,30.7,31.56,17289615,0.0
2018-05-10,31.54,31.95,31.51,31.91,12639294,0.0
2018-05-13,31.86,32.25,31.805,32.15,14078043,0.0
2018-05-14,31.99,32.035,31.73,32.01,20889610,0.0
2018-05-15,32.13,32.68,32.04,32.54,15175872,0.0
2018-05-16,32.66,32.8401,32.38,32.42,18442445,0.0
2018-05-17,32.45,32.7727,32.2687,32.73,13040606,0.0
2018-05-20,32.77,32.89,32.2,32.34,14792089,0.0
2018-05-21,32.36,32.71,32.31,32.51,11042712,0.0
2018-05-22,31.85,32.245,31.8,31.88,24727915,0.0
2018-05-23,31.74,32.05,31.28,31.64,20902643,0.0
2018-05-24,31.59,32.01,31.58,31.75,10233108,0.0
2018-05-28,31.55,31.89,31.375,31.5,14737980,0.0
2018-05-29,31.68,31.7,31.32,31.48,13453995,0.0
2018-05-30,31.55,31.57,30.67,31.18,24642428,0.0
2018-05-31,31.34,31.4452,31.12,31.25,14323926,0.0
2018-06-03,31.3,31.51,31.1549,31.28,16171034,0.0
2018-06-04,31.26,31.32,31.04,31.08,16914294,0.0
2018-06-05,31.13,32.495,30.96,32.27,27663291,0.0
2018-06-06,32.42,32.66,31.95,32,18965416,0.0
2018-06-07,31.86,32.19,31.84,32.07,16644351,0.0
2018-06-10,31.98,32.44,31.88,32.01,19307471,0.0
2018-06-11,31.98,32.615,31.83,32.39,20776843,0.0
2018-06-12,31.03,32.65,30.99,32.31,37967075,0.0
2018-06-13,32.8,34.06,32.77,33.81,37182464,0.0
2018-06-14,34.39,34.4,33.59,33.845,33290909,0.0
2018-06-17,33.59,33.7899,32.56,32.57,23784166,0.0
2018-06-18,32.17,33.081,32.17,32.805,22452071,0.0
2018-06-19,33.35,33.715,32.34,33.39,44464268,0.0
2018-06-20,33.35,33.65,32.645,32.8,28478903,0.0
2018-06-21,32.95,34.145,32.91,33.82,36605786,0.0
2018-06-24,33.76,34.11,32.91,33.13,27019474,0.0
2018-06-25,33.26,33.3093,32.67,32.78,19118765,0.0
2018-06-26,32.555,32.9,32.29,32.29,23633104,0.0
2018-06-27,32.44,32.7,32.08,32.63,17971528,0.0
2018-06-28,32.51,33.605,32.5,32.82,25555707,0.0
2018-07-01,32.44,33.22,32.42,33.17,14514398,0.0
2018-07-02,33.27,33.61,32.99,33.12,10916001,0.0
2018-07-04,33.24,33.4,32.91,33.12,9436390,0.0
2018-07-05,33.27,33.61,33,33.59,8972424,0.0
2018-07-08,33.78,33.8,33.25,33.57,11332144,0.0
2018-07-09,33.71,33.72,33.19,33.33,9338463,0.0
2018-07-10,33.12,34.18,33.03,33.77,27738849,0.0
2018-07-11,33.68,34.57,33.6,34.55,18006533,0.0
2018-07-12,34.4,35.15,34.4,34.7,21567985,0.0
2018-07-15,34.74,35.27,34.65,34.98,19373799,0.0
2018-07-16,34.71,34.915,34.21,34.26,18200802,0.0
2018-07-17,34.15,34.45,33.98,34.03,12892556,0.0
2018-07-18,35.14,35.29,34.74,34.92,33410620,0.0
2018-07-19,34.73,34.95,34.29,34.3,18644435,0.0
2018-07-22,34.16,34.3,33.82,34.17,13342011,0.0
2018-07-23,34.17,34.29,33.35,33.36,17350371,0.0
2018-07-24,33.39,33.52,32.81,33.44,19196702,0.0
2018-07-25,34.84,35.095,33.77,34.76,29441673,0.0
2018-07-26,34.84,35.61,34.76,35.09,17823590,0.0
2018-07-29,35.06,35.7,35.02,35.46,17918085,0.0
2018-07-30,35.65,36.09,35.54,35.79,16879472,0.0
2018-07-31,35.9,35.9,35.32,35.41,16549491,0.0
2018-08-01,35.17,35.2,34.615,34.64,16694896,0.0
2018-08-02,34.94,35.43,34.73,35.42,13943671,0.0
2018-08-05,35.59,35.76,35.29,35.31,9828527,0.0
2018-08-06,35.45,35.52,35.19,35.39,8904859,0.0
2018-08-07,35.5,35.5,34.89,35.04,9849807,0.0
2018-08-08,35.1,35.81,35.05,35.49,14760828,0.0
2018-08-09,35.26,35.34,34.945,35.08,8754220,0.0
2018-08-12,35.12,35.185,34.78,35.05,9876586,0.0
2018-08-13,35.1,35.49,35.04,35.38,6601498,0.0
2018-08-14,35.2,35.27,34.67,34.97,12280151,0.0
2018-08-15,35.05,35.85,35.01,35.68,12470559,0.0
2018-08-16,35.56,35.85,35.35,35.605,10855060,0.0
2018-08-19,35.7,35.725,35.3,35.43,7856552,0.0
2018-08-20,35.45,36.01,35.43,35.74,7658244,0.0
2018-08-21,35.7,35.74,35.45,35.49,6393244,0.0
2018-08-22,35.38,35.48,35.26,35.34,8757215,0.0
2018-08-23,35.37,36.79,35.32,36.5,19739202,0.0
2018-08-26,36.64,36.7,36.4,36.43,9597329,0.0
2018-08-27,36.66,36.695,36.2,36.36,8285635,0.0
2018-08-28,36.27,36.9,36.22,36.75,10234577,0.0
2018-08-29,36.55,36.7,36.41,36.68,8795945,0.0
2018-08-30,36.6,37.07,36.58,36.98,15461161,0.0
2018-09-03,36.75,36.85,36.211,36.38,16342384,0.0
2018-09-04,36.29,36.48,36.1501,36.29,13240026,0.0
2018-09-05,36.53,36.53,35.72,35.92,14903879,0.0
2018-09-06,35.9,36.37,35.75,36.17,15342445,0.0
2018-09-09,36.44,36.505,36.28,36.37,11184206,0.0
2018-09-10,36.44,36.5,36.22,36.32,16391449,0.0
2018-09-11,36.21,36.3,35.67,36.08,16815894,0.0
2018-09-12,36.15,37.23,36.075,37.04,15473472,0.0
2018-09-13,37.15,37.21,36.72,36.95,9966949,0.0
2018-09-16,37.03,37.21,36.72,36.96,10449031,0.0
2018-09-17,37.11,37.875,36.98,37.74,21119335,0.0
2018-09-18,37.65,37.94,37.29,37.32,16867329,0.0
2018-09-19,37.5,37.99,37.12,37.81,20107115,0.0
2018-09-20,37.94,38.06,37.481,37.9,45531639,0.0
2018-09-23,35.79,36.27,34.75,35.63,62658076,0.0
2018-09-24,35.85,35.91,35.29,35.39,20050551,0.0
2018-09-25,35.6,35.91,35.3,35.37,18584367,0.0
2018-09-26,35.385,35.715,35.18,35.23,14413457,0.0
2018-09-27,35.25,35.66,35.145,35.41,15862906,0.0
2018-09-30,35.48,35.53,34.995,35.52,16411896,0.0
2018-10-01,35.28,35.885,35,35.7,24067795,0.0
2018-10-02,35.71,35.88,35.01,35.19,19833059,0.0
2018-10-03,35.05,35.285,34.84,35.2,18571188,0.0
2018-10-04,35.19,35.23,34.41,34.57,17665625,0.0
2018-10-07,34.5,35.23,34.45,35.18,17944432,0.0
2018-10-08,35.33,35.83,34.99,35.45,14529847,0.0
2018-10-09,35.37,35.65,33.99,34.28,24161112,0.0
2018-10-10,34.52,34.69,33.51,33.68,23987164,0.0
2018-10-11,34.04,34.79,33.89,34.62,25586368,0.0
2018-10-14,34.61,35.67,34.51,35.09,20458083,0.0
2018-10-15,35.22,36.1,35.195,35.96,19017337,0.0
2018-10-16,36.12,36.665,35.789,36.4,16518918,0.0
2018-10-17,36.28,36.64,35.82,35.94,23984632,0.0
2018-10-18,36.12,36.51,35.785,35.98,21088387,0.0
2018-10-21,36.1,36.2452,35.59,35.75,18477993,0.0
2018-10-22,35.41,35.79,35.05,35.65,16926303,0.0
2018-10-23,35.98,36.26,34.05,34.09,24151500,0.0
2018-10-24,35.88,36.28,35.05,35.84,29703971,0.0
2018-10-25,35.64,36.42,34.915,35.23,35846139,0.0
2018-10-28,35.96,36.515,35.415,36.04,25068971,0.0
2018-10-29,36.49,37.77,36.12,37.7,31124326,0.0
2018-10-30,37.96,38.65,37.32,38.14,21219713,0.0
2018-10-31,38.1,38.175,37.66,37.93,19957344,0.0
2018-11-01,38.07,38.23,37.01,37.63,19438622,0.0
2018-11-04,37.9,38.35,37.85,38.02,13139028,0.0
2018-11-05,38.11,38.19,37.53,37.71,16254710,0.0
2018-11-06,37.97,38.342,37.64,38.28,16026470,0.0
2018-11-07,38.49,38.58,37.905,38.31,10790715,0.0
2018-11-08,38.16,38.71,38.005,38.33,12961627,0.0
2018-11-11,38.25,38.58,37.57,38.01,14348350,0.0
2018-11-12,38.25,38.49,37.51,37.71,14702626,0.0
2018-11-13,38.01,38.68,37.77,38.305,18771707,0.0
2018-11-14,38.11,38.49,37.82,38.49,16587016,0.0
2018-11-15,38.71,38.92,38.31,38.6,18413213,0.0
2018-11-18,38.59,38.91,37.985,38.19,15700053,0.0
2018-11-19,38.16,38.48,36.61,36.74,24973849,0.0
2018-11-20,36.7,37.73,36.66,37.5,14807822,0.0
2018-11-22,37.26,37.71,37.2,37.4,4769387,0.0
2018-11-25,37.78,37.99,37.44,37.76,10987595,0.0
2018-11-26,37.62,38.45,37.62,38.36,11972018,0.0
2018-11-27,38.23,39.07,38.19,39.07,14809522,0.0
2018-11-28,38.7,39.66,38.64,39.43,14725448,0.0
2018-11-29,39.45,39.6,38.72,39.02,22084780,0.0
2018-12-02,39.09,39.23,38.68,39.13,18058797,0.0
2018-12-03,39.2,39.29,37.36,37.7,23702539,0.0
2018-12-05,37.31,37.92,36.98,37.87,23527340,0.0
2018-12-06,37.66,38.02,37.075,37.4,16157907,0.0
2018-12-09,37.54,37.6,36.71,37.36,14247372,0.0
2018-12-10,37.79,37.93,36.74,36.84,19091121,0.0
2018-12-11,37.31,37.49,36.83,36.98,18068332,0.0
2018-12-12,37.03,37.3,36.39,36.75,16299071,0.0
2018-12-13,36.39,36.85,36.18,36.32,13378388,0.0
2018-12-16,36.39,36.86,36,36.24,13447526,0.0
2018-12-17,36.46,36.46,35.225,35.645,17150724,0.0
2018-12-18,35.82,36.56,34.95,35.19,23329650,0.0
2018-12-19,35.22,35.43,34.23,34.61,22653961,0.0
2018-12-20,34.67,36,33.67,33.76,34294996,0.0
2018-12-23,33.72,33.97,33.03,33.06,12294412,0.0
2018-12-25,33.26,34.17,32.61,34.13,17842546,0.0
2018-12-26,33.8,34.5,33.11,34.49,13806772,0.0
2018-12-27,34.86,35.36,34.18,34.31,12974499,0.0
2018-12-30,34.29,34.6,33.3,33.87,15172824,0.0
2019-01-01,33.49,34.45,33.42,34.34,12046012,0.0
2019-01-02,34.33,35.33,34.13,34.67,24177555,0.0
2019-01-03,35.03,35.83,34.86,35.81,16124464,0.0
2019-01-06,35.63,35.9075,35.27,35.44,16121847,0.0
2019-01-07,35.66,35.89,35.36,35.86,12750949,0.0
2019-01-08,35.87,36.05,35.51,36.03,12109104,0.0
2019-01-09,35.91,36,35.5,35.795,11911307,0.0
2019-01-10,35.61,35.74,35.31,35.625,11537717,0.0
2019-01-13,35.41,35.985,35.35,35.79,9957627,0.0
2019-01-14,35.72,36,35.57,35.815,10428276,0.0
2019-01-15,36.01,36.32,35.88,35.89,16214103,0.0
2019-01-16,35.8,36.2,35.745,35.81,19933300,0.0
2019-01-17,36.13,36.28,35.53,36.215,21939089,0.0
2019-01-21,36.05,36.09,34.83,34.895,24579599,0.0
2019-01-22,36.09,37.4235,35.96,36.88,27445707,0.0
2019-01-23,36.85,36.88,35.44,36.255,32461945,0.0
2019-01-24,36.63,36.83,35.56,35.76,19491658,0.0
2019-01-27,35.48,35.535,34.67,35.345,20045162,0.0
2019-01-28,35.38,36.33,35.38,36.01,15290989,0.0
2019-01-29,36.03,36.03,35.25,35.395,19381842,0.0
2019-01-30,35.88,36.81,35.77,36.59,22871654,0.0
2019-01-31,36.71,36.88,36.48,36.815,14874325,0.0
2019-02-03,36.74,36.87,36.27,36.69,18182088,0.0
2019-02-04,36.87,37.27,36.57,37.165,20289403,0.0
2019-02-05,37.14,37.29,36.79,37.175,14611040,0.0
2019-02-06,37.16,37.69,37.09,37.64,17751709,0.0
2019-02-07,37.5,37.76,36.99,37.57,12702115,0.0
2019-02-10,37.7,37.74,36.9,37.02,9865510,0.0
2019-02-11,37.31,37.45,37.0418,37.22,9196495,0.0
2019-02-12,37.24,37.45,36.79,37.04,10395811,0.0
2019-02-13,36.96,37.46,36.7517,37.3,12068299,0.0
2019-02-14,37.6,37.78,37.15,37.71,12592667,0.0
2019-02-18,37.75,37.937,37.48,37.535,9930083,0.0
2019-02-19,37.7,37.925,37.53,37.8,12228568,0.0
2019-02-20,37.61,38.47,37.44,38.47,17738716,0.0
2019-02-21,38.48,38.735,38.405,38.6,17900593,0.0
2019-02-24,38.66,38.8,38.31,38.59,12976116,0.0
2019-02-25,38.63,38.86,38.41,38.79,12655919,0.0
2019-02-26,38.64,38.715,38.39,38.53,15169950,0.0
2019-02-27,38.55,38.9,38.515,38.69,9122082,0.0
2019-02-28,38.85,39.51,38.8201,39.1,15564820,0.0
2019-03-03,39.25,39.65,38.38,38.74,12270548,0.0
2019-03-04,38.79,38.99,38.55,38.73,10816119,0.0
2019-03-05,38.88,38.95,38.45,38.61,9030346,0.0
2019-03-06,38.57,38.66,38.14,38.38,10284041,0.0
2019-03-07,38.22,38.48,37.89,38.21,10091946,0.0
2019-03-10,38.25,39.24,38.1,39.15,19214498,0.0
2019-03-11,39.16,39.7278,38.97,39.51,15415426,0.0
2019-03-12,39.69,39.86,39.37,39.56,13669834,0.0
2019-03-13,39.47,39.95,39.37,39.87,12725344,0.0
2019-03-14,39.885,40.52,39.82,40.41,22348228,0.0
2019-03-17,40.23,40.45,39.88,39.93,14924660,0.0
2019-03-18,39.98,40.35,39.695,39.83,11761878,0.0
2019-03-19,39.76,39.8,38.9,39.48,18868360,0.0
2019-03-20,39.45,40.1651,39.25,40.06,14436361,0.0
2019-03-21,39.94,39.97,39.345,39.48,13315583,0.0
2019-03-24,39.48,39.52,38.935,39.21,11340970,0.0
2019-03-25,39.4,39.72,39.21,39.63,9949118,0.0
2019-03-26,39.6,40.39,39.6,40.22,15843153,0.0
2019-03-27,40.21,40.5,40.12,40.41,9138589,0.0
2019-03-28,40.2,40.34,39.59,39.97,15573819,0.0
2019-03-31,40.34,40.39,40,40.31,5187465,0.0
2019-04-01,40.17,40.3888,39.81,40.02,11703405,0.0
2019-04-02,40.3,40.58,39.97,40.26,11974255,0.0
2019-04-03,40.32,40.62,40.12,40.41,9405991,0.0
2019-04-04,40.43,40.55,40.31,40.42,12730907,0.0
2019-04-07,40.35,40.75,40.17,40.6903,8586989,0.0
2019-04-08,40.7,41.14,40.57,41.05,13027980,0.0
2019-04-09,41.18,41.285,40.78,41.08,10318439,0.0
2019-04-10,41.12,41.14,40.85,41.05,7190210,0.0
2019-04-11,41.07,41.33,40.945,41.3,9846532,0.0
2019-04-14,41.32,41.8,41.26,41.79,10023218,0.0
2019-04-15,41.86,42.18,41.5116,41.99,8817122,0.0
2019-04-16,42.14,42.64,41.89,42.59,12095515,0.0
2019-04-17,42.74,42.83,42.04,42.43,12291638,0.0
2019-04-21,42.26,42.405,41.855,42.01,7379965,0.0
2019-04-22,41.97,42.19,41.71,41.99,11627331,0.0
2019-04-23,42.03,42.24,41.74,41.86,17501431,0.0
2019-04-24,42.36,43.81,42.11,42.93,24647201,0.0
2019-04-25,43.93,43.9638,42.87,43.07,13521540,0.0
2019-04-28,43.17,43.5,42.91,43.43,8677311,0.0
2019-04-29,43.56,43.66,43.04,43.51,11853443,0.0
2019-04-30,43.48,43.8,43.3,43.41,11516011,0.0
2019-05-01,43.32,43.39,42.36,42.65,15054355,0.0
2019-05-02,42.97,43.505,42.74,43.28,10388216,0.0
2019-05-05,42.77,43.405,42.7,43.29,10411479,0.0
2019-05-06,43,43.11,42.37,42.76,12484498,0.0
2019-05-07,42.73,42.96,42.36,42.56,9747045,0.0
2019-05-08,42.29,42.98,42.16,42.9,10890491,0.0
2019-05-09,42.7,43.22,42.22,43.17,11213889,0.0
2019-05-12,42.57,43.06,42.14,42.28,13157353,0.0
2019-05-13,42.27,43.3875,42.27,42.91,12709114,0.0
2019-05-14,42.75,42.92,42.15,42.49,31884399,0.0
2019-05-15,42.57,43.3,42.41,43.19,13420830,0.0
2019-05-16,43.06,43.805,43.02,43.54,12057702,0.0
2019-05-19,43.38,43.38,42.41,42.78,11679417,0.0
2019-05-20,43.06,43.305,42.68,43.285,11026370,0.0
2019-05-21,43.26,43.5,43.08,43.33,8937711,0.0
2019-05-22,43,43.15,42.5,42.73,10837621,0.0
2019-05-23,42.81,43.06,42.63,42.67,7433470,0.0
2019-05-27,42.85,43.03,42.425,42.46,9893108,0.0
2019-05-28,42.24,42.37,41.745,41.91,14801490,0.0
2019-05-29,42.23,42.24,41.42,41.73,18641879,0.0
2019-05-30,41.39,41.48,40.765,40.99,17411994,0.0
2019-06-02,41.03,41.26,40.68,40.96,16711885,0.0
2019-06-03,41.45,41.87,41.25,41.4,17184527,0.0
2019-06-04,41.76,41.79,41.22,41.3,17700260,0.0
2019-06-05,41.27,41.3411,40.81,41.14,21077502,0.0
2019-06-06,41.35,41.59,41.1,41.47,27978268,0.0
2019-06-09,41.48,41.63,41.12,41.3,14220857,0.0
2019-06-10,41.57,41.81,41.03,41.225,14158480,0.0
2019-06-11,41.29,41.79,41.25,41.45,20656953,0.0
2019-06-12,41.46,41.73,41.37,41.69,43600160,0.0
2019-06-13,41.97,42.495,41.695,42.32,32056107,0.0
2019-06-16,42.34,42.78,42.09,42.56,10367972,0.0
2019-06-17,42.98,43.61,42.9475,43.26,17370465,0.0
2019-06-18,43.22,43.76,43.07,43.15,12149432,0.0
2019-06-19,43.64,43.77,43.3125,43.67,12922375,0.0
2019-06-20,43.43,43.78,43.28,43.56,17363453,0.0
2019-06-23,43.55,43.86,43.425,43.6,9205264,0.0
2019-06-24,43.52,43.5625,42.69,42.75,15897254,0.0
2019-06-25,42.66,42.85,41.94,42.1,13579905,0.0
2019-06-26,42.29,42.32,41.4101,41.99,16914804,0.0
2019-06-27,42.1301,42.31,41.8615,42.28,13979909,0.0
2019-06-30,42.65,43,42.34,42.71,12600421,0.0
2019-07-01,42.57,42.89,42.46,42.88,12256670,0.0
2019-07-02,43,43.34,42.94,43.32,6511618,0.0
2019-07-04,43.15,43.35,42.87,43.29,7332882,0.0
2019-07-07,43.18,43.22,42.57,42.64,10743191,0.0
2019-07-08,42.56,43.135,42.36,42.98,9831860,0.0
2019-07-09,44.04,44.14,43.245,43.8,19132939,0.0
2019-07-10,43.81,44.13,43.75,44.07,12134435,0.0
2019-07-11,44.07,45.01,43.96,44.86,13631459,0.0
2019-07-14,44.87,44.87,44.48,44.73,13539301,0.0
2019-07-15,44.83,45.26,44.77,45.1,14335630,0.0
2019-07-16,45.03,45.05,44.35,44.43,13536117,0.0
2019-07-17,44.25,44.58,44.085,44.55,8551290,0.0
2019-07-18,44.75,44.76,44.02,44.07,13257961,0.0
2019-07-21,44.11,44.14,43.64,43.84,11041450,0.0
2019-07-22,44.01,44.42,43.95,44.33,13069623,0.0
2019-07-23,44.31,44.875,44.225,44.86,13336903,0.0
2019-07-24,44.31,45.295,43.8099,44.63,21313082,0.0
2019-07-25,44.02,45.08,44.02,44.63,11938473,0.0
2019-07-28,44.7,44.71,44.12,44.21,7647524,0.0
2019-07-29,44.04,44.26,43.72,44.09,8495968,0.0
2019-07-30,43.8,43.895,42.7,43.16,14139978,0.0
2019-07-31,43.19,43.84,42.78,42.89,14408047,0.0
2019-08-01,42.75,42.92,42.2,42.67,12725822,0.0
2019-08-04,42.14,42.2,41.13,41.59,16596391,0.0
2019-08-05,41.69,42.185,41.3,42.08,11805857,0.0
2019-08-06,41.3,41.84,40.7195,41.73,16798748,0.0
2019-08-07,41.97,42.88,41.9,42.68,10092484,0.0
2019-08-08,42.6,43.145,42.38,42.94,10936247,0.0
2019-08-11,42.73,42.77,42.2,42.47,10681274,0.0
2019-08-12,42.54,44.04,42.47,43.48,16968955,0.0
2019-08-13,43.49,43.49,42.19,42.37,12756600,0.0
2019-08-14,42.45,42.875,42.05,42.35,10539891,0.0
2019-08-15,42.78,43.32,42.51,43.17,9552392,0.0
2019-08-18,43.63,44.14,43.61,44,9351816,0.0
2019-08-19,43.88,44.46,43.69,43.95,9640069,0.0
2019-08-20,43.76,44.16,43.48,44.11,9271263,0.0
2019-08-21,44.23,44.41,43.62,43.77,7133214,0.0
2019-08-22,43.5,43.835,42.27,42.47,13002457,0.0
2019-08-25,42.74,43.51,42.55,43.37,9273655,0.0
2019-08-26,43.9,43.92,43.42,43.61,8266862,0.0
2019-08-27,43.4,43.9,43.21,43.77,9518257,0.0
2019-08-28,44.15,44.5,43.95,44.17,8941232,0.0
2019-08-29,44.49,44.65,44.03,44.2,10031177,0.0
2019-09-02,43.89,44.08,43.53,43.87,8188284,0.0
2019-09-03,44.32,45.71,44.22,45.53,20614155,0.0
2019-09-04,46.43,46.62,45.99,46.4,18220407,0.0
2019-09-05,46.43,46.61,46.2,46.37,10548299,0.0
2019-09-08,46.65,46.69,46.135,46.44,10429852,0.0
2019-09-09,46.19,46.57,46.01,46.44,12921921,0.0
2019-09-10,46.28,46.57,46.09,46.39,8710722,0.0
2019-09-11,46.78,47.27,46.5,46.98,10634020,0.0
2019-09-12,46.96,47.16,46.785,46.89,8895292,0.0
2019-09-15,46.23,46.62,45.7932,46.26,10370344,0.0
2019-09-16,46.12,46.71,45.88,46.66,7793915,0.0
2019-09-17,46.98,47.05,46.46,46.94,10147377,0.0
2019-09-18,47.04,47.16,46.5732,46.68,7743589,0.0
2019-09-19,46.67,46.82,46.175,46.37,22796350,0.0
2019-09-22,46.17,46.51,46.155,46.21,7952666,0.0
2019-09-23,46.62,46.65,45.45,45.71,14938554,0.0
2019-09-24,45.79,45.98,45.32,45.81,17086684,0.0
2019-09-25,45.62,45.8,44.25,44.94,18503259,0.0
2019-09-26,45.16,45.3,44.325,44.81,11571577,0.0
2019-09-29,45,45.22,44.77,45.09,9650463,0.0
2019-09-30,45.18,45.71,44.48,44.51,12862144,0.0
2019-10-01,44.39,44.63,43.965,44.08,14357108,0.0
2019-10-02,44.07,44.17,43.61,44.05,9456511,0.0
2019-10-03,44.33,45.0166,44.29,44.69,24597591,0.0
2019-10-06,44.39,44.96,44.33,44.59,18522916,0.0
2019-10-07,44.75,44.75,43.64,44.11,23413879,0.0
2019-10-08,44.49,44.52,44.05,44.37,15236718,0.0
2019-10-09,44.4,44.84,44.3001,44.51,16230337,0.0
2019-10-10,44.84,45.94,44.6335,45.53,35927395,0.0
2019-10-13,45.37,45.54,45.06,45.245,12898650,0.0
2019-10-14,45.31,45.82,45.095,45.68,15452597,0.0
2019-10-15,45.56,45.81,45.31,45.62,18704710,0.0
2019-10-16,45.83,45.96,45.51,45.94,15050983,0.0
2019-10-17,46.06,46.1,45.42,45.57,25319795,0.0
2019-10-20,45.835,46.215,45.81,46.09,7472763,0.0
2019-10-21,45.89,46.045,45.695,45.77,10280821,0.0
2019-10-22,46.01,46.185,45.47,45.74,16718536,0.0
2019-10-23,47.21,47.24,44.5,44.83,15942894,0.0
2019-10-24,45.18,45.7772,44.9343,45.625,12253548,0.0
2019-10-27,45.39,46.05,44.55,45.42,12238049,0.0
2019-10-28,45.19,45.65,45.115,45.355,10726804,0.0
2019-10-29,45.35,45.43,44.46,44.69,12537834,0.0
2019-10-30,44.75,44.85,43.89,44.83,16823523,0.0
2019-10-31,45.09,45.21,44.51,44.75,13488254,0.0
2019-11-03,45.11,45.215,43.75,43.89,17181347,0.0
2019-11-04,43.96,44.48,43.67,44.29,12586608,0.0
2019-11-05,44.32,44.35,43.53,44.22,16411533,0.0
2019-11-06,44.48,45.005,44.27,44.7,13276637,0.0
2019-11-07,44.68,45.2,44.43,45.2,10280421,0.0
2019-11-10,44.88,45.6,44.88,45.24,7396500,0.0
2019-11-11,45.34,45.34,44.95,45.22,9958740,0.0
2019-11-12,45.05,45.555,44.97,45.2,8918301,0.0
2019-11-13,45.14,45.565,45.04,45.46,7869134,0.0
2019-11-14,45.66,45.67,44.43,44.54,17463720,0.0
2019-11-17,44.31,44.62,44.08,44.61,10919311,0.0
2019-11-18,44.76,44.905,44.59,44.81,10146308,0.0
2019-11-19,44.39,44.63,43.875,44.215,11195301,0.0
2019-11-20,44.29,44.45,43.78,44.36,13506836,0.0
2019-11-21,44.53,44.9,44.29,44.8,12567398,0.0
2019-11-24,44.83,44.9,43.28,43.36,21200815,0.0
2019-11-25,43.47,43.85,43.25,43.57,23082676,0.0
2019-11-26,43.85,44.575,43.66,44.425,17233044,0.0
2019-11-28,44.6,44.6,44.04,44.16,4854138,0.0
2019-12-01,44.4,44.4,43.555,43.645,13693764,0.0
2019-12-02,43.42,43.73,43.08,43.66,19074971,0.0
2019-12-03,43.7,43.7386,43.345,43.5,14592560,0.0
2019-12-04,43.48,44.09,43.26,44.06,15103170,0.0
2019-12-05,44.36,44.42,44.01,44.25,12409484,0.0
2019-12-08,44.26,45.09,43.735,43.89,15372291,0.0
2019-12-09,43.73,43.8,42.705,42.77,26706938,0.0
2019-12-10,42.79,42.85,42.01,42.09,29773390,0.0
2019-12-11,42.19,43.2,42.17,43.02,33374306,0.0
2019-12-12,42.83,43.8,42.73,43.59,23852464,0.0
2019-12-15,43.89,44.08,43.32,43.54,17417528,0.0
2019-12-16,43.89,43.89,43.27,43.38,13526456,0.0
2019-12-17,43.45,43.88,43.135,43.2,21268355,0.0
2019-12-18,43.27,43.65,43.025,43.64,13059612,0.0
2019-12-19,43.74,44.19,43.23,44.08,28249614,0.0
2019-12-22,44.08,44.25,43.95,44.09,10261594,0.0
2019-12-23,44.1,44.7,44.1,44.53,5235347,0.0
2019-12-25,44.73,45,44.565,44.98,8396926,0.0
2019-12-26,45.1,45.22,44.86,45.1,9296827,0.0
2019-12-29,45.1,45.34,44.94,45.2,10114755,0.0
2019-12-30,45.12,45.18,44.765,44.95,10150377,0.0
2020-01-01,45.36,45.4,44.93,45.36,18121849,0.0
2020-01-02,44.83,45.2213,44.57,45.02,15562453,0.0
2020-01-05,44.66,44.87,44.55,44.67,14757380,0.0
2020-01-06,44.25,45.005,44.22,44.94,17435942,0.0
2020-01-07,44.94,45.57,44.76,45.38,13512109,0.0
2020-01-08,45.39,45.61,45.18,45.5,11330994,0.0
2020-01-09,45.63,45.63,44.925,44.99,11581571,0.0
2020-01-12,44.92,45.87,44.9,45.81,15921724,0.0
2020-01-13,45.57,46.22,45.5,46.03,12090641,0.0
2020-01-14,46.06,46.545,46.01,46.3,10964436,0.0
2020-01-15,46.44,46.92,46.31,46.87,18126348,0.0
2020-01-16,47.68,47.74,47.1101,47.49,23164100,0.0
2020-01-20,47.48,47.48,46.79,47.31,28469196,0.0
2020-01-21,47.5,47.7,47.27,47.49,28198450,0.0
2020-01-22,46.54,46.98,45.5144,45.65,59194190,0.0
2020-01-23,44.9035,45.06,44.21,44.6,72659802,0.0
2020-01-26,43.93,44.75,43.8,44,17154992,0.0
2020-01-27,44.07,44.415,43.81,44.05,12081420,0.0
2020-01-28,44.26,44.26,43.15,43.32,18681910,0.0
2020-01-29,42.87,44.19,42.7,44.14,18591059,0.0
2020-01-30,44.12,44.14,43,43.2,19730525,0.0
2020-02-02,43.56,43.65,42.62,42.65,21993824,0.0
2020-02-03,43.5,44.52,43.38,44.295,23155264,0.0
2020-02-04,44.65,45.14,44.48,44.59,17177436,0.0
2020-02-05,44.76,45.06,44.29,44.59,11566596,0.0
2020-02-06,44.52,44.85,44.27,44.74,9944363,0.0
2020-02-09,44.64,44.731,44.26,44.66,7804605,0.0
2020-02-10,44.82,44.85,44.36,44.79,9402705,0.0
2020-02-11,44.98,46.135,44.91,46.03,20796059,0.0
2020-02-12,45.9,46.35,45.69,46.06,14353624,0.0
2020-02-13,46.08,46.18,45.75,46.09,11189355,0.0
2020-02-17,46.14,46.39,45.81,46.16,11177833,0.0
2020-02-18,46.22,46.255,45.86,45.98,12454703,0.0
2020-02-19,45.8,46.15,45.5,46.02,10619718,0.0
2020-02-20,45.76,46.42,45.66,45.8,18577271,0.0
2020-02-23,45.11,46.01,44.47,44.6,17900495,0.0
2020-02-24,44.745,44.89,43.025,43.17,18089847,0.0
2020-02-25,44.175,44.175,42.19,42.21,24187321,0.0
2020-02-26,41.86,42.6,40.99,40.99,30629985,0.0
2020-02-27,40,40.98,38.97,40.5,54723406,0.0
2020-03-01,40.34,42.53,39.4,42.53,32198990,0.0
2020-03-02,42.07,43.45,41.1,41.42,38088361,0.0
2020-03-03,41.97,42.555,41.5,42.505,20312831,0.0
2020-03-04,41.42,41.775,40.425,40.78,30582624,0.0
2020-03-05,38.91,40.6,38.83,40.38,26174419,0.0
2020-03-08,38.08,38.885,37.57,37.79,40224465,0.0
2020-03-09,38.64,39.15,36.665,39.13,88438474,0.0
2020-03-10,37.8,38.485,37.38,37.91,63489734,0.0
2020-03-11,35.58,37.85,34.44,34.86,56965172,0.0
2020-03-12,36.23,39.72,34.48,39.37,57618273,0.0
2020-03-15,34.55,38.99,34.5,36.02,71902340,0.0
2020-03-16,36.58,38.35,36.21,38.18,33826647,0.0
2020-03-17,36.23,36.75,33.27,35.88,34400626,0.0
2020-03-18,35.64,39.31,34.6,35.94,64541386,0.0
2020-03-19,36.09,36.09,32.635,33.37,45146580,0.0
2020-03-22,33.165,34.67,31.705,34.18,34094635,0.0
2020-03-23,35.365,35.365,33.525,34.63,40006537,0.0
2020-03-24,33.78,34.56,31.78,33.57,99979198,0.0
2020-03-25,33.19,37.31,33.06,36.77,30953555,0.0
2020-03-26,35.59,35.79,34.41,34.55,46997296,0.0
2020-03-29,34.74,35.625,34.55,35.49,23993826,0.0
2020-03-30,34.83,35.785,34.25,34.39,43632890,0.0
2020-03-31,33.16,33.76,32.05,32.43,22608490,0.0
2020-04-01,32.1,34.465,32.0583,34.36,40080398,0.0
2020-04-02,34.1,34.64,33.41,33.94,24479726,0.0
2020-04-05,35.37,36.4,35.09,36.23,25838805,0.0
2020-04-06,36.95,37.965,36.725,36.93,22744234,0.0
2020-04-07,37.24,37.91,36.755,37.67,38423410,0.0
2020-04-08,37.49,38.045,36.8,38.01,21606836,0.0
2020-04-12,37.45,37.885,36.58,37.18,16743963,0.0
2020-04-13,37.56,38.64,37.225,38.53,35743863,0.0
2020-04-14,37.78,38.05,36.75,37.18,46351756,0.0
2020-04-15,37.53,38.02,36.66,37.82,51068572,0.0
2020-04-16,38.55,38.71,37.68,38.07,62389091,0.0
2020-04-19,37.68,38.215,37.12,37.2,42065386,0.0
2020-04-20,36.75,36.793,35.53,35.72,58565782,0.0
2020-04-21,36.23,36.35,35.705,35.74,28637389,0.0
2020-04-22,35.83,36.52,35.8,36.08,51410898,0.0
2020-04-23,36.15,37.215,36.15,37.16,46129464,0.0
2020-04-26,37.57,38.345,37.4,38.22,63905817,0.0
2020-04-27,38.63,39.065,37.91,38.08,26545170,0.0
2020-04-28,38.82,39.12,38.35,39.01,31706126,0.0
2020-04-29,36.51,38.035,36.01,37.625,54088768,0.0
2020-04-30,37.14,37.51,36.775,36.98,16731142,0.0
2020-05-03,37.15,37.2,35.92,36.215,22106578,0.0
2020-05-04,36.39,36.49,35.99,36.05,33614430,0.0
2020-05-05,36.22,36.255,35.1,35.14,17182074,0.0
2020-05-06,35.58,35.88,35.37,35.57,26765006,0.0
2020-05-07,36.25,36.65,36,36.53,22583832,0.0
2020-05-10,36.2597,36.3,35.54,36.14,28704439,0.0
2020-05-11,36.07,36.23,35.35,35.35,29417386,0.0
2020-05-12,35.1704,35.3,34.425,34.97,28363504,0.0
2020-05-13,34.7838,35.835,34.165,35.77,22459585,0.0
2020-05-14,35.3102,35.98,34.85,35.94,45253576,0.0
2020-05-17,36.94,38.35,36.83,38.095,39854502,0.0
2020-05-18,37.83,38.66,37.33,38.2,25538443,0.0
2020-05-19,38.61,39.24,38.5,39.19,19297122,0.0
2020-05-20,38.84,39.185,38.56,38.96,35276756,0.0
2020-05-21,38.67,39,38.465,38.74,21144404,0.0
2020-05-25,39.45,40.13,39.395,39.59,15836730,0.0
2020-05-26,39.63,40.47,39.62,39.92,33045218,0.0
2020-05-27,39.97,40.13,39.44,39.53,15067227,0.0
2020-05-28,39.56,39.82,38.8,39.7,14082105,0.0
2020-05-31,39.54,40.27,39.4,40.19,23859418,0.0
2020-06-01,40.13,40.825,40.12,40.78,29844230,0.0
2020-06-02,41.15,41.575,40.99,41.3,27568774,0.0
2020-06-03,40.97,41.38,40.84,41.295,10621471,0.0
2020-06-04,42.13,43.1,41.99,42.14,16456787,0.0
2020-06-07,41.93,43.18,41.9022,43.11,26199142,0.0
2020-06-08,42.67,42.89,41.88,42.19,20343660,0.0
2020-06-09,42.1,42.12,41.13,41.35,13137762,0.0
2020-06-10,40.91,41.27,39.19,39.25,35605906,0.0
2020-06-11,39.59,39.97,39.17,39.225,3438612,0.0
2020-06-14,39.29,40.085,38.54,39.83,27076280,0.0
2020-06-15,40.54,41.05,39.14,39.76,35331665,0.0
2020-06-16,39.78,39.89,39.115,39.2,26814389,0.0
2020-06-17,39.19,39.6,38.95,39.44,23755514,0.0
2020-06-18,39.85,40.46,38.87,39.1,19952419,0.0
2020-06-21,38.8,39.05,38.315,38.44,13723127,0.0
2020-06-22,38.93,39.65,38.69,39.2,20072234,0.0
2020-06-23,39.48,39.48,38.13,38.58,16673185,0.0
2020-06-24,38.36,38.735,37.77,38.58,14150573,0.0
2020-06-25,38.3,38.74,38.03,38.67,18461667,0.0
2020-06-28,38.87,39.03,38.39,38.96,16260415,0.0
2020-06-29,38.5,39.13,38.12,38.97,15706815,0.0
2020-06-30,39.61,40.21,39.4,39.69,15066472,0.0
2020-07-01,40.04,40.279,39.165,39.26,15690070,0.0
2020-07-05,39.8,40.37,39.65,40.34,14015997,0.0
2020-07-06,40.04,40.35,40,40.08,16032091,0.0
2020-07-07,40.13,40.24,39.52,39.72,10391041,0.0
2020-07-08,39.7,39.72,39.025,39.3,13418069,0.0
2020-07-09,39.23,40.54,39.14,40.5,17059000,0.0
2020-07-12,40.47,41.0982,40.18,40.56,14906104,0.0
2020-07-13,39.95,41.29,39.8309,41.18,17575081,0.0
2020-07-14,41.11,42.08,41.05,41.96,18011428,0.0
2020-07-15,41.71,42.18,41.66,42.105,11228002,0.0
2020-07-16,42.48,42.48,41.9,42.18,13019557,0.0
2020-07-19,41.99,42.105,41.76,41.95,10966385,0.0
2020-07-20,42.14,42.77,42.06,42.57,19482813,0.0
2020-07-21,42.5222,42.76,42.41,42.56,11197525,0.0
2020-07-22,42.76,42.96,42.34,42.49,11209940,0.0
2020-07-23,43.43,43.9,42.705,43.35,20150987,0.0
2020-07-26,43.2,43.64,43.15,43.6,15569023,0.0
2020-07-27,42.86,43.565,42.8,43.21,15997860,0.0
2020-07-28,43.33,44.11,43.26,43.93,23986880,0.0
2020-07-29,44.48,45.2,43.12,43.69,16049846,0.0
2020-07-30,43.54,43.64,41.96,42.8,18804605,0.0
2020-08-02,42.69,43.135,42.41,42.88,7672662,0.0
2020-08-03,42.62,43.235,42.54,43.21,9631796,0.0
2020-08-04,43.29,43.47,42.245,42.28,13344199,0.0
2020-08-05,42.04,42.89,42.02,42.88,12222165,0.0
2020-08-06,42.59,42.92,42.47,42.82,8188083,0.0
2020-08-09,42.985,43.215,42.75,43.02,10415373,0.0
2020-08-10,43.25,44,42.92,43,13462034,0.0
2020-08-11,43.01,43.725,42.97,43.33,7985145,0.0
2020-08-12,43.1,43.425,42.985,43.39,11078093,0.0
2020-08-13,43.62,44.18,43.2,43.78,11588334,0.0
2020-08-16,43.87,43.95,43.3,43.54,9495286,0.0
2020-08-17,43.71,43.735,43.28,43.53,6918325,0.0
2020-08-18,43.66,43.759,43.16,43.32,7994580,0.0
2020-08-19,43.23,43.435,42.9,43.28,9047355,0.0
2020-08-20,43.04,43.23,42.72,43.06,9382401,0.0
2020-08-23,42.86,43.82,42.85,43.8,12437080,0.0
2020-08-24,43.765,43.78,43.18,43.41,7247272,0.0
2020-08-25,43.02,44.36,42.91,44.21,12358626,0.0
2020-08-26,44.56,44.795,44.24,44.54,12227294,0.0
2020-08-27,44.53,44.57,43.93,44.57,9237001,0.0
2020-08-30,44.26,45.13,44.25,44.81,19399624,0.0
2020-08-31,44.435,45.09,44.24,45.06,14255849,0.0
2020-09-01,45.05,45.93,45.01,45.17,14028812,0.0
2020-09-02,45.61,45.94,44.09,44.44,15024444,0.0
2020-09-03,44.91,44.97,43.9,44.42,14450444,0.0
2020-09-07,43.81,44.26,43.12,43.815,17202190,0.0
2020-09-08,43.99,44.99,43.71,44.59,11361464,0.0
2020-09-09,44.92,44.965,43.86,44.02,11739631,0.0
2020-09-10,44.09,44.74,43.97,44.67,15519755,0.0
2020-09-13,45.02,45.49,44.71,45.27,8745566,0.0
2020-09-14,45.16,46.74,45.05,46.45,16777945,0.0
2020-09-15,47.05,47.5,46.7,46.8,15860304,0.0
2020-09-16,45.94,46.43,45.02,45.62,14099364,0.0
2020-09-17,45.48,45.85,44.29,45.26,25226537,0.0
2020-09-20,44.92,45.44,43.41,44.69,23406041,0.0
2020-09-21,44.94,46.475,44.84,46.17,25167453,0.0
2020-09-22,46.2,46.38,45.245,45.36,16299351,0.0
2020-09-23,45.19,46.08,44.905,45.7,12311951,0.0
2020-09-24,45.35,46.33,45.22,46.16,10074603,0.0
2020-09-27,46.89,47.07,46.24,46.79,11593091,0.0
2020-09-28,46.85,46.87,46.17,46.19,8892574,0.0
2020-09-29,46.5271,46.72,45.75,46.26,18133202,0.0
2020-09-30,46.566,46.77,46.17,46.44,9447243,0.0
2020-10-01,45.8,45.99,45.11,45.13,12727050,0.0
2020-10-04,45.3,45.93,45.02,45.79,9998291,0.0
2020-10-05,45.28,45.52,44.37,44.5,9588167,0.0
2020-10-06,45.03,45.105,44.26,44.96,11574273,0.0
2020-10-07,45.0895,45.39,44.83,45.3,10101800,0.0
2020-10-08,45.3801,45.63,44.68,44.82,18307801,0.0
2020-10-11,45.3,46.26,44.922,46,14860208,0.0
2020-10-12,46.13,46.31,45.38,45.89,10542418,0.0
2020-10-13,45.79,46.005,44.99,45.27,9035350,0.0
2020-10-14,45.1,45.15,44.525,45.13,6986052,0.0
2020-10-15,45.225,45.885,44.9,45.59,10106384,0.0
2020-10-18,45.56,45.76,44.2,44.35,8521060,0.0
2020-10-19,44.63,44.66,44.13,44.27,7579258,0.0
2020-10-20,44.01,44.82,43.97,44.51,7259621,0.0
2020-10-21,44.5,45.235,44.4,45.09,9709278,0.0
2020-10-22,45.4,45.55,44.6,45.07,7788157,0.0
2020-10-25,44.71,44.82,43.55,43.77,10441087,0.0
2020-10-26,43.6,43.84,43.36,43.44,7418743,0.0
2020-10-27,42.91,43.07,41.91,41.98,14041604,0.0
2020-10-28,42.08,43.69,41.89,43.05,15306525,0.0
2020-10-29,42.47,43.05,41.7464,42.26,14655695,0.0
2020-11-01,42.76,42.93,40.965,41.41,16665686,0.0
2020-11-02,41.95,42.98,41.7521,42.59,18269798,0.0
2020-11-03,44.27,44.61,43.41,43.7,15059489,0.0
2020-11-04,44.3967,44.81,44.21,44.35,14614888,0.0
2020-11-05,44.57,44.7,43.95,44.54,9941629,0.0
2020-11-08,47.6,48.23,46.72,47.19,26859326,0.0
2020-11-09,46.1655,47.96,45.95,47.77,13548050,0.0
2020-11-10,47.78,47.97,47.12,47.68,7945611,0.0
2020-11-11,47.6275,48.09,47.25,48.01,15747931,0.0
2020-11-12,47.81,49.245,47.73,49.225,11540089,0.0
2020-11-15,49.4,49.75,49.25,49.54,15986132,0.0
2020-11-16,49.19,49.99,48.98,49.77,13695372,0.0
2020-11-17,49.6,50.38,49.04,49.14,15535856,0.0
2020-11-18,49.2109,49.735,49,49.47,10163127,0.0
2020-11-19,49.28,49.68,49.1,49.16,10164253,0.0
2020-11-22,49.09,49.98,48.79,49.81,10463121,0.0
2020-11-23,50,52.49,49.92,52.34,25213135,0.0
2020-11-24,52.17,52.195,50.7779,51.81,17202611,0.0
2020-11-26,51.31,52.21,51.31,51.75,5327164,0.0
2020-11-29,51.13,51.48,49.84,50.24,16343302,0.0
2020-11-30,50.75,51.27,50.11,51.02,11643028,0.0
2020-12-01,50.93,51.335,50.81,51.05,9707029,0.0
2020-12-02,50.77,51.72,50.68,51.63,11576768,0.0
2020-12-03,51.75,51.91,51.49,51.71,8029194,0.0
2020-12-06,51.58,52.02,51.24,51.92,7864114,0.0
2020-12-07,51.3,51.8,51.21,51.41,10469964,0.0
2020-12-08,51.62,52.355,51.15,51.25,12404462,0.0
2020-12-09,51.28,51.28,50.25,50.48,12148224,0.0
2020-12-10,50.5674,51.105,50.13,50.93,14709165,0.0
2020-12-13,50.8528,51.27,50.75,50.99,10550282,0.0
2020-12-14,51.38,52.095,51.3,51.52,14488989,0.0
2020-12-15,51.68,52.07,51.01,51.43,9999453,0.0
2020-12-16,51.54,51.88,51.08,51.36,10113564,0.0
2020-12-17,51.56,51.6,50.4,50.9,16220586,0.0
2020-12-20,50.52,50.65,49.48,50.37,11437195,0.0
2020-12-21,50,50.31,49.8,50.03,8309775,0.0
2020-12-22,50.15,50.27,49.65,50.035,10088467,0.0
2020-12-23,50.2,50.44,50.085,50.38,3376118,0.0
2020-12-27,50.78,51.36,50.53,51.11,9302460,0.0
2020-12-28,51.16,51.7277,51.04,51.56,8475636,0.0
2020-12-29,51.69,51.925,51.19,51.21,6921495,0.0
2020-12-30,51.3597,52.48,51.24,52.4,8647408,0.0
2021-01-03,52.28,52.4,49.615,50.5,16601955,0.0
2021-01-04,50.1597,50.295,49.195,49.98,11631544,0.0
2021-01-05,49.12,50.77,49.1,50.56,18871307,0.0
2021-01-06,50.2,50.98,50.1,50.65,12819108,0.0
2021-01-07,50.3588,51.66,50.31,51.55,16187277,0.0
2021-01-10,51.735,51.74,50.7279,51.53,15380086,0.0
2021-01-11,51.29,51.545,49.61,50.01,17131061,0.0
2021-01-12,49.62,50.375,49.521,50.15,11473713,0.0
2021-01-13,50.16,50.27,49.435,49.57,13950786,0.0
2021-01-14,49.21,49.26,48.15,48.68,20093414,0.0
2021-01-18,48.67,49.09,48.31,48.85,12315382,0.0
2021-01-19,48.99,49.17,48.66,48.88,11808236,0.0
2021-01-20,48.5,49.27,48.24,49.12,17430370,0.0
2021-01-21,48.84,48.935,48.2628,48.65,10043924,0.0
2021-01-24,48.5,49.13,48.32,48.97,13490528,0.0
2021-01-25,49.1505,50.205,48.88,50.1,18462441,0.0
2021-01-26,49.47,50.23,48.32,48.51,21549403,0.0
2021-01-27,50,52.29,49.78,51.45,22746212,0.0
2021-01-28,50.31,51.2,49.49,49.55,18053563,0.0
2021-01-31,49.86,50.36,49.1,50.15,14621347,0.0
2021-02-01,50.35,51.475,50.07,51.18,14268180,0.0
2021-02-02,51.25,51.53,50.42,50.43,13292607,0.0
2021-02-03,50.33,51.5,50.23,51.46,15538288,0.0
2021-02-04,51.8633,52.07,50.935,51.12,8414226,0.0
2021-02-07,51.06,52.08,51.02,51.87,12426150,0.0
2021-02-08,52,52.99,51.355,52.72,12679074,0.0
2021-02-09,53.04,53.06,52.04,52.76,14620752,0.0
2021-02-10,52.919,53.31,52.51,53.24,9573735,0.0
2021-02-11,53.32,53.6,52.945,53.22,7563750,0.0
2021-02-15,53,53.225,52.535,52.83,9017634,0.0
2021-02-16,52.73,53.25,52.41,53.01,8660108,0.0
2021-02-17,52.68,52.87,52.26,52.56,11423830,0.0
2021-02-18,52.41,52.6,51.77,52.09,11626686,0.0
2021-02-21,51.97,52.86,51.805,52.5,10614084,0.0
2021-02-22,52.8,53.42,52.08,53.35,16636542,0.0
2021-02-23,52.57,53.53,52.57,53.4,15617840,0.0
2021-02-24,53.09,53.41,51.95,52.24,16743156,0.0
2021-02-25,52.27,53.455,51.89,52.67,17495129,0.0
2021-02-28,53.22,54.71,52.88,54.46,13055653,0.0
2021-03-01,54.31,54.78,54.07,54.24,10987539,0.0
2021-03-02,53.9235,54.795,53.64,53.72,19291659,0.0
2021-03-03,53.82,55.25,53.6,53.97,25117450,0.0
2021-03-04,54.69,55.265,53.925,55.04,18338459,0.0
2021-03-07,54.82,55.8265,54.665,55.48,19611204,0.0
2021-03-08,55.47,56.115,55.11,55.57,18682104,0.0
2021-03-09,56.1,57.685,55.77,57.22,19669669,0.0
2021-03-10,56.615,57.7,56.61,56.89,13899348,0.0
2021-03-11,56.8505,57.39,56.21,57.09,12914026,0.0
2021-03-14,57.228,57.59,56.525,57.54,11513502,0.0
2021-03-15,57.5945,58.585,57.37,58.04,12351207,0.0
2021-03-16,57.4,57.88,56.56,57.5,13624015,0.0
2021-03-17,56.68,57.12,55.8,55.86,15816611,0.0
2021-03-18,55.52,56.04,55.27,55.37,18325021,0.0
2021-03-21,55.7,56.52,55.25,56.38,11782709,0.0
2021-03-22,56.46,56.72,56,56.14,11561215,0.0
2021-03-23,56.05,56.505,55.86,55.93,12137950,0.0
2021-03-24,56.1745,56.495,55.43,56.3,14690107,0.0
2021-03-25,56.2,56.56,53.855,55.18,18498571,0.0
2021-03-28,55.0326,55.615,54.17,55.19,15217865,0.0
2021-03-29,55.38,55.52,54.56,55.02,9647493,0.0
2021-03-30,54.78,54.87,53.97,54.13,15797540,0.0
2021-03-31,54.62,55.08,54.23,54.75,14114938,0.0
2021-04-04,54.46,55.115,54.45,54.8,11610964,0.0
2021-04-05,54.38,55.0463,54.14,54.84,11169272,0.0
2021-04-06,55.095,55.12,54.24,54.6,15298163,0.0
2021-04-07,54.58,54.63,54.1,54.34,8474517,0.0
2021-04-08,53.8,53.88,52.455,53.56,15503120,0.0
2021-04-11,53.46,53.7,53.12,53.33,11836425,0.0
2021-04-12,53.43,53.99,53.26,53.87,12587866,0.0
2021-04-13,53.68,53.88,53.15,53.3,9774759,0.0
2021-04-14,53.57,54.5,53.51,54.15,13251353,0.0
2021-04-15,55,55.5,54.59,55.11,14147681,0.0
2021-04-18,54.94,55.01,53.91,54.15,11908323,0.0
2021-04-19,53.79,54.27,53.655,54.17,12381710,0.0
2021-04-20,54.27,54.765,53.77,54.66,12100344,0.0
2021-04-21,54.29,54.74,54.14,54.4,11753016,0.0
2021-04-22,54.31,54.71,53.97,54.39,8730810,0.0
2021-04-25,54.3773,54.58,54.01,54.33,8695825,0.0
2021-04-26,54.46,54.77,54.22,54.3,9349945,0.0
2021-04-27,54.1,54.58,53.95,54.13,10015843,0.0
2021-04-28,55.98,56.49,55.28,56.42,17402175,0.0
2021-04-29,56.44,56.44,54.73,56.16,14547680,0.0
2021-05-02,56.38,56.97,56.17,56.57,11741135,0.0
2021-05-03,56.41,56.85,56.18,56.64,17954300,0.0
2021-05-04,57.01,57.03,56.26,56.46,10157069,0.0
2021-05-05,56.57,57.1,56.45,56.97,10584567,0.0
2021-05-06,57.25,58.415,56.7,58.11,15038727,0.0
2021-05-09,58.22,59.11,57.485,57.53,14443212,0.0
2021-05-10,57.52,57.78,56.95,57.49,12970827,0.0
2021-05-11,56.91,57.135,56.56,56.62,12457634,0.0
2021-05-12,56.59,58.055,56.39,57.37,12451618,0.0
2021-05-13,57.85,58.88,57.38,58.68,12607754,0.0
2021-05-16,58.04,58.27,55.11,55.455,23247384,0.0
2021-05-17,55.75,55.95,54.68,54.95,26940706,0.0
2021-05-18,54.61,54.67,53.67,54.24,15852625,0.0
2021-05-19,54.1228,55.33,54.09,55.045,11176167,0.0
2021-05-20,55.38,55.49,54.92,55.09,12815219,0.0
