Date,Open,High,Low,Close,Volume,OpenInterest
2017-06-01,31.92,32.06,31.68,31.98,16404418,0.0
2017-06-04,32.05,32.05,31.57,31.76,14040090,0.0
2017-06-05,31.75,31.76,31.5,31.57,12892514,0.0
2017-06-06,31.61,31.72,31.44,31.61,12331789,0.0
2017-06-07,31.53,31.81,31.52,31.61,14916671,0.0
2017-06-08,31.64,31.83,31.085,31.37,22019587,0.0
2017-06-11,31.34,31.64,31.15,31.25,21310812,0.0
2017-06-12,31.3,31.8,31.28,31.7,22826635,0.0
2017-06-13,31.87,31.97,31.33,31.6,21369887,0.0
2017-06-14,31.25,31.64,31.22,31.59,17226822,0.0
2017-06-15,31.61,31.64,31.2,31.62,25343928,0.0
2017-06-18,31.77,32.02,31.581,31.99,14328240,0.0
2017-06-19,31.94,32.16,31.84,31.84,15313498,0.0
2017-06-20,31.73,31.87,31.51,31.845,17383973,0.0
2017-06-21,31.92,32,31.7,31.85,13586426,0.0
2017-06-22,31.85,32.3,31.75,32.09,16361921,0.0
2017-06-25,32.22,32.5,32.18,32.25,16624736,0.0
2017-06-26,32.09,32.26,31.76,31.77,20072178,0.0
2017-06-27,31.78,32.275,31.76,32.08,15134355,0.0
2017-06-28,31.79,32.025,31.25,31.4,22792898,0.0
2017-06-29,31.73,31.79,31.3,31.3,18777913,0.0
2017-07-02,31.07,31.64,31.03,31.32,11683129,0.0
2017-07-04,30.89,31.27,30.73,31.11,20113785,0.0
2017-07-05,30.99,31.02,30.67,30.7297,15915817,0.0
2017-07-06,30.76,31.07,30.75,30.89,12941028,0.0
2017-07-09,30.89,31.09,30.82,30.98,13264125,0.0
2017-07-10,31.05,31.12,30.86,31.095,10036803,0.0
2017-07-11,31.23,31.44,31.145,31.17,16064988,0.0
2017-07-12,31.26,31.28,31.08,31.27,11737271,0.0
2017-07-13,31.36,31.45,31.27,31.41,10967620,0.0
2017-07-16,31.5,31.635,31.45,31.5,12104611,0.0
2017-07-17,31.4,31.51,31.17,31.5,13269053,0.0
2017-07-18,31.51,32.05,31.46,31.89,19186685,0.0
2017-07-19,31.96,32.05,31.76,31.87,14336279,0.0
2017-07-20,31.83,32.03,31.705,31.84,11509433,0.0
2017-07-23,31.86,31.925,31.66,31.86,9559067,0.0
2017-07-24,31.9,32.25,31.88,32.13,12888322,0.0
2017-07-25,32.12,32.225,31.51,31.66,16283258,0.0
2017-07-26,31.73,31.7502,31.21,31.57,18577133,0.0
2017-07-27,31.52,31.6,31.26,31.51,13818268,0.0
2017-07-30,31.54,31.59,31.37,31.46,14287497,0.0
2017-07-31,31.55,31.66,31.43,31.64,10850232,0.0
2017-08-01,31.55,31.57,31.25,31.5,13620678,0.0
2017-08-02,31.59,31.72,31.43,31.56,12018438,0.0
2017-08-03,31.65,31.91,31.58,31.78,14351508,0.0
2017-08-06,31.79,31.8799,31.69,31.825,9905863,0.0
2017-08-07,31.75,32,31.6,31.67,12105067,0.0
2017-08-08,31.55,31.675,31.36,31.625,14115430,0.0
2017-08-09,31.56,31.56,31,31.01,19835443,0.0
2017-08-10,31.23,31.545,31.04,31.48,18313885,0.0
2017-08-13,31.69,31.89,31.56,31.83,18347698,0.0
2017-08-14,31.85,32.21,31.84,32.1,21682006,0.0
2017-08-15,32.07,32.4652,32.06,32.355,24302285,0.0
2017-08-16,31.5,31.77,30.85,31.03,46821794,0.0
2017-08-17,31,31.06,30.36,30.365,31694658,0.0
2017-08-20,30.37,30.795,30.36,30.69,21037951,0.0
2017-08-21,30.84,31.33,30.75,31.26,20507600,0.0
2017-08-22,31.21,31.4,30.91,30.93,18444560,0.0
2017-08-23,30.95,31.4,30.9,31.25,16261204,0.0
2017-08-24,31.37,31.8,31.36,31.46,16144412,0.0
2017-08-27,31.6,31.66,31.41,31.54,9905861,0.0
2017-08-28,31.28,31.6299,31.19,31.49,11624484,0.0
2017-08-29,31.47,32.2,31.42,32,19893904,0.0
2017-08-30,32.1,32.34,31.99,32.22,22856867,0.0
2017-08-31,32.22,32.345,32.03,32.31,13092620,0.0
2017-09-04,32.15,32.245,31.455,31.62,20379444,0.0
2017-09-05,31.76,31.91,31.63,31.87,11913978,0.0
2017-09-06,31.96,31.97,31.74,31.76,10753659,0.0
2017-09-07,31.68,31.78,31.46,31.48,12701068,0.0
2017-09-10,31.74,32.3,31.67,32.21,16512976,0.0
2017-09-11,32.25,32.47,32.19,32.42,13757244,0.0
2017-09-12,32.23,32.39,31.96,32.18,16815099,0.0
2017-09-13,31.91,32.22,31.91,32.18,14091699,0.0
2017-09-14,32.2,32.5,32.12,32.43,22396094,0.0
2017-09-17,32.43,32.66,32.26,32.53,13630049,0.0
2017-09-18,32.46,32.65,32.395,32.49,10247744,0.0
2017-09-19,32.58,32.75,32.39,32.61,14849280,0.0
2017-09-20,32.68,32.9,32.5,32.7,16817641,0.0
2017-09-21,32.7,33.53,32.64,33.38,24115957,0.0
2017-09-24,33.3,33.84,33.2,33.73,24788096,0.0
2017-09-25,33.77,34.1,33.67,33.79,21763712,0.0
2017-09-26,33.78,33.92,33.3037,33.475,16334064,0.0
2017-09-27,33.22,33.46,33.22,33.35,10501459,0.0
2017-09-28,33.31,33.67,33.24,33.62,10854349,0.0
2017-10-01,33.6,33.77,33.52,33.75,12697198,0.0
2017-10-02,33.72,33.9,33.61,33.85,11109767,0.0
2017-10-03,33.53,33.56,33.29,33.44,11530293,0.0
2017-10-04,33.53,33.67,33.41,33.6,10630451,0.0
2017-10-05,33.65,33.78,33.5247,33.74,7957038,0.0
2017-10-08,33.8,33.89,33.61,33.76,5878771,0.0
2017-10-09,33.88,33.91,33.47,33.55,15039977,0.0
2017-10-10,33.38,33.63,33.25,33.59,9022675,0.0
2017-10-11,33.26,33.46,33.17,33.27,13098878,0.0
2017-10-12,33.4,33.57,33.323,33.48,9854239,0.0
2017-10-15,33.6,33.64,33.47,33.54,7363153,0.0
2017-10-16,33.56,33.67,33.46,33.59,6485262,0.0
2017-10-17,33.72,33.75,33.44,33.54,8023008,0.0
2017-10-18,33.51,33.89,33.45,33.77,11241405,0.0
2017-10-19,34.03,34.39,34.01,34.25,18453476,0.0
2017-10-22,34.45,34.68,34.27,34.375,16696546,0.0
2017-10-23,34.4,34.675,34.25,34.57,12164499,0.0
2017-10-24,34.73,34.73,34.163,34.3,13778548,0.0
2017-10-25,34.41,34.51,34.07,34.26,11790770,0.0
2017-10-26,34.16,34.62,34.09,34.4,16024246,0.0
2017-10-29,34.27,34.38,33.8244,34.02,14644201,0.0
2017-10-30,34.06,34.24,33.96,34.16,10438588,0.0
2017-10-31,34.29,34.75,34.28,34.63,18955761,0.0
2017-11-01,34.55,34.64,34.16,34.2,16697063,0.0
2017-11-02,34.24,34.49,34.0269,34.47,11350443,0.0
2017-11-05,34.37,34.56,34.26,34.42,10694339,0.0
2017-11-06,34.3,34.48,34.2147,34.385,8592877,0.0
2017-11-07,34.3,34.4964,34.12,34.49,9642874,0.0
2017-11-08,34.29,34.32,33.871,34.04,13920169,0.0
2017-11-09,34.06,34.09,33.67,33.99,15943687,0.0
2017-11-12,33.86,34.21,33.83,33.95,11519175,0.0
2017-11-13,33.86,34.16,33.8,34.04,12789685,0.0
2017-11-14,33.97,34.31,33.87,34.1134,23880261,0.0
2017-11-15,36.04,36.67,35.83,35.89,51185121,0.0
2017-11-16,35.9,36.32,35.19,35.9,21979608,0.0
2017-11-19,35.93,36.54,35.93,36.5,20701067,0.0
2017-11-20,36.75,36.97,36.58,36.64,19099269,0.0
2017-11-21,36.7,36.715,36.36,36.45,13310466,0.0
2017-11-23,36.41,36.57,36.32,36.495,5209198,0.0
2017-11-26,36.51,37.09,36.5,36.88,15874210,0.0
2017-11-27,37,37.8,36.98,37.76,25627889,0.0
2017-11-28,37.75,38.025,37.23,37.47,31968334,0.0
2017-11-29,37.62,37.8,37.3,37.3,19263363,0.0
2017-11-30,37.09,37.66,36.73,37.59,21100762,0.0
2017-12-03,37.81,37.99,37.54,37.71,21217262,0.0
2017-12-04,37.74,37.82,37.17,37.3,16772418,0.0
2017-12-05,37.37,37.72,37.25,37.42,12378413,0.0
2017-12-06,37.26,37.78,37.26,37.41,11550460,0.0
2017-12-07,37.59,37.69,37.42,37.61,11304063,0.0
2017-12-10,37.59,38.04,37.57,37.96,11748465,0.0
2017-12-11,37.79,38.1,37.56,37.91,13319665,0.0
2017-12-12,38.09,38.37,38,38.16,14980665,0.0
2017-12-13,38.2,38.27,37.855,37.91,13909921,0.0
2017-12-14,37.9,38.28,37.7,38.17,22645273,0.0
2017-12-17,38.48,38.89,38.3,38.52,16452657,0.0
2017-12-18,38.66,38.86,38.28,38.3,15102004,0.0
2017-12-19,38.49,38.8,38.21,38.74,15349239,0.0
2017-12-20,38.88,38.995,38.49,38.53,13168337,0.0
2017-12-21,38.52,38.74,38.47,38.555,8607432,0.0
2017-12-25,38.55,38.68,38.36,38.49,5719096,0.0
2017-12-26,38.56,38.65,38.45,38.55,6589938,0.0
2017-12-27,38.73,38.73,38.45,38.58,7020742,0.0
2017-12-28,38.41,38.62,38.31,38.33,8504258,0.0
2018-01-01,38.67,38.95,38.43,38.8511,16478326,0.0
2018-01-02,38.72,39.285,38.53,39.16,21836691,0.0
2018-01-03,39.02,39.54,38.93,38.99,17145889,0.0
2018-01-04,39.55,39.88,39.365,39.5,20830050,0.0
2018-01-07,39.36,39.96,39.36,39.94,12585804,0.0
2018-01-08,39.79,39.96,39.54,39.68,17264445,0.0
2018-01-09,39.65,40.24,39.63,39.9,16115450,0.0
2018-01-10,40.14,40.21,39.75,40.1,17679789,0.0
2018-01-11,40.22,40.93,40.05,40.86,17777194,0.0
2018-01-15,40.9,41.16,40.32,40.53,22235488,0.0
2018-01-16,40.87,41.32,40.705,41.21,18958085,0.0
2018-01-17,41.24,41.48,41.03,41.3,13589319,0.0
2018-01-18,41.25,41.52,41.1,41.28,17883105,0.0
2018-01-21,41.2,41.66,41.02,41.66,16795242,0.0
2018-01-22,41.54,42.13,41.54,42.1,18044772,0.0
2018-01-23,42.2,42.685,42.01,42.17,19926960,0.0
2018-01-24,42.27,42.47,41.82,41.89,15486440,0.0
2018-01-25,42.15,42.56,41.95,42.55,16461395,0.0
2018-01-28,42.3,42.98,42.3,42.83,19094251,0.0
2018-01-29,42.685,42.86,41.97,42.25,22471444,0.0
2018-01-30,41.98,42.01,41.35,41.57,28129093,0.0
2018-01-31,41.14,42.11,40.67,41.7,20692968,0.0
2018-02-01,41.47,41.95,40.87,40.93,21325852,0.0
2018-02-04,40.87,41.405,38.72,38.74,39456802,0.0
2018-02-05,38.03,40.305,37.35,40.18,46881007,0.0
2018-02-06,40.31,41.206,40.03,40.34,27438219,0.0
2018-02-07,40.44,40.76,38.72,38.76,37320109,0.0
2018-02-08,39,39.92,38.23,39.54,45326845,0.0
2018-02-11,40.51,40.91,40.225,40.6,31559057,0.0
2018-02-12,40.5,41.31,40.22,41.22,25010831,0.0
2018-02-13,41.05,42.26,40.99,42.1,34754919,0.0
2018-02-14,45.07,45.13,43.26,44.09,64766230,0.0
2018-02-15,43.885,45.09,43.79,44.34,32876613,0.0
2018-02-19,44.05,44.69,43.81,44.05,22052605,0.0
2018-02-20,44.11,44.42,43.28,43.31,22847782,0.0
2018-02-21,43.49,43.56,42.75,42.95,21452399,0.0
2018-02-22,43.37,44.04,42.92,44.04,20115434,0.0
2018-02-25,44.23,45.45,44.13,45.37,22238367,0.0
2018-02-26,45.41,45.61,44.62,45.03,22810520,0.0
2018-02-27,45.27,45.89,44.78,44.79,20133321,0.0
2018-02-28,44.68,45,43.35,43.78,26840452,0.0
2018-03-01,43.24,44.22,43.1,44.06,24161464,0.0
2018-03-04,43.92,44.765,43.7,44.52,17043110,0.0
2018-03-05,44.65,44.785,44.135,44.3,18047834,0.0
2018-03-06,44.03,44.39,43.8,44.21,17984924,0.0
2018-03-07,44.25,44.41,43.935,44.34,16142996,0.0
2018-03-08,44.62,45.54,44.61,45.37,18070596,0.0
2018-03-11,45.57,45.87,45.4,45.545,14590690,0.0
2018-03-12,45.78,46.16,44.92,45.16,19253334,0.0
2018-03-13,45.34,45.7587,45.09,45.28,17449957,0.0
2018-03-14,45.3,45.735,45.12,45.35,18392326,0.0
2018-03-15,45.33,45.6,44.97,44.99,24463417,0.0
2018-03-18,44.6,44.82,43.9,44.28,19603469,0.0
2018-03-19,44.48,44.64,44.18,44.38,15800147,0.0
2018-03-20,44.24,44.9,44.1331,44.32,15577219,0.0
2018-03-21,43.76,44.02,43.02,43.06,24465487,0.0
2018-03-22,43.71,43.84,42.42,42.42,25967564,0.0
2018-03-25,43.17,44.16,42.83,44.06,23210606,0.0
2018-03-26,44.49,44.52,42.24,42.67,24782325,0.0
2018-03-27,42.52,42.84,41.62,41.65,31590546,0.0
2018-03-28,41.94,42.93,41.58,42.73,31715694,0.0
2018-04-01,42.52,42.63,40.53,41.01,29094412,0.0
2018-04-02,41.39,41.5,40.72,41.38,23296353,0.0
2018-04-03,40.39,41.55,40.19,41.18,25670743,0.0
2018-04-04,41.53,42.02,41.38,41.81,22667142,0.0
2018-04-05,41.4,41.68,40.45,40.73,21142842,0.0
2018-04-08,40.95,42.06,40.9,41.16,19380814,0.0
2018-04-09,42.09,42.71,41.75,42.51,18980570,0.0
2018-04-10,42.42,42.9,42.26,42.44,15614739,0.0
2018-04-11,42.73,43.64,42.73,43.35,18452652,0.0
2018-04-12,43.54,43.74,42.64,43,15631861,0.0
2018-04-15,43.12,43.64,43.03,43.3,13124048,0.0
2018-04-16,43.84,44.75,43.705,44.58,18015994,0.0
2018-04-17,44.61,44.92,44.295,44.64,15578995,0.0
2018-04-18,44.49,44.95,44.38,44.56,18240854,0.0
2018-04-19,44.5,44.75,43.62,44.11,17351888,0.0
2018-04-22,44.26,44.475,43.87,44.24,15002329,0.0
2018-04-23,44.52,44.91,43.33,43.74,17903664,0.0
2018-04-24,43.81,43.99,42.75,43.72,17603773,0.0
2018-04-25,43.84,44.49,43.44,44.22,16163921,0.0
2018-04-26,44.69,45.34,44.36,44.71,17315536,0.0
2018-04-29,44.92,45.18,44.28,44.28,13989655,0.0
2018-04-30,43.92,44.95,43.83,44.83,14500270,0.0
2018-05-01,44.91,45.05,43.8,43.8668,18551745,0.0
2018-05-02,44.0084,44.81,43.44,44.45,18923748,0.0
2018-05-03,43.99,45.5,43.9,45.29,16126437,0.0
2018-05-06,45.39,46,45.3,45.73,13564374,0.0
2018-05-07,45.81,45.87,45.38,45.72,14429010,0.0
2018-05-08,45.82,46.1,45.19,46.04,16780308,0.0
2018-05-09,46,46.37,45.67,46.3,15909224,0.0
2018-05-10,46.09,46.27,45.78,45.94,13239703,0.0
2018-05-13,45.75,46.23,45.67,45.73,16635303,0.0
2018-05-14,45.26,45.55,44.93,45.47,21039248,0.0
2018-05-15,45.34,45.55,45.01,45.16,24286310,0.0
2018-05-16,43.11,44.16,43.02,43.46,41021804,0.0
2018-05-17,43.4,43.57,43.11,43.21,19447979,0.0
2018-05-20,43.47,43.94,43.42,43.75,17193309,0.0
2018-05-21,43.79,43.91,43.475,43.66,13382662,0.0
2018-05-22,43.4,43.7,42.89,43.68,15617959,0.0
2018-05-23,43.6,43.97,43.01,43.56,15584259,0.0
2018-05-24,43.46,43.62,43.21,43.25,12803479,0.0
2018-05-28,42.74,43.16,42.52,42.97,18979123,0.0
2018-05-29,43.08,43.34,42.83,42.84,18553685,0.0
2018-05-30,42.89,43.13,42.61,42.73,17322703,0.0
2018-05-31,42.91,43.69,42.88,43.65,15509296,0.0
2018-06-03,43.65,43.83,43.21,43.57,15328674,0.0
2018-06-04,43.74,43.75,43.39,43.69,12833567,0.0
2018-06-05,43.76,44.31,43.66,44.26,13611090,0.0
2018-06-06,44.24,44.39,43.35,43.65,15140649,0.0
2018-06-07,43.53,43.73,43.31,43.47,14864524,0.0
2018-06-10,43.5,43.92,43.44,43.69,12112705,0.0
2018-06-11,43.68,43.945,43.47,43.93,13610866,0.0
2018-06-12,44.02,44.53,43.84,44.015,16685019,0.0
2018-06-13,44.23,44.81,44.05,44.69,18526281,0.0
2018-06-14,44.36,44.53,43.59,44.26,23950361,0.0
2018-06-17,43.6,44.42,43.39,44.21,13936469,0.0
2018-06-18,43.62,44.02,43.44,43.82,15606690,0.0
2018-06-19,43.95,43.99,43.7,43.74,17464175,0.0
2018-06-20,43.69,43.78,43.06,43.17,16802782,0.0
2018-06-21,43.31,43.45,42.89,43.17,14578454,0.0
2018-06-24,42.69,42.82,41.805,42.29,24101550,0.0
2018-06-25,42.48,43.14,42.39,42.55,18919724,0.0
2018-06-26,42.73,43.15,42.28,42.33,14344196,0.0
2018-06-27,42.36,43.19,42.28,42.94,15668662,0.0
2018-06-28,43.04,43.5,42.97,43.04,14716970,0.0
2018-07-01,42.55,42.83,42.2,42.82,17758745,0.0
2018-07-02,42.95,43.225,42.62,42.67,10946623,0.0
2018-07-04,42.56,42.64,41.96,42.57,14417668,0.0
2018-07-05,42.4,42.875,42.31,42.72,17404664,0.0
2018-07-08,42.7,42.78,42.36,42.68,19482369,0.0
2018-07-09,42.84,43.04,42.71,42.86,16424793,0.0
2018-07-10,42.62,42.755,42.44,42.58,13840306,0.0
2018-07-11,42.91,43.63,42.75,43.58,13358769,0.0
2018-07-12,43.34,43.78,40.94,41.76,45222964,0.0
2018-07-15,42.01,42.94,42,42.5,21260422,0.0
2018-07-16,42.21,42.51,42.14,42.34,16630615,0.0
2018-07-17,42.24,42.47,42.15,42.21,16491823,0.0
2018-07-18,42.79,43.01,42.22,42.42,18754017,0.0
2018-07-19,42.25,42.365,41.86,42,16335815,0.0
2018-07-22,41.94,42.12,41.44,42.05,12331748,0.0
2018-07-23,42.14,42.88,42.07,42.39,15190386,0.0
2018-07-24,42.36,43.22,42.29,43.16,14519550,0.0
2018-07-25,43.58,43.8252,43.22,43.53,14773527,0.0
2018-07-26,43.42,43.62,42.42,42.56,17781881,0.0
2018-07-29,42.46,42.61,42.08,42.17,12320454,0.0
2018-07-30,42.25,42.62,41.915,42.31,15038004,0.0
2018-07-31,42.06,42.34,41.33,41.87,17749474,0.0
2018-08-01,41.39,42.6,41.2,42.52,14569565,0.0
2018-08-02,42.63,42.875,42.46,42.82,9931809,0.0
2018-08-05,42.76,43.41,42.655,43.29,10852781,0.0
2018-08-06,43.3,43.64,43.235,43.58,14953500,0.0
2018-08-07,43.64,43.96,43.44,43.83,11247935,0.0
2018-08-08,43.89,44.11,43.7,43.79,11336340,0.0
2018-08-09,43.69,43.95,43.58,43.78,10735076,0.0
2018-08-12,44.08,44.39,43.7,43.75,14736019,0.0
2018-08-13,43.73,44.28,43.58,44.01,13081736,0.0
2018-08-14,43.68,44.5,43.01,43.84,20238729,0.0
2018-08-15,45.72,46.09,45.08,45.16,42630435,0.0
2018-08-16,45.13,46.075,44.92,45.86,19805372,0.0
2018-08-19,45.99,46.33,45.78,46.22,14460445,0.0
2018-08-20,46.25,46.43,45.72,45.78,14623489,0.0
2018-08-21,45.93,46.16,45.7161,45.99,11182686,0.0
2018-08-22,45.88,46.25,45.85,46.02,12004128,0.0
2018-08-23,46.2,46.44,46.07,46.31,12516927,0.0
2018-08-26,46.41,46.855,46.34,46.6,14385789,0.0
2018-08-27,46.78,47.27,46.62,46.96,14704415,0.0
2018-08-28,47.07,47.62,46.9,47.47,16207208,0.0
2018-08-29,47.32,47.54,46.97,47.14,13486983,0.0
2018-08-30,46.91,47.83,46.8,47.7625,16543881,0.0
2018-09-03,47.84,48.06,47.51,47.74,16133700,0.0
2018-09-04,47.56,47.65,46.755,47.28,15884699,0.0
2018-09-05,47.44,47.9,47.07,47.28,13356026,0.0
2018-09-06,47.17,47.49,46.88,47.06,11777453,0.0
2018-09-09,47.3,47.46,46.775,47.0725,12080272,0.0
2018-09-10,46.91,47.17,46.435,47.03,13754772,0.0
2018-09-11,46.86,47.01,46.44,46.88,13331847,0.0
2018-09-12,46.87,47.4,46.8,47.25,14244901,0.0
2018-09-13,47.27,47.49,47.1,47.39,11384098,0.0
2018-09-16,47.23,47.58,47.07,47.12,10774212,0.0
2018-09-17,47.07,47.65,47.07,47.48,12720416,0.0
2018-09-18,47.42,47.62,47.12,47.28,9571509,0.0
2018-09-19,47.41,47.81,47.16,47.73,13166839,0.0
2018-09-20,47.79,48.639,47.79,48.52,28658352,0.0
2018-09-23,48.21,48.62,48.19,48.45,15048666,0.0
2018-09-24,48.57,48.88,48.43,48.47,12662615,0.0
2018-09-25,48.74,49.06,48.27,48.42,14065148,0.0
2018-09-26,48.33,48.76,48.21,48.35,11599843,0.0
2018-09-27,48.27,48.8,48.06,48.67,10801636,0.0
2018-09-30,49,49.14,48.665,48.87,11252662,0.0
2018-10-01,48.75,49.14,48.67,49,11644960,0.0
2018-10-02,49.26,49.47,49.07,49.14,13403544,0.0
2018-10-03,48.68,48.77,48.04,48.38,17882837,0.0
2018-10-04,48.44,48.85,47.61,48.13,16141825,0.0
2018-10-07,48.19,48.5,47.1504,47.51,16502031,0.0
2018-10-08,47.53,48.03,47.28,47.48,13789160,0.0
2018-10-09,47.4,47.51,45.54,45.63,25276375,0.0
2018-10-10,45.46,45.6,43.92,44.12,34206922,0.0
2018-10-11,44.93,45.85,44.46,45.7,29318049,0.0
2018-10-14,45.49,45.72,44.67,44.67,20196821,0.0
2018-10-15,45.23,45.94,44.85,45.855,17237760,0.0
2018-10-16,45.8,46.23,45.22,45.95,14608336,0.0
2018-10-17,46.3,46.49,45.15,45.46,17882398,0.0
2018-10-18,45.53,46.2,45.13,45.33,16686046,0.0
2018-10-21,45.74,46.28,45.405,45.76,15173025,0.0
2018-10-22,45.15,45.77,44.44,45.42,18781079,0.0
2018-10-23,45.49,45.68,43.96,44.06,23398783,0.0
2018-10-24,44.62,45.81,44.205,45.48,22054952,0.0
2018-10-25,44.57,45.11,43.78,44.25,25163733,0.0
2018-10-28,44.97,45.05,42.94,43.84,26901173,0.0
2018-10-29,43.8701,44.7,43.75,44.58,21636352,0.0
2018-10-30,45.01,46.3,44.89,45.74,19305040,0.0
2018-10-31,45.67,45.88,45.1,45.64,21987852,0.0
2018-11-01,45.69,46.09,44.98,45.46,20068045,0.0
2018-11-04,45.74,46.435,45.35,46.12,14763315,0.0
2018-11-05,46.04,46.62,46,46.48,13637817,0.0
2018-11-06,46.98,47.93,46.745,47.92,17138758,0.0
2018-11-07,47.87,48.44,47.87,48.43,15521737,0.0
2018-11-08,48.1,48.25,46.7,47.09,17735464,0.0
2018-11-11,47.14,47.25,45.54,45.62,18988862,0.0
2018-11-12,45.7,46.055,45.0268,45.12,21334837,0.0
2018-11-13,45.46,45.64,44.08,44.34,29465513,0.0
2018-11-14,46.8,47.1,45.1515,46.79,41469767,0.0
2018-11-15,46.46,47.04,46.13,46.32,28392519,0.0
2018-11-18,46.35,46.58,45.25,45.75,23298507,0.0
2018-11-19,44.92,45.285,44.14,44.46,24950813,0.0
2018-11-20,44.95,45.18,44.395,44.89,17523483,0.0
2018-11-22,44.45,45.12,44.39,44.54,8143187,0.0
2018-11-25,45.14,45.68,45.09,45.57,15091136,0.0
2018-11-26,45.45,46.39,45.21,46.13,17227966,0.0
2018-11-27,46.3,47.48,46.12,47.3,20672918,0.0
2018-11-28,46.9,47.76,46.9,47.35,20180010,0.0
2018-11-29,47.27,47.9099,46.92,47.87,18619094,0.0
2018-12-02,48.32,48.79,48.08,48.73,21173466,0.0
2018-12-03,48.7,49.1388,47.25,47.335,24896807,0.0
2018-12-05,46.99,48.46,46.47,48.38,35286502,0.0
2018-12-06,48.16,48.485,46.36,46.41,30866745,0.0
2018-12-09,46.3,47.13,45.815,46.85,26047723,0.0
2018-12-10,47.86,47.9,46.71,47.05,22899734,0.0
2018-12-11,47.92,48.2,47.36,47.41,18943453,0.0
2018-12-12,47.68,47.965,47.13,47.48,17737511,0.0
2018-12-13,46.37,46.615,45.64,45.8,23152849,0.0
2018-12-16,45.82,46.29,43.905,44.2,29760373,0.0
2018-12-17,44.55,44.61,43.73,44.05,22828204,0.0
2018-12-18,43.89,44.92,42.57,43.14,28747234,0.0
2018-12-19,42.99,43.23,41.87,42.48,33938336,0.0
2018-12-20,42.91,43.46,41.74,41.81,49488706,0.0
2018-12-23,41.7,41.87,40.25,40.29,22296241,0.0
2018-12-25,40.68,42.5,40.4,42.5,27102845,0.0
2018-12-26,41.89,42.93,41.15,42.91,22161905,0.0
2018-12-27,43.17,43.525,42.46,42.735,18786027,0.0
2018-12-30,43.19,43.55,42.89,43.06,13957586,0.0
2019-01-01,42.28,43.2,42.21,42.889,19021607,0.0
2019-01-02,42.38,42.41,41.02,41.068,24975944,0.0
2019-01-03,41.85,43,41.53,42.89,22137113,0.0
2019-01-06,42.86,43.645,42.76,43.235,15947432,0.0
2019-01-07,43.57,43.94,43.1,43.515,16071842,0.0
2019-01-08,43.87,43.87,43.17,43.29,18854200,0.0
2019-01-09,43.11,43.26,42.58,43.25,18711208,0.0
2019-01-10,43.11,43.54,42.885,43.475,13422258,0.0
2019-01-13,43.08,43.39,43,43.245,12267324,0.0
2019-01-14,43.33,44.04,43.15,43.99,14513365,0.0
2019-01-15,44.12,44.24,43.7605,43.955,13516709,0.0
2019-01-16,43.87,44.53,43.8,44.205,16086586,0.0
2019-01-17,44.48,45.35,44.31,44.995,23193776,0.0
2019-01-21,44.89,45.24,44.38,44.64,16465967,0.0
2019-01-22,45.14,45.88,45.02,45.39,20755662,0.0
2019-01-23,45.63,45.75,45.23,45.625,15278918,0.0
2019-01-24,46.12,46.66,45.95,46.1,18010504,0.0
2019-01-27,45.73,45.75,45.23,45.74,13671049,0.0
2019-01-28,45.81,46.05,45.645,45.93,11792069,0.0
2019-01-29,45.94,46.93,45.92,46.705,13364921,0.0
2019-01-30,46.72,47.38,46.52,47.295,13785236,0.0
2019-01-31,47.37,47.56,47.0501,47.345,13275930,0.0
2019-02-03,47.22,47.47,47.12,47.275,11760226,0.0
2019-02-04,47.42,47.455,47.075,47.255,13103882,0.0
2019-02-05,47.12,47.59,46.95,47.51,14397662,0.0
2019-02-06,47.19,47.3199,46.49,46.695,14975301,0.0
2019-02-07,46.4,47.11,46.3,47.105,14488721,0.0
2019-02-10,47.34,47.71,47.13,47.59,15628763,0.0
2019-02-11,47.27,48.15,47.16,47.92,18490600,0.0
2019-02-12,47.86,47.95,47.12,47.525,22261963,0.0
2019-02-13,48.85,49.68,48.34,48.38,39315440,0.0
2019-02-14,48.83,49.59,48.44,49.475,26755054,0.0
2019-02-18,49.2,49.93,49.2,49.62,17536106,0.0
2019-02-19,49.7,49.8,49.35,49.64,14758058,0.0
2019-02-20,49.54,49.72,49.2,49.4,14080871,0.0
2019-02-21,49.7,50.22,49.58,50.11,17213574,0.0
2019-02-24,50.34,51,50.34,50.8,19790766,0.0
2019-02-25,50.51,51.41,50.48,51.18,15884113,0.0
2019-02-26,51.21,51.65,50.89,51.59,17104520,0.0
2019-02-27,51.55,51.96,51.3546,51.79,16067655,0.0
2019-02-28,52,52.09,51.27,51.4,19221989,0.0
2019-03-03,51.65,51.92,50.6301,51.16,14852635,0.0
2019-03-04,51.12,51.505,50.97,51.28,13131390,0.0
2019-03-05,51.37,51.79,50.92,51.67,16797002,0.0
2019-03-06,51.55,51.97,51.205,51.28,18606615,0.0
2019-03-07,50.72,51.13,50.51,51.08,15278399,0.0
2019-03-10,51.14,52.09,51.1,51.91,13556841,0.0
2019-03-11,52.01,52.275,51.68,52.18,16347919,0.0
2019-03-12,52.41,52.855,52.14,52.57,16899944,0.0
2019-03-13,52.63,52.96,52.51,52.75,14868892,0.0
2019-03-14,53.19,53.62,53.16,53.21,14519727,0.0
2019-03-17,53.27,53.935,53.09,53.51,15357922,0.0
2019-03-18,53.79,54,53.14,53.32,16332974,0.0
2019-03-19,53.16,53.87,52.855,53.26,17554215,0.0
2019-03-20,53.08,54.23,53.04,53.94,16241623,0.0
2019-03-21,53.91,54.14,52.7,52.75,19829563,0.0
2019-03-24,52.7,52.93,52.245,52.73,14192615,0.0
2019-03-25,53.19,53.485,53,53.23,13825581,0.0
2019-03-26,53.3,53.66,52.74,53.13,17160513,0.0
2019-03-27,53.19,53.69,53.02,53.37,11723324,0.0
2019-03-28,53.7,54,53.36,54,14388802,0.0
2019-03-31,54.475,55.02,54.39,54.98,6855134,0.0
2019-04-01,55,55.41,54.97,55.29,15009753,0.0
2019-04-02,55.46,55.8,55.07,55.61,17295463,0.0
2019-04-03,55.37,55.68,54.86,55.13,14328214,0.0
2019-04-04,55.25,55.61,55.13,55.21,11350852,0.0
2019-04-07,55.2,55.56,54.79,55.49,12451592,0.0
2019-04-08,55.08,55.42,54.86,55.19,13235016,0.0
2019-04-09,55.11,55.84,55.11,55.81,11490787,0.0
2019-04-10,55.93,55.95,55.305,55.61,11849340,0.0
2019-04-11,55.93,56.355,55.79,56.29,12243448,0.0
2019-04-14,56.4,56.61,56.235,56.5534,10830431,0.0
2019-04-15,56.62,57.525,56.61,56.97,17284755,0.0
2019-04-16,57.18,57.32,56.285,56.31,20570772,0.0
2019-04-17,56.63,56.695,56.11,56.41,16485055,0.0
2019-04-21,56.16,56.6,56.1,56.34,10428257,0.0
2019-04-22,56.43,56.695,56.2,56.69,15237650,0.0
2019-04-23,56.64,57.15,56.58,56.87,10545725,0.0
2019-04-24,56.46,56.78,56.01,56.3,13423299,0.0
2019-04-25,56.02,56.37,55.68,55.87,15485332,0.0
2019-04-28,55.665,56.22,55.55,56.13,13448821,0.0
2019-04-29,56,56.12,55.53,55.94,17002306,0.0
2019-04-30,56,56.35,55.51,55.57,15164602,0.0
2019-05-01,55.48,55.89,54.82,54.94,21435783,0.0
2019-05-02,54.64,54.99,54.18,54.94,24320944,0.0
2019-05-05,53.86,54.76,53.56,54.6,14424714,0.0
2019-05-06,53.86,54.24,52.94,53.44,20847616,0.0
2019-05-07,53.17,53.94,53.13,53.455,15808291,0.0
2019-05-08,52.82,53.21,52.23,52.92,21650970,0.0
2019-05-09,52.61,53.55,51.95,53.37,19235914,0.0
2019-05-12,51.83,52.26,51.06,51.29,25259832,0.0
2019-05-13,51.45,52.44,51.38,52.02,22496015,0.0
2019-05-14,51.76,52.71,51.69,52.4299,25342109,0.0
2019-05-15,54.27,56.4,54.12,55.93,40936173,0.0
2019-05-16,55.78,56.83,55.52,56.35,24881888,0.0
2019-05-19,55.8,56.39,55.5513,55.99,18353805,0.0
2019-05-20,56.68,56.75,56.13,56.53,15130600,0.0
2019-05-21,56.22,56.3,55.67,55.69,17399862,0.0
2019-05-22,54.91,55.01,53.94,54.18,19164422,0.0
2019-05-23,54.57,54.67,54.06,54.37,11704585,0.0
2019-05-27,54.74,55.03,53.82,53.9,15294347,0.0
2019-05-28,53.55,53.55,52.855,53.18,16985393,0.0
2019-05-29,53.44,53.78,53.335,53.55,11187332,0.0
2019-05-30,52.79,52.88,52.01,52.02,16216002,0.0
2019-06-02,52.05,52.565,51.485,51.77,18456792,0.0
2019-06-03,52.48,53.635,52.41,53.239,17731489,0.0
2019-06-04,53.91,54.79,53.75,54.74,19626475,0.0
2019-06-05,54.89,55.3,54.21,55.11,13247395,0.0
2019-06-06,55.41,56.3,55.03,55.94,14350289,0.0
2019-06-09,56.14,56.65,55.96,56.41,14654140,0.0
2019-06-10,56.74,57.56,56.73,57.11,21637180,0.0
2019-06-11,56.05,56.585,55.65,55.86,20737670,0.0
2019-06-12,55.92,56.265,55.78,56.18,26830343,0.0
2019-06-13,55.99,56.015,54.66,54.74,39572031,0.0
2019-06-16,54.99,55.47,54.86,55.41,16818238,0.0
2019-06-17,56.07,56.65,55.75,56.06,18115476,0.0
2019-06-18,56.04,56.37,55.77,56.13,17002836,0.0
2019-06-19,57,57.535,56.68,57.385,16207624,0.0
2019-06-20,57.41,58.15,56.98,57.03,31380619,0.0
2019-06-23,57.25,57.29,56.69,57.19,14745613,0.0
2019-06-24,57.06,57.2,56.01,56.08,17404443,0.0
2019-06-25,56.54,57.045,56.36,56.6,14483235,0.0
2019-06-26,56.94,57.25,55.47,55.73,20655201,0.0
2019-06-27,55.9,55.98,54.025,54.63,35591038,0.0
2019-06-30,55.26,55.35,54.225,54.77,25623175,0.0
2019-07-01,54.83,55.92,54.7758,55.81,17510527,0.0
2019-07-02,55.77,56.54,55.54,56.49,10719355,0.0
2019-07-04,56,56.73,55.71,56.61,11712772,0.0
2019-07-07,56.25,56.475,55.96,56.19,12571239,0.0
2019-07-08,56.37,56.69,56.04,56.33,17579088,0.0
2019-07-09,56.69,57.65,56.6,57.14,16395653,0.0
2019-07-10,57.37,57.62,56.92,57.32,13498733,0.0
2019-07-11,57.58,57.99,57.57,57.94,11534487,0.0
2019-07-14,58,58.23,57.87,58.05,7391025,0.0
2019-07-15,58.13,58.26,57.46,57.62,8996184,0.0
2019-07-16,57.5,57.79,57.19,57.19,7230480,0.0
2019-07-17,57.05,57.79,56.9,57.74,8436059,0.0
2019-07-18,57.81,58.07,57.32,57.37,11948004,0.0
2019-07-21,57.46,58.01,57.37,57.72,7677288,0.0
2019-07-22,58.06,58.095,57.48,57.71,9217859,0.0
2019-07-23,57.57,57.68,57.11,57.24,15585804,0.0
2019-07-24,57.36,57.5,56.37,56.64,11350205,0.0
2019-07-25,56.68,56.84,56.37,56.5,11283276,0.0
2019-07-28,56.69,57.15,56.54,56.94,8837665,0.0
2019-07-29,56.85,56.9,56.35,56.47,7548627,0.0
2019-07-30,56.33,56.8307,54.9,55.4,13859899,0.0
2019-07-31,55.84,56.89,55.16,55.4,16750056,0.0
2019-08-01,54.22,54.32,52.58,53.24,23493456,0.0
2019-08-04,52.39,52.54,50.94,51.36,24365794,0.0
2019-08-05,51.95,52.73,51.6,52.6,17555567,0.0
2019-08-06,51.83,52.49,51.21,52.34,19289562,0.0
2019-08-07,52.79,53.36,52.59,53.17,20577056,0.0
2019-08-08,52.8,52.865,52.04,52.43,13612454,0.0
2019-08-11,52.27,52.355,51.34,51.53,13621644,0.0
2019-08-12,51.47,53.0716,51.2,52.75,18561147,0.0
2019-08-13,52.12,52.12,50.28,50.64,22848006,0.0
2019-08-14,47.36,47.94,46,46.24,55849439,0.0
2019-08-15,46.42,47.36,46.4,46.96,22748866,0.0
2019-08-18,47.9,48.6,47.49,48.5,21952726,0.0
2019-08-19,48.54,48.59,47.92,47.94,15483200,0.0
2019-08-20,48.5,48.925,48.36,48.78,15350514,0.0
2019-08-21,49.24,49.33,47.94,48.2,17117811,0.0
2019-08-22,47.9,48.52,46.43,46.65,21088724,0.0
2019-08-25,47.05,47.27,46.67,47.1,12546397,0.0
2019-08-26,47.54,47.65,46.69,46.79,13804331,0.0
2019-08-27,46.53,46.96,46.24,46.87,9513964,0.0
2019-08-28,47.59,47.9135,47.11,47.27,11705111,0.0
2019-08-29,47.55,47.57,46.545,46.8,15608845,0.0
2019-09-02,46.63,46.97,46.2,46.49,15102663,0.0
2019-09-03,47.02,47.41,46.89,47.33,10323428,0.0
2019-09-04,47.98,48.71,47.78,48.44,15762411,0.0
2019-09-05,48.65,48.99,48.27,48.85,14405613,0.0
2019-09-08,48.97,49.005,48.46,48.57,14236985,0.0
2019-09-09,48.57,49.345,47.945,49.23,13081510,0.0
2019-09-10,49.95,50.07,49.33,50.03,14974610,0.0
2019-09-11,50.28,50.29,49.405,49.93,13883474,0.0
2019-09-12,50.01,50.22,49.76,50.04,11461262,0.0
2019-09-15,49.8,50.18,49.79,49.96,10630621,0.0
2019-09-16,49.98,50.02,49.18,49.42,13332290,0.0
2019-09-17,49.465,49.74,48.78,49.33,10309011,0.0
2019-09-18,49.35,49.92,49.04,49.19,11732448,0.0
2019-09-19,49.29,49.87,48.87,49.58,27099854,0.0
2019-09-22,49.66,49.75,49.28,49.42,12693441,0.0
2019-09-23,49.75,50.2,48.93,49.1,21131226,0.0
2019-09-24,49.05,49.77,48.58,49.61,11260440,0.0
2019-09-25,49.43,49.49,48.255,48.84,16806830,0.0
2019-09-26,48.95,49.47,48.6,48.84,13335787,0.0
2019-09-29,48.95,49.66,48.95,49.41,10862738,0.0
2019-09-30,49.65,49.87,47.36,47.75,20711965,0.0
2019-10-01,47.35,47.3752,46.01,46.58,26007177,0.0
2019-10-02,46.32,47.08,45.7,47.07,13766184,0.0
2019-10-03,47.25,47.61,46.95,47.51,26553247,0.0
2019-10-06,47.47,48.13,47.32,47.76,21490787,0.0
2019-10-07,47.5,47.54,46.35,46.39,38731977,0.0
2019-10-08,46.92,47.1715,46.655,46.81,29174528,0.0
2019-10-09,46.05,46.23,45.55,46.15,44768408,0.0
2019-10-10,46.67,47.3,46.46,46.51,38805500,0.0
2019-10-13,46.34,46.55,46,46.03,25556611,0.0
2019-10-14,46.25,46.58,46.035,46.37,33343454,0.0
2019-10-15,46.36,46.875,46.32,46.78,27806092,0.0
2019-10-16,47.14,47.3,46.6,47.04,23946750,0.0
2019-10-17,47.1,47.27,46.66,46.68,26690435,0.0
2019-10-20,47.01,47.48,47,47.4,9982200,0.0
2019-10-21,47.5,47.885,47.4,47.56,12106527,0.0
2019-10-22,47.47,47.7,46.84,47.05,11398242,0.0
2019-10-23,47.23,47.23,46.1,46.42,15496470,0.0
2019-10-24,46.54,46.99,46.46,46.9,12439270,0.0
2019-10-27,47.15,47.6,47.06,47.18,10665578,0.0
2019-10-28,47,47.4261,46.91,47.24,11516768,0.0
2019-10-29,47.3,47.58,47.16,47.553,10777628,0.0
2019-10-30,47.6,47.65,47.1,47.52,8864514,0.0
2019-10-31,46.85,47.485,46.64,47.03,21061048,0.0
2019-11-03,47.5,47.875,47.32,47.46,12805330,0.0
2019-11-04,47.59,47.92,47.26,47.75,13127307,0.0
2019-11-05,47.81,48.5,47.785,48.29,11760486,0.0
2019-11-06,48.61,48.98,48.2,48.43,14605366,0.0
2019-11-07,48.42,48.85,48.05,48.84,10984379,0.0
2019-11-10,48.01,48.47,47.56,48.1,16820153,0.0
2019-11-11,48.29,48.74,48.12,48.38,13488152,0.0
2019-11-12,48.28,48.85,48.15,48.46,18405727,0.0
2019-11-13,45.56,46,44.6,44.93,62633180,0.0
2019-11-14,45.07,45.65,44.81,45.09,29734728,0.0
2019-11-17,44.98,45.19,44.44,45.16,19923156,0.0
2019-11-18,45.39,45.595,45.08,45.48,15896074,0.0
2019-11-19,45.69,45.74,44.93,45.07,15951493,0.0
2019-11-20,45.13,45.15,44.69,44.84,16820105,0.0
2019-11-21,45.15,45.17,44.69,44.85,16733779,0.0
2019-11-24,45,45.55,44.93,45.46,15363899,0.0
2019-11-25,45.53,45.77,45.25,45.31,14334479,0.0
2019-11-26,45.36,45.415,44.9259,45.24,12791235,0.0
2019-11-28,45.24,45.54,45.15,45.32,7609383,0.0
2019-12-01,45.25,45.33,44.67,44.71,15402795,0.0
2019-12-02,44.4,44.49,43.74,44.29,17575745,0.0
2019-12-03,44.52,44.55,43.86,43.88,15842074,0.0
2019-12-04,44.05,44.1,43.4,43.53,20368699,0.0
2019-12-05,43.89,44.06,43.65,43.83,14880503,0.0
2019-12-08,43.89,44.37,43.75,43.9,14213719,0.0
2019-12-09,43.85,44.18,43.8,44.105,17673848,0.0
2019-12-10,44.36,44.45,44.15,44.28,14040989,0.0
2019-12-11,44.545,45.77,44.41,45.64,23803544,0.0
2019-12-12,45.91,46.05,45.2,45.305,19973055,0.0
2019-12-15,45.8,46.59,45.8,45.989,17920301,0.0
2019-12-16,46.22,46.52,45.93,46.44,15793866,0.0
2019-12-17,46.52,46.755,46.25,46.63,16049440,0.0
2019-12-18,47.15,47.99,47.11,47.89,24079337,0.0
2019-12-19,48.25,48.37,47.42,47.44,29291975,0.0
2019-12-22,47.55,48.3,47.422,48.1,16347084,0.0
2019-12-23,48.16,48.245,47.65,47.78,6437941,0.0
2019-12-25,47.78,48,47.65,47.84,8073942,0.0
2019-12-26,47.99,48.05,47.68,47.77,8548750,0.0
2019-12-29,47.75,47.88,47.29,47.6,10453336,0.0
2019-12-30,47.54,47.98,47.41,47.95,11447308,0.0
2020-01-01,48.06,48.42,47.88,48.42,14812243,0.0
2020-01-02,47.91,48.135,47.48,47.64,12915948,0.0
2020-01-05,47.14,47.82,47.01,47.8,13420019,0.0
2020-01-06,47.72,47.72,47.1,47.5,12373540,0.0
2020-01-07,46.97,47.785,46.81,47.515,18734933,0.0
2020-01-08,47.79,47.88,47.07,47.32,15762364,0.0
2020-01-09,47.48,47.56,47.06,47.13,11755171,0.0
2020-01-12,47.31,47.98,47.299,47.96,16828892,0.0
2020-01-13,47.96,47.99,47.62,47.8,13941187,0.0
2020-01-14,47.92,48.395,47.7649,48.03,14302373,0.0
2020-01-15,48.38,49.08,48.23,49.05,16254681,0.0
2020-01-16,49.31,49.54,48.87,49.02,20360562,0.0
2020-01-20,48.96,49.2,48.67,48.81,27357318,0.0
2020-01-21,49.28,49.53,49.04,49.05,26637288,0.0
2020-01-22,49,49.175,48.413,48.995,26534196,0.0
2020-01-23,49.22,49.48,48.5433,48.86,24113334,0.0
2020-01-26,47.89,48.07,47.27,47.47,15270606,0.0
2020-01-27,47.52,47.965,47.5033,47.77,10196803,0.0
2020-01-28,47.97,47.98,46.93,47.06,12073528,0.0
2020-01-29,46.54,47.27,46.26,47.24,13421118,0.0
2020-01-30,46.99,47,45.84,45.96,15243103,0.0
2020-02-02,46.4,46.825,46.21,46.53,12350181,0.0
2020-02-03,47.22,47.7074,47.11,47.62,11015867,0.0
2020-02-04,48.33,48.6,48.15,48.47,14105566,0.0
2020-02-05,48.65,48.82,48.22,48.69,8647879,0.0
2020-02-06,48.6,48.77,47.87,47.98,13972575,0.0
2020-02-09,47.99,48.89,47.88,48.89,14306629,0.0
2020-02-10,49.39,49.714,48.8646,49.15,22106456,0.0
2020-02-11,49.43,50.28,49.4,49.9401,26593477,0.0
2020-02-12,47.15,47.67,46.58,47.32,43970875,0.0
2020-02-13,47.16,47.22,46.48,46.97,24351768,0.0
2020-02-17,46.82,46.85,46.29,46.575,15952353,0.0
2020-02-18,46.69,46.81,45.9,46.3,23265522,0.0
2020-02-19,46.09,46.96,45.9,46.84,18700524,0.0
2020-02-20,46.73,46.85,46.05,46.29,17273896,0.0
2020-02-23,45,45.68,44,44,31350828,0.0
2020-02-24,44.09,44.21,42.07,42.72,41188370,0.0
2020-02-25,42.97,43.3775,41.94,42.17,34625673,0.0
2020-02-26,41.28,42.095,40.01,40.01,45715790,0.0
2020-02-27,38.7,40.55,38.35,39.94,71926161,0.0
2020-03-01,40.16,41.19,38.92,41.19,41203499,0.0
2020-03-02,41.26,41.9,39.71,40.02,44453237,0.0
2020-03-03,40.72,41.45,39.8,41.4,24308776,0.0
2020-03-04,40.17,40.51,39.29,39.57,35811919,0.0
2020-03-05,38,39.95,37.8,39.64,41145157,0.0
2020-03-08,36.9,39.56,36.29,37.94,56212477,0.0
2020-03-09,39.2478,40.145,37.87,40.11,89476512,0.0
2020-03-10,39.03,39.16,36.37,37.03,116071218,0.0
2020-03-11,34.5,35.82,33,33.21,44985064,0.0
2020-03-12,35.18,37.68,33.33,37.64,43642573,0.0
2020-03-15,33.23,36.99,32.4001,33.7,78637590,0.0
2020-03-16,34.7,36.25,33.6,35.5,35833492,0.0
2020-03-17,33.76,37.71,33.31,37.14,45181108,0.0
2020-03-18,37.05,39.32,36.15,37.69,103855130,0.0
2020-03-19,38.27,38.47,35.4,35.6,44289570,0.0
2020-03-22,35.51,35.96,33.74,34.6,33643639,0.0
2020-03-23,36.405,38.68,35.54,38.61,40557591,0.0
2020-03-24,38.65,39.95,37.5,37.67,73017006,0.0
2020-03-25,37.97,40.92,37.3664,40.59,30258284,0.0
2020-03-26,39.21,40.15,38.41,38.8,48550090,0.0
2020-03-29,39.45,40.485,38.96,40.32,23387603,0.0
2020-03-30,40.13,40.415,39.11,39.28,43148292,0.0
2020-03-31,38.17,38.86,37.8742,38.31,22367303,0.0
2020-04-01,37.84,39.945,37.47,39.79,47416218,0.0
2020-04-02,39.82,40.29,38.54,39.08,25931123,0.0
2020-04-05,40.46,41.68,39.78,41.43,26095076,0.0
2020-04-06,42.66,42.74,40.59,40.64,25789938,0.0
2020-04-07,41.17,42.2,40.865,41.74,38156274,0.0
2020-04-08,42.09,42.2,40.85,41.2,24736528,0.0
2020-04-12,41.04,41.46,40.53,41.21,16156408,0.0
2020-04-13,41.91,42.82,41.53,42.79,38215587,0.0
2020-04-14,42.2028,42.37,41.23,41.52,45547462,0.0
2020-04-15,41.76,41.79,40.68,41.51,63606734,0.0
2020-04-16,42.25,42.64,41.74,42.49,71304735,0.0
2020-04-19,41.92,43.29,41.79,42.525,61541380,0.0
2020-04-20,41.83,41.99,40.41,40.54,80877891,0.0
2020-04-21,41.27,41.935,41.11,41.77,26801775,0.0
2020-04-22,41.89,42.55,41.53,41.6,39254886,0.0
2020-04-23,41.84,42.66,41.65,42.51,34568523,0.0
2020-04-26,42.7,43.22,42.58,43.07,53318525,0.0
2020-04-27,43.5,43.625,42.41,42.48,26578123,0.0
2020-04-28,43.346,43.48,42.93,43.35,26095806,0.0
2020-04-29,43.1654,43.1677,42.17,42.35,41250557,0.0
2020-04-30,41.72,41.81,40.765,40.96,18041784,0.0
2020-05-03,40.9549,41.41,40.49,41.36,13578287,0.0
2020-05-04,41.61,41.925,41.39,41.47,22656482,0.0
2020-05-05,41.56,41.69,40.97,41.13,13524835,0.0
2020-05-06,41.59,41.765,41.215,41.38,34046948,0.0
2020-05-07,42.02,43.02,41.7,43.01,37857102,0.0
2020-05-10,42.78,43.65,42.605,43.29,40748528,0.0
2020-05-11,43.94,44.3,43.2,43.2,44698752,0.0
2020-05-12,43.41,43.57,41.31,42,29103878,0.0
2020-05-13,43.43,44.58,43.26,43.86,46303530,0.0
2020-05-14,42.93,44.38,42.85,44.27,52720536,0.0
2020-05-17,45.21,45.295,44.3301,45.06,45587094,0.0
2020-05-18,44.83,44.98,44.41,44.605,21895063,0.0
2020-05-19,45.05,45.82,45.03,45.44,16119164,0.0
2020-05-20,45.45,45.655,44.555,44.64,30835842,0.0
2020-05-21,44.67,44.95,44.12,44.91,21655876,0.0
2020-05-25,45.78,45.7999,44.68,44.835,14533783,0.0
2020-05-26,45.0424,45.98,44.8,45.97,34185142,0.0
2020-05-27,45.9,46.46,45.373,45.565,16174673,0.0
2020-05-28,46.04,47.79,45.41,47.74,22665014,0.0
2020-05-31,47.15,47.285,46.23,46.31,33517822,0.0
2020-06-01,46.4,46.9,45.88,46.9,27094382,0.0
2020-06-02,46.98,47.2,46.54,46.95,28095248,0.0
2020-06-03,46.77,47.25,46.5301,46.86,11548876,0.0
2020-06-04,47.27,48.29,47.2,47.895,16458283,0.0
2020-06-07,47.46,48.12,47.12,48.115,27041744,0.0
2020-06-08,48.02,48.24,47.49,48.0618,28335270,0.0
2020-06-09,47.66,47.83,47.12,47.44,15198898,0.0
2020-06-10,46.99,47,43.65,43.67,60251397,0.0
2020-06-11,44.96,45.86,44.73,44.99,7415054,0.0
2020-06-14,44.12,45.76,43.93,45.4,36527508,0.0
2020-06-15,47.41,47.49,45.91,46.54,44691714,0.0
2020-06-16,46.75,46.82,45.9,46.18,28782554,0.0
2020-06-17,45.79,46.05,45.35,45.82,35114198,0.0
2020-06-18,46.26,46.51,45.05,45.29,22536743,0.0
2020-06-21,45.11,45.46,44.805,45.17,12482537,0.0
2020-06-22,45.92,46.15,45.32,45.46,17059483,0.0
2020-06-23,45.2875,45.47,44.39,44.765,19863052,0.0
2020-06-24,44.77,45.32,44.2,45.23,15368683,0.0
2020-06-25,45.1193,46.51,44.63,46.32,39150653,0.0
2020-06-28,46.34,46.45,45.67,46.17,20009546,0.0
2020-06-29,46.145,47.01,46.095,46.64,17077136,0.0
2020-06-30,46.54,46.72,46,46.05,15062776,0.0
2020-07-01,46.07,46.2182,45.48,45.62,16373187,0.0
2020-07-05,46.07,46.49,45.87,46.43,12517575,0.0
2020-07-06,46.12,46.29,45.56,45.65,14161228,0.0
2020-07-07,45.59,46.07,45.32,45.83,10674459,0.0
2020-07-08,46.6,47.195,46.22,46.69,23463680,0.0
2020-07-09,46.73,46.92,46.2366,46.66,10863870,0.0
2020-07-12,46.87,46.99,45.78,45.91,15592241,0.0
2020-07-13,45.49,46.5,45.4103,46.25,15941660,0.0
2020-07-14,46.5,46.83,45.985,46.4,13012513,0.0
2020-07-15,45.7,45.83,45.2,45.7201,14531738,0.0
2020-07-16,46.04,46.93,45.88,46.74,16023627,0.0
2020-07-19,46.67,47.1,46.26,46.97,13782265,0.0
2020-07-20,47.2796,47.325,46.85,47.02,13237144,0.0
2020-07-21,47.0161,47.11,46.53,46.9,23891333,0.0
2020-07-22,46.975,47.7,46.68,47.43,13666505,0.0
2020-07-23,47.49,47.64,46.11,46.4,15809512,0.0
2020-07-26,46.66,47.26,46.15,47.19,11721250,0.0
2020-07-27,46.98,47.08,46.21,46.28,12622703,0.0
2020-07-28,46.4,46.88,46.37,46.7,10237411,0.0
2020-07-29,46.13,46.46,45.375,46.45,14159923,0.0
2020-07-30,46.3852,47.11,45.86,47.11,13847310,0.0
2020-08-02,47.14,47.29,46.68,47.15,8602912,0.0
2020-08-03,47.01,47.67,46.91,47.67,10875264,0.0
2020-08-04,47.67,47.7331,47.05,47.33,10773999,0.0
2020-08-05,47.23,47.825,47.1,47.78,12362242,0.0
2020-08-06,47.33,47.6,47.03,47.42,14079251,0.0
2020-08-09,47.675,48,47.58,47.74,11757900,0.0
2020-08-10,47.9,48.45,47.085,47.2,17444326,0.0
2020-08-11,47.28,48.13,47.27,48.0889,20640363,0.0
2020-08-12,43.79,43.84,42.38,42.72,86675789,0.0
2020-08-13,42.49,42.88,42.27,42.5,29882497,0.0
2020-08-16,42.55,42.7625,41.86,42.1,25937390,0.0
2020-08-17,42.13,42.29,41.81,41.97,19627797,0.0
2020-08-18,42.1,42.35,41.78,41.87,17021877,0.0
2020-08-19,41.87,42.42,41.73,42.31,16076030,0.0
2020-08-20,42.05,42.3,41.81,42.25,15411693,0.0
2020-08-23,42.07,42.47,42,42.18,15637195,0.0
2020-08-24,42.23,42.3,41.78,41.97,13518676,0.0
2020-08-25,41.65,42.28,41.45,42.24,17297674,0.0
2020-08-26,42.4,42.47,42.02,42.3,20462717,0.0
2020-08-27,42.14,42.3,42,42.2,14905920,0.0
2020-08-30,42.1,42.35,41.94,42.21,15847873,0.0
2020-08-31,42,42.07,41.5,42.04,20725757,0.0
2020-09-01,42.04,42.69,42.03,42.41,26785581,0.0
2020-09-02,41.75,41.83,40.67,40.96,34503026,0.0
2020-09-03,41.2,41.43,40.44,40.83,31216827,0.0
2020-09-07,40.05,40.61,39.97,40,25981625,0.0
2020-09-08,40.1,40.475,39.715,40.13,19789417,0.0
2020-09-09,40.27,40.387,39.42,39.57,18892572,0.0
2020-09-10,39.765,40.05,39.515,39.89,17440879,0.0
2020-09-13,40.215,40.64,40.05,40.36,16523490,0.0
2020-09-14,40.51,40.839,40.38,40.61,15699790,0.0
2020-09-15,40.72,41.17,40.39,40.42,19235007,0.0
2020-09-16,39.66,40.4,39.51,40.39,17305700,0.0
2020-09-17,40.18,40.32,39.575,39.81,30615896,0.0
2020-09-20,39.31,39.47,38.69,39.05,25863630,0.0
2020-09-21,39.18,39.46,38.88,39.32,14944515,0.0
2020-09-22,39.23,39.39,38.18,38.2882,20285589,0.0
2020-09-23,38,38.16,37.6,37.84,29198470,0.0
2020-09-24,37.76,38.54,37.62,38.46,19280697,0.0
2020-09-27,39.195,39.29,38.79,39.14,19326266,0.0
2020-09-28,39.15,39.375,38.83,39.04,12492998,0.0
2020-09-29,39.09,39.7,39.02,39.36,18813539,0.0
2020-09-30,39.075,39.31,38.565,38.81,16139369,0.0
2020-10-01,38.046,38.55,37.97,38.26,19568177,0.0
2020-10-04,38.48,38.79,38.285,38.57,16009322,0.0
2020-10-05,38.5,39.35,38.4,38.59,21636421,0.0
2020-10-06,38.98,39.58,38.78,39.38,16214172,0.0
2020-10-07,39.8,40.18,39.66,39.79,16172833,0.0
2020-10-08,40.145,40.23,39.72,39.85,12522945,0.0
2020-10-11,39.93,40.53,39.63,40.37,16696993,0.0
2020-10-12,40.54,40.61,39.71,39.8,18192771,0.0
2020-10-13,39.85,40.42,39.76,39.8856,12320835,0.0
2020-10-14,39.47,40,39.35,39.99,11834315,0.0
2020-10-15,39.88,40.3,39.55,40.17,14707295,0.0
2020-10-18,40.15,40.38,39.16,39.31,13908025,0.0
2020-10-19,39.44,39.51,39.03,39.2,13296780,0.0
2020-10-20,39.31,39.57,38.98,39.05,11766416,0.0
2020-10-21,38.85,38.96,38.38,38.82,17181560,0.0
2020-10-22,38.93,38.97,38.65,38.83,12990700,0.0
2020-10-25,38.4,38.43,37.15,37.68,23735617,0.0
2020-10-26,37.38,37.5,36.59,36.87,32783536,0.0
2020-10-27,36.315,36.51,35.68,35.72,26852866,0.0
2020-10-28,35.5,36.07,35.28,35.69,29454982,0.0
2020-10-29,35.595,35.92,35.49,35.91,20471299,0.0
2020-11-01,36.19,36.35,35.67,35.9,18679772,0.0
2020-11-02,36.36,37.33,36.3,36.67,21748544,0.0
2020-11-03,37.0309,37.3,36.5,36.56,22243278,0.0
2020-11-04,37.02,37.3,36.91,37.23,18365272,0.0
2020-11-05,37.56,37.6,37.08,37.525,14912773,0.0
2020-11-08,39.92,40.23,38.12,38.18,32856484,0.0
2020-11-09,38.21,39.025,38.167,38.72,22294462,0.0
2020-11-10,39.01,39.45,38.44,39.33,22304144,0.0
2020-11-11,38.98,39.39,38.395,38.7,21224466,0.0
2020-11-12,41.2,41.52,40.56,41.44,38176086,0.0
2020-11-15,41.74,42.59,41.35,42.55,31891323,0.0
2020-11-16,41.92,42.345,41.62,41.89,20825623,0.0
2020-11-17,41.9,42.2386,41.255,41.3,19100091,0.0
2020-11-18,41,41.37,40.77,41.17,20694806,0.0
2020-11-19,41.05,41.39,40.92,40.97,17170200,0.0
2020-11-22,41.03,41.8,41.02,41.64,17544721,0.0
2020-11-23,42.14,42.71,41.9,42.61,19696637,0.0
2020-11-24,42.78,42.8,42.21,42.52,19296853,0.0
2020-11-26,42.855,42.98,42.64,42.68,9527044,0.0
2020-11-29,42.44,43.05,42.41,43.02,20084335,0.0
2020-11-30,43.01,44.07,43.01,43.52,21003859,0.0
2020-12-01,43.39,43.96,43.35,43.89,15412803,0.0
2020-12-02,43.78,44.14,43.595,44.12,20977365,0.0
2020-12-03,43.89,44.51,43.89,44.39,13776402,0.0
2020-12-06,44.2868,44.49,43.91,44.36,11848327,0.0
2020-12-07,44.2055,44.525,43.93,44.37,11518341,0.0
2020-12-08,44.47,44.83,44.36,44.68,17616438,0.0
2020-12-09,44.54,44.605,44.11,44.31,12878744,0.0
2020-12-10,43.94,44.33,43.72,44.33,12055795,0.0
2020-12-13,44.27,44.91,44.15,44.23,12729393,0.0
2020-12-14,44.39,44.795,44.135,44.74,15018243,0.0
2020-12-15,44.695,45.14,44.525,44.705,12994660,0.0
2020-12-16,44.91,44.93,44.6,44.84,10888990,0.0
2020-12-17,44.9,45.57,44.77,45.44,20497603,0.0
2020-12-20,44.47,44.955,44.065,44.89,15250014,0.0
2020-12-21,44.44,45.07,44.44,44.7,12371589,0.0
2020-12-22,44.65,44.8029,44.35,44.38,9736424,0.0
2020-12-23,44.45,44.59,44.23,44.54,4917976,0.0
2020-12-27,44.93,45.34,44.72,44.92,10483616,0.0
2020-12-28,44.97,45.245,44.53,44.66,9906437,0.0
2020-12-29,44.74,45.06,44.44,44.47,9343180,0.0
2020-12-30,44.38,44.84,44.16,44.75,11829447,0.0
2021-01-03,44.31,44.37,43.35,43.99,18180757,0.0
2021-01-04,43.68,44.07,43.38,43.97,14259536,0.0
2021-01-05,44.13,44.87,43.89,44.4,16138097,0.0
2021-01-06,44.2,45.105,44.1659,44.96,15553442,0.0
2021-01-07,44.48,45.41,44.25,45.05,18097194,0.0
2021-01-10,45.15,45.95,45.02,45.35,20148738,0.0
2021-01-11,45.3,45.925,44.96,45.78,17730183,0.0
2021-01-12,45.29,45.965,45.18,45.36,16295267,0.0
2021-01-13,44.87,45.6,44.85,45.15,19908911,0.0
2021-01-14,44.96,45.65,44.88,45.42,21723639,0.0
2021-01-18,45.33,45.63,44.77,45.2,17581857,0.0
2021-01-19,45.33,45.5,45.14,45.29,12970713,0.0
2021-01-20,45.2,45.235,44.72,45.11,13256127,0.0
2021-01-21,44.75,44.885,44.23,44.77,10835462,0.0
2021-01-24,45.04,45.17,44.71,45.05,13665264,0.0
2021-01-25,44.885,45.35,44.77,45.26,10746199,0.0
2021-01-26,45.24,46.46,45.08,45.7,25890955,0.0
2021-01-27,45.9137,46.27,45.3,45.32,18208584,0.0
2021-01-28,44.85,45.37,44.48,44.58,12764319,0.0
2021-01-31,44.92,45.625,44.66,45.39,14398911,0.0
2021-02-01,45.52,45.94,45.43,45.82,13268742,0.0
2021-02-02,45.75,46.16,45.54,45.75,10646403,0.0
2021-02-03,45.87,47.32,45.77,47.26,19079297,0.0
2021-02-04,47.57,48.34,47.5,48.08,22250602,0.0
2021-02-07,48.56,49.34,48.56,48.95,21295015,0.0
2021-02-08,48.766,48.8317,48.41,48.44,18833877,0.0
2021-02-09,46.15,47.41,45.83,47.22,40914635,0.0
2021-02-10,47.349,47.91,47.1978,47.57,16237688,0.0
2021-02-11,47.425,47.69,46.91,47.29,11722251,0.0
2021-02-15,47.26,47.26,46.4,46.5,15362100,0.0
2021-02-16,46.315,46.4,45.865,46.24,9720786,0.0
2021-02-17,46.39,47.4,45.69,46.36,13677942,0.0
2021-02-18,46.54,46.61,45.58,45.67,22430780,0.0
2021-02-21,45.29,45.68,44.82,45.43,17877748,0.0
2021-02-22,45.26,45.78,45.1,45.51,18138357,0.0
2021-02-23,45.24,45.8,45.035,45.74,15530403,0.0
2021-02-24,45.585,46.24,45.24,45.52,19082453,0.0
2021-02-25,45.58,45.78,44.76,44.86,16870404,0.0
2021-02-28,45.22,46.22,45.22,45.93,13682147,0.0
2021-03-01,45.9308,46.08,45.415,45.51,10853687,0.0
2021-03-02,45.43,45.53,45,45.13,12472077,0.0
2021-03-03,45.135,45.47,44.15,44.62,21351144,0.0
2021-03-04,45.4455,46.74,45.27,46.22,29438012,0.0
2021-03-07,46.24,48.4,46.2,47.52,30544506,0.0
2021-03-08,47.8236,48.37,47.72,47.9,18458685,0.0
2021-03-09,48.47,48.79,48.19,48.26,17227230,0.0
2021-03-10,48.51,49.08,48.225,48.81,17965973,0.0
2021-03-11,48.81,48.99,48.47,48.82,12039378,0.0
2021-03-14,48.9,49.44,48.9,49.41,12877689,0.0
2021-03-15,49.19,49.74,49.19,49.67,13363218,0.0
2021-03-16,49.61,49.61,48.89,49.45,14548313,0.0
2021-03-17,48.52,49.57,48.515,48.81,14285147,0.0
2021-03-18,48.71,49.22,48.32,48.96,21004068,0.0
2021-03-21,48.94,50.38,48.94,50.32,22398939,0.0
2021-03-22,49.99,50.68,49.9,50.01,22689843,0.0
2021-03-23,49.95,50.4454,49.62,49.65,18013785,0.0
2021-03-24,50.575,51.4,50.285,50.52,25360901,0.0
2021-03-25,50.5996,52.64,50.56,52.58,26643684,0.0
2021-03-28,52.4008,52.9399,52.28,52.55,19210994,0.0
2021-03-29,52.11,52.29,51.175,51.78,18546634,0.0
2021-03-30,51.83,52.05,51.545,51.7,14562051,0.0
2021-03-31,51.75,52.07,51.35,51.99,15381028,0.0
2021-04-04,51.5,52.92,51.628,52.41,15102398,0.0
2021-04-05,51.98,52.22,51.78,52.02,11209314,0.0
2021-04-06,52.02,52.14,51.58,51.76,13311424,0.0
2021-04-07,51.94,52,51.45,51.91,9939183,0.0
2021-04-08,51.8297,52.15,51.675,52.1,10008455,0.0
2021-04-11,52.07,52.16,51.47,51.56,12405311,0.0
2021-04-12,51.64,51.88,51.34,51.67,10281164,0.0
2021-04-13,51.51,51.68,51.14,51.38,11441929,0.0
2021-04-14,51.76,51.94,51.37,51.64,13559908,0.0
2021-04-15,52.45,53.18,52.26,52.81,22712491,0.0
2021-04-18,52.5,52.96,52.49,52.89,15787567,0.0
2021-04-19,52.58,52.79,51.595,51.79,17917929,0.0
2021-04-20,51.73,52.07,51.48,51.93,11033598,0.0
2021-04-21,51.81,52.0865,51.38,51.49,12717448,0.0
2021-04-22,51.58,52.13,51.1773,51.93,10348332,0.0
2021-04-25,51.66,51.7685,51.5,51.65,9595328,0.0
2021-04-26,51.58,51.69,51.35,51.36,10123427,0.0
2021-04-27,51.55,51.77,50.92,51.11,12948258,0.0
2021-04-28,51.18,51.6,50.98,51.45,10925066,0.0
2021-04-29,51.23,51.23,50.41,50.94,13510499,0.0
2021-05-02,51.21,51.4,50.81,51.18,10529917,0.0
2021-05-03,51.11,51.23,50.295,50.71,14213719,0.0
2021-05-04,51,51.25,50.68,51.13,12377016,0.0
2021-05-05,51.07,52.71,50.95,52.44,24259975,0.0
2021-05-06,52.49,53.675,52.22,53.43,20279627,0.0
2021-05-09,53.93,54.14,53.16,53.17,18658687,0.0
2021-05-10,53.09,53.11,52.11,52.83,16767765,0.0
2021-05-11,52.18,52.43,51.4661,51.6,18038639,0.0
2021-05-12,52.03,52.805,51.88,52.48,13012449,0.0
2021-05-13,52.94,53.215,52.6,52.89,11255332,0.0
2021-05-16,52.73,53.15,52.68,52.96,12166586,0.0
2021-05-17,52.89,53.34,52.74,52.94,16979981,0.0
2021-05-18,51.99,52.66,51.86,52.46,21454050,0.0
2021-05-19,50.43,52.97,50.1,52.87,43154935,0.0
2021-05-20,52.79,52.93,52.24,52.43,19824835,0.0
