Date,Open,High,Low,Close,Volume,OpenInterest
2017-06-01,54.79,55.06,54.36,54.54,3964989,0.0
2017-06-04,54.59,55,52.93,54.03,6455365,0.0
2017-06-05,54.1,54.43,53.1,53.13,5079411,0.0
2017-06-06,53.04,53.15,52.49,52.95,6874311,0.0
2017-06-07,53.06,53.15,52.7,52.94,4566804,0.0
2017-06-08,53.01,53.78,51.58,52.24,6854651,0.0
2017-06-11,52.27,53.54,51.69,53.52,5619419,0.0
2017-06-12,53.34,53.945,53.25,53.87,3366771,0.0
2017-06-13,54.07,54.11,52.11,52.37,4908012,0.0
2017-06-14,51.75,53.3928,51.72,53.29,5495289,0.0
2017-06-15,53.14,53.16,52.49,52.74,6979207,0.0
2017-06-18,53,53.67,52.87,53.26,8347748,0.0
2017-06-19,53.07,53.07,52.045,52.13,6085216,0.0
2017-06-20,52.28,52.36,51.2,52.2,3635326,0.0
2017-06-21,52.12,52.72,51.95,52.6,3718726,0.0
2017-06-22,52.54,53.03,51.8,52.68,4953028,0.0
2017-06-25,53.1,53.75,52.8,53.12,3259452,0.0
2017-06-26,53.13,53.63,52.96,53.34,6163332,0.0
2017-06-27,53.7,54.655,53.42,54.58,4594966,0.0
2017-06-28,54.56,54.74,53.51,53.82,5183717,0.0
2017-06-29,54.75,54.789,53.73,53.73,3897264,0.0
2017-07-02,53.92,54.675,53.56,54.49,2892315,0.0
2017-07-04,54.5,55.31,54.49,55.09,3603982,0.0
2017-07-05,54.63,55.06,54.44,54.6,3836636,0.0
2017-07-06,54.72,55.28,54.37,54.85,3461774,0.0
2017-07-09,54.65,55.21,53.71,54.89,3486333,0.0
2017-07-10,54.83,54.87,53.92,54.15,3410171,0.0
2017-07-11,54.72,55.32,54.31,54.35,3375384,0.0
2017-07-12,54.29,55.09,53.99,54.825,2219609,0.0
2017-07-13,54.96,55.195,54.13,54.24,3299811,0.0
2017-07-16,54.15,54.915,53.53,54.63,3280688,0.0
2017-07-17,54.49,54.84,54.16,54.62,5770706,0.0
2017-07-18,53.02,53.15,50.68,51.87,26591945,0.0
2017-07-19,51.91,52.13,50.33,50.88,19267979,0.0
2017-07-20,50.6,51.83,50.51,51.68,9643499,0.0
2017-07-23,51.54,51.93,49.9,50.82,12221438,0.0
2017-07-24,50.98,51.77,50.67,50.78,7155145,0.0
2017-07-25,50.66,52.4,50.08,52.07,8494224,0.0
2017-07-26,52.09,52.11,49,49.24,13350378,0.0
2017-07-27,48.62,49.48,48.12,49.23,8636198,0.0
2017-07-30,49.19,49.7737,48.58,49.34,4968032,0.0
2017-07-31,49.29,49.4,47.68,47.86,10343794,0.0
2017-08-01,48.32,48.64,47.36,47.41,7480479,0.0
2017-08-02,47.27,49.3,47.27,49.27,7422445,0.0
2017-08-03,49.46,49.47,48.63,48.72,5588380,0.0
2017-08-06,48.81,49,48.15,48.87,5229218,0.0
2017-08-07,48.7,50.14,48.49,50.13,6278645,0.0
2017-08-08,50.03,50.13,49.12,49.93,6053693,0.0
2017-08-09,49.7,49.98,48.94,49.08,6166498,0.0
2017-08-10,49.31,49.95,49.31,49.51,3737490,0.0
2017-08-13,49.89,50.81,49.73,50.75,3998187,0.0
2017-08-14,50.85,51.14,50.63,51.13,3290872,0.0
2017-08-15,51.37,51.38,50.33,50.39,4764722,0.0
2017-08-16,50.11,50.37,48.87,48.89,5688385,0.0
2017-08-17,48.67,49.29,48.16,48.78,6203535,0.0
2017-08-20,48.7,48.81,47.73,47.96,4970412,0.0
2017-08-21,48.33,50,48.23,49.91,4832002,0.0
2017-08-22,49.59,49.72,48.51,48.87,4356826,0.0
2017-08-23,49.09,49.19,48.1175,48.37,4566624,0.0
2017-08-24,48.42,49.02,47.66,48.86,3491698,0.0
2017-08-27,49,49.57,48.905,49.51,4212430,0.0
2017-08-28,49,49.92,48.9,49.78,4514209,0.0
2017-08-29,49.69,50.1,49.35,49.84,4615520,0.0
2017-08-30,49.83,50.36,49.23,50.2,4597272,0.0
2017-08-31,50.38,50.58,49.53,49.77,2955939,0.0
2017-09-04,49.67,49.69,48.69,48.99,6585953,0.0
2017-09-05,49.13,51.34,49.065,49.65,7954247,0.0
2017-09-06,49.68,51.58,49.52,51.49,7251037,0.0
2017-09-07,51.42,51.55,50.41,50.57,4906763,0.0
2017-09-10,50.88,51.53,50.85,51.49,3974166,0.0
2017-09-11,51.46,52.18,51.14,51.93,3272157,0.0
2017-09-12,51.98,52.1,51.48,52.07,3154686,0.0
2017-09-13,51.84,52.51,51.43,51.5,3702145,0.0
2017-09-14,51.31,52.5,51.27,52.485,5053948,0.0
2017-09-17,52.44,52.69,51.835,51.85,3916807,0.0
2017-09-18,51.95,52.18,51.18,51.79,4419949,0.0
2017-09-19,51.82,52.84,51.64,52.82,2997276,0.0
2017-09-20,52.76,52.8899,52.16,52.86,2967151,0.0
2017-09-21,52.55,53.23,52.333,53.1,3042257,0.0
2017-09-24,53.04,53.37,52.67,53.34,2733380,0.0
2017-09-25,53.34,53.75,52.79,52.98,3369857,0.0
2017-09-26,53.17,54.23,53.04,53.23,4072079,0.0
2017-09-27,53.05,53.92,53.05,53.69,2620924,0.0
2017-09-28,53.65,53.91,53.2,53.65,3395499,0.0
2017-10-01,52.22,52.86,51.85,52.19,5487145,0.0
2017-10-02,52.09,52.45,51.38,51.54,5868356,0.0
2017-10-03,51.42,51.99,51.17,51.81,3553469,0.0
2017-10-04,51.91,52.1,51.41,51.76,3372295,0.0
2017-10-05,51.67,51.78,51.21,51.76,3638734,0.0
2017-10-08,51.85,52.84,51.75,52.82,2307001,0.0
2017-10-09,52.88,52.94,51.78,52.4,2231864,0.0
2017-10-10,52.14,53.1,52.02,53.07,3096850,0.0
2017-10-11,53.19,53.86,53.1176,53.58,4409213,0.0
2017-10-12,53.74,53.94,52.75,52.85,3067093,0.0
2017-10-15,52.8,53.29,52.61,52.85,4833328,0.0
2017-10-16,51.66,54.28,51.51,54.24,8237721,0.0
2017-10-17,54.29,54.98,53,53.08,5696947,0.0
2017-10-18,52.56,53.51,52.4,53.45,4336979,0.0
2017-10-19,53.84,54.93,53.5,53.91,4709894,0.0
2017-10-22,53.93,54.19,53.51,54.12,3668838,0.0
2017-10-23,54.16,54.97,54.15,54.32,3079902,0.0
2017-10-24,54.45,54.99,52.12,52.33,5882761,0.0
2017-10-25,51.87,52.37,50.13,51.76,11637727,0.0
2017-10-26,52.12,53.2,51.78,51.95,5319255,0.0
2017-10-29,51.78,51.97,50.72,51.59,5325837,0.0
2017-10-30,51.68,51.68,50.39,50.43,5964190,0.0
2017-10-31,50.73,50.96,49.45,49.59,5127938,0.0
2017-11-01,49.67,51.64,49.54,51.61,4910228,0.0
2017-11-02,51.59,51.74,51.17,51.3,3287361,0.0
2017-11-05,51.05,51.25,50.23,51.15,2860803,0.0
2017-11-06,51.06,52.42,50.89,51.24,4459731,0.0
2017-11-07,51.18,51.59,50.45,51.49,3116988,0.0
2017-11-08,51.19,51.25,50.17,50.22,4102672,0.0
2017-11-09,49.91,50.38,49.51,49.52,2915801,0.0
2017-11-12,48.82,49.97,48.25,49.74,4002914,0.0
2017-11-13,49.46,49.62,49,49.3901,3518840,0.0
2017-11-14,49.26,49.34,48.255,48.63,4219861,0.0
2017-11-15,48.6,49.57,48.335,49.56,6072788,0.0
2017-11-16,49.43,50.07,48.95,49.92,5321233,0.0
2017-11-19,49.75,49.91,49.3,49.72,3809261,0.0
2017-11-20,49.77,50.23,49.36,50.22,2803569,0.0
2017-11-21,50.4,51.2,50.13,50.44,3918727,0.0
2017-11-23,50.31,50.74,50.11,50.33,2144048,0.0
2017-11-26,50.35,50.965,50.02,50.65,3422662,0.0
2017-11-27,50.69,52.09,50.44,51.55,4891671,0.0
2017-11-28,51.53,54.72,51.45,54.44,9791499,0.0
2017-11-29,54.4,56.17,54.15,55.78,9424302,0.0
2017-11-30,55.23,56.32,54.8,56.145,8044008,0.0
2017-12-03,56.45,58.25,56.44,56.57,8482917,0.0
2017-12-04,56.87,56.97,55.28,55.38,6721300,0.0
2017-12-05,55.94,56.3436,55.565,55.64,4068596,0.0
2017-12-06,55.47,56.43,55.37,56.15,3794285,0.0
2017-12-07,56.36,56.75,55.89,56.04,2776786,0.0
2017-12-10,55.98,56.57,55.76,56.55,5660293,0.0
2017-12-11,56.66,57.2,55.99,56.98,4407872,0.0
2017-12-12,57.29,58.35,57.07,57.26,5519436,0.0
2017-12-13,57.33,57.89,57.16,57.31,4483337,0.0
2017-12-14,52.04,57.01,50.84,52.54,34662747,0.0
2017-12-17,51.02,53.71,49.93,53.69,25214781,0.0
2017-12-18,53.93,54.95,53.4,54.86,8097640,0.0
2017-12-19,55.35,55.69,54.89,55,8846076,0.0
2017-12-20,55.43,55.65,54.4,54.47,7781674,0.0
2017-12-21,54.44,55.145,54.2,55.01,4639264,0.0
2017-12-25,55.1,55.365,54.43,54.46,3335674,0.0
2017-12-26,54.68,55,54.35,54.73,4885992,0.0
2017-12-27,54.98,55.15,54.09,54.97,3446866,0.0
2017-12-28,55,55.37,54.9436,55.03,2185225,0.0
2018-01-01,55.48,56.63,54.74,56.33,4245600,0.0
2018-01-02,56.16,57.25,56.06,57.05,4819770,0.0
2018-01-03,57.35,57.96,56.64,56.8,4591590,0.0
2018-01-04,57.58,57.949,56.49,57.29,4724864,0.0
2018-01-07,56.92,58.53,56.92,58.31,4985426,0.0
2018-01-08,58.33,59.59,58.15,59.28,4774136,0.0
2018-01-09,59.12,59.26,57.91,58.05,4973481,0.0
2018-01-10,58.12,58.55,58.03,58.26,4272410,0.0
2018-01-11,58.2,59.37,58.2,59.25,3726437,0.0
2018-01-15,59.88,60.04,57.97,58.14,7326032,0.0
2018-01-16,57.15,58.22,56.6,57.69,9397768,0.0
2018-01-17,57.71,58.24,57.59,58.05,5251110,0.0
2018-01-18,57.85,58.16,57.255,57.5,6412296,0.0
2018-01-21,57.62,57.81,56.95,57.73,4794760,0.0
2018-01-22,57.44,57.6,56.3725,57.08,7320489,0.0
2018-01-23,57.31,57.31,56.14,56.88,4474570,0.0
2018-01-24,56.29,56.72,55.87,56.15,6832473,0.0
2018-01-25,56.37,58.01,56.16,57.84,4723056,0.0
2018-01-28,57.56,58.01,57.04,57.24,3019077,0.0
2018-01-29,57.21,57.76,56.48,56.85,5380575,0.0
2018-01-30,57.18,57.72,56.4,56.77,3341830,0.0
2018-01-31,56.1,57.1,56.04,56.57,3131870,0.0
2018-02-01,56.19,56.35,55.2,55.25,6225929,0.0
2018-02-04,54.89,55.04,51.96,51.97,7472647,0.0
2018-02-05,51.27,54,50.12,53.79,8920969,0.0
2018-02-06,53.38,54.36,52.94,52.97,5048528,0.0
2018-02-07,52.87,53.16,50.46,50.47,6271723,0.0
2018-02-08,50.83,51.35,48.43,50.87,10730007,0.0
2018-02-11,51.56,53.6,50.89,53.17,9477367,0.0
2018-02-12,52.69,53.71,52.198,53.56,5695528,0.0
2018-02-13,53.28,55.23,53.13,55.15,8165049,0.0
2018-02-14,55.72,55.91,54.73,55.56,4703956,0.0
2018-02-15,55.63,56.42,55.36,56.1,6575576,0.0
2018-02-19,55.86,55.97,54.32,54.59,5312553,0.0
2018-02-20,54.6,56.37,54.45,54.97,4711068,0.0
2018-02-21,55.27,55.67,54.54,54.99,3786213,0.0
2018-02-22,55.45,55.87,54.58,55.84,3668460,0.0
2018-02-25,56.24,56.69,55.635,56.2,4769695,0.0
2018-02-26,56.24,56.99,55.09,55.12,5062588,0.0
2018-02-27,55.03,55.42,53.645,53.715,5898264,0.0
2018-02-28,53.95,55.74,53.13,54.52,10154649,0.0
2018-03-01,54.39,55.35,53.58,55.05,8291827,0.0
2018-03-04,54.83,56.47,53.78,56.4,6495506,0.0
2018-03-05,56.5,57.15,55.79,56.15,5701916,0.0
2018-03-06,55.95,56.73,55.68,56.25,4399075,0.0
2018-03-07,56.36,56.77,55.32,56.26,3459038,0.0
2018-03-08,56.82,58,56.6,58,4977699,0.0
2018-03-11,57.99,58.05,57.36,57.59,3308859,0.0
2018-03-12,58.07,58.4,57.34,57.48,3432067,0.0
2018-03-13,57.86,57.92,56.495,56.84,4259724,0.0
2018-03-14,56.85,57.07,56.26,56.75,3776359,0.0
2018-03-15,56.8,57.51,56.5501,56.91,4354192,0.0
2018-03-18,56.58,56.97,55.91,56.7,2804179,0.0
2018-03-19,57.01,57.46,56.78,56.97,2453976,0.0
2018-03-20,56.92,57.76,56.54,56.9,2860441,0.0
2018-03-21,56.42,56.64,55.17,55.29,3258480,0.0
2018-03-22,55.33,56.23,54.19,54.27,4169742,0.0
2018-03-25,55.21,55.87,54.33,55.655,4270475,0.0
2018-03-26,55.96,56.56,54.37,54.72,4258787,0.0
2018-03-27,54.87,55,53.71,54.31,5887068,0.0
2018-03-28,54.52,56.39,54.31,55.72,3383875,0.0
2018-04-01,55.48,56,53.91,54.73,4290009,0.0
2018-04-02,55.08,56.04,54.9,55.71,4132781,0.0
2018-04-03,54.83,55.75,54.4,55.46,3693100,0.0
2018-04-04,55.79,56.04,55.01,55.6,3865181,0.0
2018-04-05,55.06,55.3518,53.53,54.34,4043702,0.0
2018-04-08,54.63,55.44,54.36,54.43,3483946,0.0
2018-04-09,55.31,55.79,54.99,55.26,4402892,0.0
2018-04-10,54.95,55.35,54.65,55.02,4042691,0.0
2018-04-11,55.4,56.47,55.22,56.11,5151838,0.0
2018-04-12,56.33,56.62,55.39,55.6,3743129,0.0
2018-04-15,56.18,56.67,55.95,56.41,7551871,0.0
2018-04-16,56.49,57.15,56.1,56.57,5442333,0.0
2018-04-17,59.1916,61.17,59.1916,61.02,18389886,0.0
2018-04-18,61.1,61.42,60.34,61.2,5949618,0.0
2018-04-19,60.99,61.5,59.94,60.05,4114367,0.0
2018-04-22,60.18,60.68,59.95,60.34,3624459,0.0
2018-04-23,60.62,61.11,58.57,59.2,4335860,0.0
2018-04-24,59.32,60.18,58.93,59.99,4646937,0.0
2018-04-25,59.51,60.245,58.86,59.25,5065084,0.0
2018-04-26,59.1,60.36,59.02,60.28,3539754,0.0
2018-04-29,60.57,61.07,59.38,59.4,2976352,0.0
2018-04-30,59.29,60.1,59.03,59.85,3997076,0.0
2018-05-01,59.64,60.385,59.22,59.38,3760695,0.0
2018-05-02,59.17,59.52,57.9726,59.09,4381243,0.0
2018-05-03,58.69,60.41,58.575,59.989,3049109,0.0
2018-05-06,60.26,60.75,60.12,60.5,2794907,0.0
2018-05-07,60.33,61.17,60.14,60.57,3160684,0.0
2018-05-08,60.86,62.445,60.63,62.24,4483796,0.0
2018-05-09,62.79,63.01,62.07,62.8025,3627671,0.0
2018-05-10,62.96,63.88,62.8,63.1,3511888,0.0
2018-05-13,63.79,63.79,62.7,62.91,2414628,0.0
2018-05-14,62.34,62.82,61.89,62.62,2550640,0.0
2018-05-15,62.64,63.64,62.61,63.3,3049173,0.0
2018-05-16,63.09,64.07,63.04,63.52,2534890,0.0
2018-05-17,63.55,63.98,63.13,63.76,2101095,0.0
2018-05-20,64.05,64.67,63.89,64.02,2113748,0.0
2018-05-21,64.11,64.54,63.42,63.46,2671381,0.0
2018-05-22,63,63.6,62.62,63.56,2366576,0.0
2018-05-23,63.63,64.65,63.53,64.43,2845603,0.0
2018-05-24,64.44,64.8168,64.33,64.69,2974672,0.0
2018-05-28,64.11,64.47,63.62,64.23,2677179,0.0
2018-05-29,64.37,65.93,64.29,65.64,3498564,0.0
2018-05-30,65.5,65.9,64.48,64.66,3642656,0.0
2018-05-31,65.22,65.95,65.12,65.44,2921747,0.0
2018-06-03,65.61,65.815,64.38,64.69,2772360,0.0
2018-06-04,64.68,64.95,63.74,64.7,2621714,0.0
2018-06-05,64.75,65.34,64.14,65.33,2058432,0.0
2018-06-06,65.33,65.8,65.1,65.77,4277866,0.0
2018-06-07,65.9,67.14,65.75,67.08,3830903,0.0
2018-06-10,67.07,67.66,66.6015,67.28,3296413,0.0
2018-06-11,67.25,67.69,66.67,66.74,3214247,0.0
2018-06-12,66.75,67.08,65.86,66.13,3713107,0.0
2018-06-13,66.4,66.64,65.65,65.89,2725754,0.0
2018-06-14,65.96,66.77,65.26,66.69,4834784,0.0
2018-06-17,66.1,66.54,65.85,66.13,2171891,0.0
2018-06-18,65.28,65.515,64.7,64.83,4063991,0.0
2018-06-19,65,65.2,64.59,64.87,2061272,0.0
2018-06-20,64.75,64.95,63.86,64.06,3577939,0.0
2018-06-21,64.59,65.23,64.57,64.79,2878477,0.0
2018-06-24,64.69,64.92,63.46,64.09,3402945,0.0
2018-06-25,63.99,64.56,63.99,64.18,2732199,0.0
2018-06-26,64.18,65.42,63.78,63.78,3683473,0.0
2018-06-27,63.88,64.11,62.72,63.59,4305607,0.0
2018-06-28,63.94,64.57,63.67,63.78,3348137,0.0
2018-07-01,63.54,64.51,63.271,64.26,2016339,0.0
2018-07-02,64.38,64.69,63.74,63.86,1231587,0.0
2018-07-04,64.29,64.63,63.86,64.36,2172614,0.0
2018-07-05,64.58,65.32,64.16,65.01,1954488,0.0
2018-07-08,65.32,66.67,65.28,66.49,3627610,0.0
2018-07-09,66.69,66.69,65.28,66.06,3001744,0.0
2018-07-10,65.69,65.69,64.345,64.81,3003591,0.0
2018-07-11,65.38,65.59,64.46,64.69,4534331,0.0
2018-07-12,64.61,65.36,64.48,64.71,3867281,0.0
2018-07-15,64.88,65.22,63.29,63.98,6890476,0.0
2018-07-16,63.75,64.59,63.23,64.43,6506645,0.0
2018-07-17,66.65,69.11,66.3,69.01,14313189,0.0
2018-07-18,68.52,69.55,66.71,69.15,8990619,0.0
2018-07-19,68.74,69.9,68.58,69.45,6700936,0.0
2018-07-22,69.27,70.43,68.73,70.28,5208511,0.0
2018-07-23,70.21,70.89,68.79,69.15,8048022,0.0
2018-07-24,69.04,71.07,68.78,70.95,5420231,0.0
2018-07-25,71.67,72.22,70.71,70.89,3587014,0.0
2018-07-26,70.85,71.24,69.93,70.28,4892470,0.0
2018-07-29,70.31,71.265,70.16,70.3,5225450,0.0
2018-07-30,70.47,71.26,70.4101,70.68,6661987,0.0
2018-07-31,70.74,71.17,70.125,70.62,3356880,0.0
2018-08-01,70.09,71.37,70.09,71.1,3320156,0.0
2018-08-02,71.19,71.43,70.45,71.26,3498175,0.0
2018-08-05,71.33,72.42,71.29,72.15,3547030,0.0
2018-08-06,72.34,72.905,72.2,72.59,2438290,0.0
2018-08-07,72.59,72.8534,72.19,72.53,2154219,0.0
2018-08-08,72.71,72.88,72.07,72.18,2538704,0.0
2018-08-09,71.51,72.79,71.51,72.39,2549214,0.0
2018-08-12,72.44,73.06,72.29,72.61,2501011,0.0
2018-08-13,72.83,73.98,72.83,73.69,4331198,0.0
2018-08-14,72.93,73.55,72.63,73.15,3726752,0.0
2018-08-15,73.37,73.69,72.65,73.45,4045988,0.0
2018-08-16,73.52,74.1,73.22,73.7,2705618,0.0
2018-08-19,73.9,74.75,73.68,73.77,4255887,0.0
2018-08-20,73.84,75.14,73.8,74.7,4109661,0.0
2018-08-21,74.36,74.69,73.7,73.73,2404145,0.0
2018-08-22,73.9,74.54,73.73,73.95,3575148,0.0
2018-08-23,74.02,75.01,73.98,74.6501,2808359,0.0
2018-08-26,75.01,75.62,74.85,75.51,2603907,0.0
2018-08-27,75.93,76.24,75.06,75.22,2064132,0.0
2018-08-28,75.37,75.51,74.7,74.81,2591381,0.0
2018-08-29,74.33,74.6975,73.93,74.22,3404178,0.0
2018-08-30,73.88,74.5,73.81,74.15,3436863,0.0
2018-09-03,74.16,74.88,74.03,74.84,4859686,0.0
2018-09-04,73.92,74.68,73.41,74.31,3141792,0.0
2018-09-05,74.16,74.91,74.01,74.06,3730903,0.0
2018-09-06,73.75,74.37,73.59,73.64,4058570,0.0
2018-09-09,74.08,74.775,73.65,74.31,4081482,0.0
2018-09-10,74.28,74.7,73.66,74.11,4115104,0.0
2018-09-11,74.16,74.75,73.92,74.13,2719865,0.0
2018-09-12,74,74.12,72.89,73.18,4043821,0.0
2018-09-13,73.28,74.125,72.96,73.48,3117356,0.0
2018-09-16,73.63,73.86,73.19,73.35,3259332,0.0
2018-09-17,73.96,74.65,73.56,74.115,3954300,0.0
2018-09-18,74.32,74.685,73.89,73.99,4144310,0.0
2018-09-19,74.25,74.53,72.92,73.06,3821495,0.0
2018-09-20,72.75,74.13,72.69,73.95,6778640,0.0
2018-09-23,73.58,73.94,73.06,73.29,2584870,0.0
2018-09-24,73.54,73.68,72.99,73.33,2810199,0.0
2018-09-25,73.48,74.49,73.45,73.91,2836945,0.0
2018-09-26,74.23,74.885,73.27,74.21,1972461,0.0
2018-09-27,74,74.41,73.76,74.05,2087028,0.0
2018-09-30,74.38,75.36,74.35,75.03,3231864,0.0
2018-10-01,75.08,75.09,74.12,74.32,3467922,0.0
2018-10-02,74.64,75.66,74.43,74.99,2784263,0.0
2018-10-03,75.03,75.38,73.76,74.67,3515157,0.0
2018-10-04,75.65,75.65,73.99,74.55,3206439,0.0
2018-10-07,74.46,75.01,73.38,74.76,2980971,0.0
2018-10-08,75.1,75.34,74.54,74.619,3232541,0.0
2018-10-09,74.55,74.61,69.54,69.6,8245187,0.0
2018-10-10,69.44,70.57,68.6,68.77,8382692,0.0
2018-10-11,70.62,71.345,69.77,70.2,6343491,0.0
2018-10-14,70.07,71.205,69.94,70.86,3748070,0.0
2018-10-15,71.15,72.45,70.7592,72.2,6396494,0.0
2018-10-16,73,73.05,69.85,70.72,8447074,0.0
2018-10-17,70.38,70.55,68.46,68.65,8911026,0.0
2018-10-18,68.75,69.28,67.84,67.94,7373695,0.0
2018-10-21,67.76,68.94,67.36,68.31,5504253,0.0
2018-10-22,66.97,67.32,65.74,66.83,6052958,0.0
2018-10-23,66.85,67.71,65.83,65.89,6131226,0.0
2018-10-24,66.15,67.48,65.76,66.39,5394735,0.0
2018-10-25,64.04,66.505,63.6501,65.92,4774335,0.0
2018-10-28,66.96,67.485,64.64,65.7,6302135,0.0
2018-10-29,65.98,68.98,65.93,68.81,6617477,0.0
2018-10-30,69.67,69.98,68.82,68.85,5331062,0.0
2018-10-31,69.13,69.9,68.87,69.6,4340424,0.0
2018-11-01,69.98,70.49,68.58,69.16,3817305,0.0
2018-11-04,69.74,70.15,69.08,69.09,4322433,0.0
2018-11-05,69.12,70.48,69.07,70.39,4058601,0.0
2018-11-06,71.18,72.495,70.75,72.32,4785896,0.0
2018-11-07,72.03,72.77,71.22,71.67,2889282,0.0
2018-11-08,71.08,71.53,69.88,70.64,4379363,0.0
2018-11-11,70.66,71.27,69.51,69.65,2976443,0.0
2018-11-12,70.11,71.34,69.63,70.28,3459574,0.0
2018-11-13,71.12,71.84,70.1,70.5,4707779,0.0
2018-11-14,69.88,72.5,69.49,72.22,4339272,0.0
2018-11-15,72.25,73.61,71.98,72.62,4311603,0.0
2018-11-18,72.42,72.8,71.25,72.07,5455724,0.0
2018-11-19,71.85,72.15,68.93,69.22,6371569,0.0
2018-11-20,69.53,70.6753,69.32,70.2,3333864,0.0
2018-11-22,69.39,70.231,69,69.78,1932006,0.0
2018-11-25,70.37,71.06,70.16,70.41,2959614,0.0
2018-11-26,69.95,70.73,69.88,70.41,2953367,0.0
2018-11-27,70.41,72.78,70.107,72.75,3838135,0.0
2018-11-28,72.16,72.7,71.54,71.78,3422692,0.0
2018-11-29,71.76,73.09,71.6451,72.64,4184714,0.0
2018-12-02,73.81,73.9,72.82,73.15,6469057,0.0
2018-12-03,73.23,73.4625,70.44,70.62,5452676,0.0
2018-12-05,69.32,69.82,68.23,69.82,8354867,0.0
2018-12-06,69.43,70.4,67.98,68.02,7678998,0.0
2018-12-09,67.72,68.57,66.43,68.31,4396163,0.0
2018-12-10,69.5,69.89,67.66,68.09,3101985,0.0
2018-12-11,69.26,70.39,68.85,68.88,5066866,0.0
2018-12-12,69.29,69.64,67.94,68.83,3808551,0.0
2018-12-13,68.27,68.28,65.58,65.8,5036266,0.0
2018-12-16,65.47,65.54,64.05,64.71,7302862,0.0
2018-12-17,65.17,65.72,63.33,63.84,5493033,0.0
2018-12-18,63.56,65.56,61.7,61.99,6295319,0.0
2018-12-19,61.89,62.42,60.84,61.65,7400557,0.0
2018-12-20,61.82,62.72,60.46,60.69,7741960,0.0
2018-12-23,60.41,60.52,58.6822,58.75,2782947,0.0
2018-12-25,59.17,61.73,58.47,61.69,4204611,0.0
2018-12-26,60.89,62.08,59.64,62.06,3398945,0.0
2018-12-27,62.51,62.98,61.74,62.018,2917240,0.0
2018-12-30,62.5,62.765,61.53,61.72,2571481,0.0
2019-01-01,60.76,62.25,60.02,61.83,3852267,0.0
2019-01-02,61.36,61.81,60.36,61.015,6000318,0.0
2019-01-03,61,62.83,60.53,62.74,4994067,0.0
2019-01-06,62.43,63.07,61.35,62.43,4808687,0.0
2019-01-07,63.78,64.18,62.64,63.295,4238365,0.0
2019-01-08,63.73,64.28,63.13,63.955,3411055,0.0
2019-01-09,63.81,64.98,63.36,64.72,3654969,0.0
2019-01-10,64.46,65.57,64.32,65.19,3252743,0.0
2019-01-13,64.88,65.5644,64.71,65.33,3954538,0.0
2019-01-14,65.27,65.43,64.32,65.09,3630124,0.0
2019-01-15,65.16,65.665,64.82,65.53,4339610,0.0
2019-01-16,63.96,65.2,63.14,65.08,9931916,0.0
2019-01-17,65.39,67.77,65.37,67.28,6327413,0.0
2019-01-21,67.11,67.25,65.42,65.635,4834961,0.0
2019-01-22,66.08,66.405,64.12,65.025,4741342,0.0
2019-01-23,65.55,65.7,64.62,65.0226,5650655,0.0
2019-01-24,65.55,66.95,65.32,66.1201,6385376,0.0
2019-01-27,65.38,65.9,65.02,65.58,3735545,0.0
2019-01-28,65.85,66.1,65.34,65.36,3867710,0.0
2019-01-29,65.65,66.665,65.32,66.3,5512502,0.0
2019-01-30,66.43,66.43,65.37,65.77,3941558,0.0
2019-01-31,65.62,66.5,65.41,66.235,3352287,0.0
2019-02-03,66.06,67.39,66.05,67.35,3959412,0.0
2019-02-04,67.37,68.22,66.55,68.21,4957591,0.0
2019-02-05,68.08,68.44,67.8601,68.08,4153793,0.0
2019-02-06,67.67,68.44,67.41,68.19,4065805,0.0
2019-02-07,67.73,68.68,67.67,68.65,3412115,0.0
2019-02-10,68.99,70.49,68.95,69.2,5527994,0.0
2019-02-11,70,71.22,69.85,71.15,4853042,0.0
2019-02-12,71.34,71.53,70.77,71.13,3997847,0.0
2019-02-13,70.69,71.86,70.5944,71.65,2850917,0.0
2019-02-14,72.2,72.63,71.51,72.6101,4915577,0.0
2019-02-18,71.35,72.88,71.21,72.555,3657634,0.0
2019-02-19,72.59,73.32,72.59,73.27,2825732,0.0
2019-02-20,73.35,73.4,72.28,72.56,2871068,0.0
2019-02-21,72.67,73.34,72.62,73.3,2309764,0.0
2019-02-24,73.48,73.5,72.74,72.82,3469025,0.0
2019-02-25,72.77,73.24,72.625,72.76,5681572,0.0
2019-02-26,72.34,72.9,72.0616,72.68,3212242,0.0
2019-02-27,72.48,72.88,72.31,72.67,3884007,0.0
2019-02-28,73.3,73.35,72.4,72.45,3929828,0.0
2019-03-03,72.81,73.53,72.185,72.84,2850466,0.0
2019-03-04,72.92,73.15,72.42,72.46,3127061,0.0
2019-03-05,71.94,72.41,71.5,72.04,4555054,0.0
2019-03-06,71.81,72.26,71.61,72.04,5227783,0.0
2019-03-07,71.47,71.83,70.57,71.77,5276146,0.0
2019-03-10,71.63,72.96,71.23,72.95,3570671,0.0
2019-03-11,73.12,73.36,72.26,72.7,4648502,0.0
2019-03-12,73.06,74.39,72.53,73.97,4021613,0.0
2019-03-13,74.09,74.15,72.79,73.05,3294757,0.0
2019-03-14,73.02,73.32,72.595,72.81,4342421,0.0
2019-03-17,73.39,74.128,72.825,73.88,3126758,0.0
2019-03-18,74.04,74.37,72.8,72.97,3530484,0.0
2019-03-19,72.82,73.65,72.36,72.82,4105271,0.0
2019-03-20,72.32,73.8,72.2503,73.64,1867566,0.0
2019-03-21,73.43,73.51,72.42,72.52,2813315,0.0
2019-03-24,72.23,73.25,72.23,72.78,2476373,0.0
2019-03-25,73.19,73.59,72.47,73.05,2637512,0.0
2019-03-26,72.92,73.55,72.6937,73.41,1650627,0.0
2019-03-27,73.55,74.49,73.4,74.43,2436342,0.0
2019-03-28,74.91,75.16,74.655,74.82,3052789,0.0
2019-03-31,75.35,76.775,75.13,76.71,1567783,0.0
2019-04-01,76.92,77.15,76.12,76.18,3122954,0.0
2019-04-02,76.32,76.59,75.09,75.2,5998441,0.0
2019-04-03,75.03,75.24,74.59,74.79,5465255,0.0
2019-04-04,74.76,75.25,74.18,74.42,3753791,0.0
2019-04-07,74.54,75.74,74.37,75.6,3044694,0.0
2019-04-08,75.09,75.32,74.11,74.72,2976134,0.0
2019-04-09,74.83,75.245,74.245,75.09,1973401,0.0
2019-04-10,75.22,75.51,74.88,75.405,1766972,0.0
2019-04-11,75.79,76.82,75.54,76.67,3129910,0.0
2019-04-14,76.4,76.65,75.54,75.86,2559081,0.0
2019-04-15,76.12,76.31,75.57,75.89,3047507,0.0
2019-04-16,79.4,80.51,78.7,78.9,7321271,0.0
2019-04-17,79.83,79.83,78.47,78.98,4371823,0.0
2019-04-21,78.69,79.255,78.2,78.825,2541197,0.0
2019-04-22,78.81,79.09,78.21,79.03,2195232,0.0
2019-04-23,79.09,80.37,79.09,79.33,2697096,0.0
2019-04-24,78.86,79.04,78.03,78.53,2015637,0.0
2019-04-25,78.65,79.33,78.63,79.16,1906030,0.0
2019-04-28,79.08,79.56,78.73,79.34,2272767,0.0
2019-04-29,79.34,79.83,78.52,79.62,2759772,0.0
2019-04-30,79.55,79.8,78.915,79.12,3287337,0.0
2019-05-01,78.99,79.18,78.05,78.9,2121601,0.0
2019-05-02,79.33,80.73,79.13,80.5,2172788,0.0
2019-05-05,79.12,80.32,79.0615,80.09,2156283,0.0
2019-05-06,79.19,79.24,77.24,78.26,4338109,0.0
2019-05-07,78.26,79.11,78,78.21,2541212,0.0
2019-05-08,77.58,78.36,76.93,78.16,2232041,0.0
2019-05-09,77.92,78.94,76.77,78.71,2616780,0.0
2019-05-12,77.2,77.58,76.42,76.78,4401711,0.0
2019-05-13,76.94,78.79,76.9,78.24,2771396,0.0
2019-05-14,77.57,78.51,77.33,77.43,3528494,0.0
2019-05-15,77.73,78.575,77.34,78.22,3225929,0.0
2019-05-16,77.89,78.77,77.42,78.4,3165346,0.0
2019-05-19,77.99,78.55,77.51,78.08,2430999,0.0
2019-05-20,78.35,78.68,77.95,78.33,7814859,0.0
2019-05-21,78.14,78.14,77.3,77.44,3256413,0.0
2019-05-22,76.5,76.6,74.8,75.37,7128545,0.0
2019-05-23,75.77,75.9,74.53,74.9,4157482,0.0
2019-05-27,75.38,75.65,74.36,74.48,5369895,0.0
2019-05-28,73.74,74.21,73.2,73.96,5045444,0.0
2019-05-29,73.96,75.25,73.81,75.01,4009946,0.0
2019-05-30,74.06,75.04,73.51,74.43,5006187,0.0
2019-06-02,74.51,75.55,74.21,74.49,3445731,0.0
2019-06-03,75.15,76.72,75.09,76.68,3001610,0.0
2019-06-04,76.74,78.4,76.72,78.04,3731406,0.0
2019-06-05,78.19,78.38,77.1,77.51,2806070,0.0
2019-06-06,77.93,78.455,77.66,78.04,2128103,0.0
2019-06-09,78.38,79.38,78.01,78.68,2296668,0.0
2019-06-10,79.13,79.71,78.07,78.6,2413249,0.0
2019-06-11,78.54,78.905,78.11,78.23,2431602,0.0
2019-06-12,78.3,78.3,77.35,77.645,5914870,0.0
2019-06-13,77.69,77.94,76.76,77.17,4994998,0.0
2019-06-16,77.09,77.4,76.59,76.69,2378701,0.0
2019-06-17,77.39,78.36,76.965,77.74,2773070,0.0
2019-06-18,77.65,77.85,76.62,77.37,1885847,0.0
2019-06-19,78.48,79.28,78.2178,79.03,3276682,0.0
2019-06-20,78.9,79.72,78.62,78.66,4354403,0.0
2019-06-23,78.67,78.81,77.345,77.52,2311590,0.0
2019-06-24,77.64,77.83,75.875,76.1,3457282,0.0
2019-06-25,76.37,76.78,76.17,76.18,2087870,0.0
2019-06-26,76.21,77.15,76.21,76.44,1898117,0.0
2019-06-27,76.94,77.6805,76.84,77.36,2493737,0.0
2019-06-30,78.56,79.4,78.045,78.64,3073520,0.0
2019-07-01,78.5,78.6,77.73,78.29,2650364,0.0
2019-07-02,78.37,78.925,78.32,78.63,1068591,0.0
2019-07-04,78.25,78.55,77.41,78.41,2003524,0.0
2019-07-07,78.1,78.25,76.88,77.24,2231370,0.0
2019-07-08,76.98,77.05,76.33,76.69,2636921,0.0
2019-07-09,76.9,77.12,76.295,76.58,2630042,0.0
2019-07-10,76.64,77.78,76.37,77.25,2471372,0.0
2019-07-11,77.48,78.76,77.33,78.56,2927651,0.0
2019-07-14,78.53,78.595,77.95,78.51,2762806,0.0
2019-07-15,78.4,80.23,78.4,79.57,6237659,0.0
2019-07-16,73.345,73.65,70.06,71.38,32454608,0.0
2019-07-17,71.43,71.93,69.5,71.83,12607559,0.0
2019-07-18,72,72.67,70.21,70.3,7043490,0.0
2019-07-21,70.2,71.14,70.06,70.92,5001597,0.0
2019-07-22,71.35,71.35,69.71,69.956,5502687,0.0
2019-07-23,69.19,70.35,68.28,69.22,6204117,0.0
2019-07-24,69.01,70.14,68.6826,69.49,4858974,0.0
2019-07-25,69.52,69.74,68.84,68.96,5284862,0.0
2019-07-28,68.8,69.925,68.77,69.62,3590756,0.0
2019-07-29,69.05,70.36,68.92,70.22,4036437,0.0
2019-07-30,70.47,71.25,69.71,70.38,5714646,0.0
2019-07-31,69.97,70.41,67.3,67.8,7313491,0.0
2019-08-01,67.65,67.75,66.43,67.13,5298722,0.0
2019-08-04,65.94,65.95,64.624,65.1,7270461,0.0
2019-08-05,65.68,66.84,65.24,66.48,4357710,0.0
2019-08-06,65.22,66.29,64.795,65.88,6753931,0.0
2019-08-07,65.81,66.95,65.72,66.74,3007465,0.0
2019-08-08,66.21,66.85,65.97,66.58,3400992,0.0
2019-08-11,66.04,66.24,65.26,65.83,3948958,0.0
2019-08-12,65.42,67.1958,65.17,66.36,4061362,0.0
2019-08-13,65.43,65.89,64.46,64.58,3518703,0.0
2019-08-14,64.58,64.9,63.97,64.42,2735123,0.0
2019-08-15,65.04,65.5,64.64,65.085,3450643,0.0
2019-08-18,66.13,66.42,65.17,65.29,3067199,0.0
2019-08-19,65.06,65.33,64.7257,64.79,2921720,0.0
2019-08-20,65.23,65.57,64.86,65.36,2753101,0.0
2019-08-21,65.74,66.76,65.3901,66.15,4977374,0.0
2019-08-22,65.7,66.25,64.27,64.65,4375778,0.0
2019-08-25,65.24,65.6515,64.53,65.025,3501068,0.0
2019-08-26,65.53,65.65,64.41,64.41,2708279,0.0
2019-08-27,64.25,65.41,64.0693,65.39,3109112,0.0
2019-08-28,65.9,67,65.85,66.53,4202504,0.0
2019-08-29,67.14,67.67,66.91,67.01,3092850,0.0
2019-09-02,66.34,66.72,65.44,66.36,3404379,0.0
2019-09-03,66.55,67.55,66.55,67.49,3990273,0.0
2019-09-04,68.01,68.78,67.96,68.06,5119416,0.0
2019-09-05,68.44,68.59,67.14,67.52,3828882,0.0
2019-09-08,67.91,69.07,67.52,69.05,3934377,0.0
2019-09-09,69.04,70.81,69.03,70.69,5914640,0.0
2019-09-10,70.69,71.23,69.76,70.97,7402755,0.0
2019-09-11,71.04,71.81,70.4707,71.56,5294304,0.0
2019-09-12,71.98,72.745,71.98,72.5,4015682,0.0
2019-09-15,71.71,72.85,71.55,72.38,3742488,0.0
2019-09-16,72.36,72.36,70.751,71.18,2667550,0.0
2019-09-17,70.92,71.51,70.08,71.16,3303929,0.0
2019-09-18,71.34,71.445,70.57,70.8,2068736,0.0
2019-09-19,70.72,71,68.415,68.62,8324659,0.0
2019-09-22,68.61,69.06,67.97,68.87,3177860,0.0
2019-09-23,69.22,70.39,68.35,68.65,4703820,0.0
2019-09-24,68.85,69.44,68.21,68.88,2464978,0.0
2019-09-25,68.89,69.76,68.68,69.44,2316595,0.0
2019-09-26,69.68,70,68.55,68.95,2058310,0.0
2019-09-29,68.95,69.92,68.95,69.24,2370762,0.0
2019-09-30,69.61,70,66.7,67.03,3564758,0.0
2019-10-01,66.61,67.31,66.1,66.27,6039647,0.0
2019-10-02,66.13,67.23,65.37,66.95,4259111,0.0
2019-10-03,66.34,67.03,65.93,66.71,11779955,0.0
2019-10-06,66.58,67.42,66.23,66.8,5809910,0.0
2019-10-07,66.05,66.795,65.63,65.85,6570985,0.0
2019-10-08,66.18,66.87,66.04,66.22,6674896,0.0
2019-10-09,66.25,67.03,66.2201,66.96,6840305,0.0
2019-10-10,68,69.64,67.56,69.05,7668719,0.0
2019-10-13,68.4505,68.67,68.01,68.56,4617027,0.0
2019-10-14,68.56,69.6,68.4,69.17,5345409,0.0
2019-10-15,69.92,69.92,68.53,69.02,7544623,0.0
2019-10-16,70.96,72.12,69.54,69.77,21496914,0.0
2019-10-17,68.55,69.205,68.3,68.66,35059042,0.0
2019-10-20,69.36,70.81,69.3,70.75,7501555,0.0
2019-10-21,70.76,72.315,69.98,72.3,6993687,0.0
2019-10-22,72,72.43,71.55,72.25,3989104,0.0
2019-10-23,72.53,72.71,71.26,71.66,2742451,0.0
2019-10-24,71.93,72.49,71.57,72.34,2136891,0.0
2019-10-27,72.53,72.61,71.31,71.515,3413713,0.0
2019-10-28,71.11,71.44,70.675,70.85,3070333,0.0
2019-10-29,70.88,71.28,70.06,71.05,2376274,0.0
2019-10-30,70.73,71.05,69.64,70.28,2672590,0.0
2019-10-31,70.94,72.29,70.63,72.29,3911749,0.0
2019-11-03,72.7,73.52,72.37,73.49,3352913,0.0
2019-11-04,73.31,74.35,73.17,73.88,2653296,0.0
2019-11-05,73.8,73.8,72.79,73.64,2492607,0.0
2019-11-06,73.91,74.715,73.76,74.1,2884177,0.0
2019-11-07,74.06,74.21,73.6,74.03,1452386,0.0
2019-11-10,73.66,74.048,73.22,73.92,1147949,0.0
2019-11-11,73.54,73.62,72.53,72.76,2479138,0.0
2019-11-12,72.21,72.36,71.77,71.93,2105532,0.0
2019-11-13,71.94,72.12,71.42,71.84,1282986,0.0
2019-11-14,72.31,72.31,71.36,71.61,2640466,0.0
2019-11-17,71.15,71.51,70.755,71,2889520,0.0
2019-11-18,70.94,71.55,70.89,71.02,1928752,0.0
2019-11-19,70.55,70.64,69.425,69.57,2631150,0.0
2019-11-20,69.6,69.86,69.18,69.4,2038307,0.0
2019-11-21,69.16,70.58,69.14,70.51,2280842,0.0
2019-11-24,70.39,71.95,70.1101,71.8,2659165,0.0
2019-11-25,71.66,72.41,71.42,71.94,2217478,0.0
2019-11-26,71.7,71.99,71.42,71.9,1665843,0.0
2019-11-28,71.6,71.88,71.265,71.55,1096935,0.0
2019-12-01,71.42,71.74,69.98,70.02,2693374,0.0
2019-12-02,69.57,69.75,68.1,69.73,5502809,0.0
2019-12-03,70.13,70.72,69.88,70.445,3933815,0.0
2019-12-04,70.55,70.73,69.81,70.73,3287605,0.0
2019-12-05,71.27,71.95,71.12,71.28,3924765,0.0
2019-12-08,71.05,71.08,70.275,70.4,2550026,0.0
2019-12-09,70,70.58,69.43,70.41,3114520,0.0
2019-12-10,70.82,71.79,70.53,71.73,4383042,0.0
2019-12-11,71.57,73.4,71.21,72.26,5917492,0.0
2019-12-12,72.57,73.12,71.64,72.81,4278309,0.0
2019-12-15,73.16,73.55,72.72,72.79,2615064,0.0
2019-12-16,72.71,73.48,71.71,72.11,6985181,0.0
2019-12-17,72.3,73.58,72.11,72.94,3425535,0.0
2019-12-18,72.87,73.19,72.305,72.59,2421992,0.0
2019-12-19,72.58,73.24,72.14,73.19,5488474,0.0
2019-12-22,72.9,73.22,72.49,72.72,1930022,0.0
2019-12-23,72.86,73.1,72.7724,73.01,636823,0.0
2019-12-25,73,73.23,72.39,72.86,1091683,0.0
2019-12-26,72.94,73.11,72.61,72.85,1290119,0.0
2019-12-29,72.83,73.02,72.09,72.35,1453516,0.0
2019-12-30,72.18,72.78,72.0904,72.37,1429951,0.0
2020-01-01,72.82,73.19,72.25,73.19,2209437,0.0
2020-01-02,72,72.94,71.63,72.9,2683878,0.0
2020-01-05,72.18,72.75,71.74,72.505,2656978,0.0
2020-01-06,72.7,73.53,72.16,72.99,3877698,0.0
2020-01-07,73.47,73.83,73.07,73.38,2197930,0.0
2020-01-08,73.4,73.75,73.22,73.74,1755794,0.0
2020-01-09,73.72,73.8598,73.265,73.37,1757183,0.0
2020-01-12,73.37,74.765,73.15,74.68,3083771,0.0
2020-01-13,74.48,75.32,74.21,74.675,2517058,0.0
2020-01-14,74.51,75.58,74.38,74.99,4014966,0.0
2020-01-15,75.65,76.85,75.65,76.7596,5430066,0.0
2020-01-16,75.5,77.19,75.366,76.38,7548898,0.0
2020-01-20,75.72,76.06,74.65,74.84,8576516,0.0
2020-01-21,75.12,75.19,74.225,74.61,7183650,0.0
2020-01-22,74.54,76.72,73.94,76.65,7411076,0.0
2020-01-23,76.68,77.04,76.04,76.72,6535312,0.0
2020-01-26,75,75.83,74.61,75.17,3108156,0.0
2020-01-27,75.72,76.63,75.3,76.21,2783690,0.0
2020-01-28,76.73,78.4,76.5,77.52,4119787,0.0
2020-01-29,76.41,77.845,76.35,77.79,2808150,0.0
2020-01-30,77.28,77.37,75.875,76.35,3486537,0.0
2020-02-02,77.4,77.59,76.67,77.1,2949555,0.0
2020-02-03,78.25,78.55,77.55,77.78,2245674,0.0
2020-02-04,78.81,78.81,77.895,78.17,2684165,0.0
2020-02-05,78.52,78.65,77.79,78.33,1627263,0.0
2020-02-06,78.92,79.19,77.6668,77.86,2614708,0.0
2020-02-09,77.39,78.91,77.3101,78.88,2713487,0.0
2020-02-10,78.97,79.445,78.405,78.54,2565732,0.0
2020-02-11,79.09,79.5,78.46,79.485,2318004,0.0
2020-02-12,79.19,79.97,78.9,79.84,2037357,0.0
2020-02-13,79.67,79.95,79.14,79.6,1902984,0.0
2020-02-17,79.36,80.09,78.98,79.49,2027723,0.0
2020-02-18,79.8,80.25,79.6,80.18,1885088,0.0
2020-02-19,80.08,80.62,79.6,80.45,1901237,0.0
2020-02-20,79.89,80.44,79.46,79.55,3359223,0.0
2020-02-23,77.97,78.59,77.6,78.05,6809608,0.0
2020-02-24,78.13,78.64,75.4,75.57,8091248,0.0
2020-02-25,76.13,76.74,74.73,75.31,6141074,0.0
2020-02-26,73.72,75.44,72.18,72.22,7114327,0.0
2020-02-27,70.08,70.96,68.42,70.6,8996202,0.0
2020-03-01,70.32,71.41,68.98,70.79,9133901,0.0
2020-03-02,70.23,73.04,68.55,68.9,7004896,0.0
2020-03-03,69.87,72.24,69.38,71.99,4522309,0.0
2020-03-04,69.93,70.58,68.63,68.96,5215297,0.0
2020-03-05,65.94,68.83,65.72,68.25,4158701,0.0
2020-03-08,62.95,63.73,59.59,60.39,7504497,0.0
2020-03-09,62.32,63.16,59.35,62.88,15199300,0.0
2020-03-10,60.89,61.83,58.06,58.28,19668380,0.0
2020-03-11,53.55,56.4,51.88,53.41,10602480,0.0
2020-03-12,56.5,58.79,54.01,57.92,11216733,0.0
2020-03-15,49.02,53.36,47.56,48.93,19590040,0.0
2020-03-16,49.51,54.93,48.17,54.26,7904300,0.0
2020-03-17,50.67,52.48,48.064,50.94,5678112,0.0
2020-03-18,50.53,56.2,48.785,55.06,10621942,0.0
2020-03-19,54.51,55.18,49.6,49.89,9507906,0.0
2020-03-22,49.43,50.79,46.81,47.66,6809151,0.0
2020-03-23,50.98,55.69,49.51,55.5,6589331,0.0
2020-03-24,55.11,60.57,55.01,56.52,13413099,0.0
2020-03-25,57.12,59.13,55.83,58.58,5162218,0.0
2020-03-26,56.27,57.82,55.03,56.32,8336556,0.0
2020-03-29,56.11,58.26,55.74,58.02,4221785,0.0
2020-03-30,57.72,58.15,56.3204,57.29,8462036,0.0
2020-03-31,54.1,55.23,53.25,54.85,3930624,0.0
2020-04-01,54.17,57.115,53.63,56.87,8875858,0.0
2020-04-02,56.61,57.66,55.9,56.78,7040983,0.0
2020-04-05,60.66,61.69,59.215,61.4,5225898,0.0
2020-04-06,64.33,64.82,60.8,61.18,4933045,0.0
2020-04-07,62.23,63.88,61.8,63.52,6221256,0.0
2020-04-08,63.89,64.8,63.1,64.01,4662997,0.0
2020-04-12,63.31,63.88,60.94,61.57,3707223,0.0
2020-04-13,62.12,63.39,62.05,62.55,5128806,0.0
2020-04-14,60.37,61.01,59.9,60.92,7537931,0.0
2020-04-15,61.21,61.21,58.965,60.64,8340896,0.0
2020-04-16,62.92,63.66,62.03,62.77,10111333,0.0
2020-04-19,61.015,62.57,60.27,61.01,9323678,0.0
2020-04-20,59.33,60.305,58.8,59.48,11520573,0.0
2020-04-21,60.65,61.24,59.47,60.73,7664467,0.0
2020-04-22,63.9,64.125,61.3,61.42,11853788,0.0
2020-04-23,62.58,63.89,61.375,63.87,9318272,0.0
2020-04-26,65.5,66.78,64.77,66.41,25827376,0.0
2020-04-27,67.16,67.64,65.83,66.88,9147689,0.0
2020-04-28,68.38,69.28,67.77,68.14,7140880,0.0
2020-04-29,67.02,67.82,66.01,66.25,13361174,0.0
2020-04-30,65.59,65.59,64.55,64.99,7052869,0.0
2020-05-03,64.72,64.72,63.05,63.74,3257423,0.0
2020-05-04,64.36,64.97,63.57,63.78,7471674,0.0
2020-05-05,63.95,64.22,62.52,62.64,4274797,0.0
2020-05-06,63.59,64.42,63.19,63.94,5763330,0.0
2020-05-07,64.75,66.3,64.68,66.11,4743778,0.0
2020-05-10,65.19,66.7,65.135,65.91,4933852,0.0
2020-05-11,66.2,66.2,64.14,64.16,4403878,0.0
2020-05-12,64.09,64.09,61.675,62.33,3681133,0.0
2020-05-13,61.92,63.09,60,63.01,3276669,0.0
2020-05-14,62.04,62.61,61.62,62,6685994,0.0
2020-05-17,64.49,66.9,64.05,66.4,6676226,0.0
2020-05-18,66.64,67.56,65.96,65.99,4123455,0.0
2020-05-19,68.84,69.81,68.11,68.36,4320180,0.0
2020-05-20,68.1,68.28,66.917,67.87,5699908,0.0
2020-05-21,67.5,68.63,67.42,68.53,4645408,0.0
2020-05-25,70.48,72.16,70.04,72.15,5145640,0.0
2020-05-26,72.79,73.93,72.71,73.61,10165794,0.0
2020-05-27,73.9829,74,70.705,71.27,4230379,0.0
2020-05-28,70.95,72.35,70.01,71.58,3395088,0.0
2020-05-31,70.98,71.58,70.33,70.86,4931048,0.0
2020-06-01,71.68,72.465,71.13,72.2,4980378,0.0
2020-06-02,73.41,74.87,73,74.69,5331454,0.0
2020-06-03,74.1,74.48,73.7,74.04,2683821,0.0
2020-06-04,75.95,76.91,74.93,75.08,4840483,0.0
2020-06-07,74.82,75.99,73.82,74.37,7722156,0.0
2020-06-08,73.57,74.22,73.06,73.67,6093846,0.0
2020-06-09,73.66,74.13,72.36,73.31,3319111,0.0
2020-06-10,71.78,72.4,68.22,68.26,8097138,0.0
2020-06-11,70.51,70.67,68.945,68.96,955039,0.0
2020-06-14,67.91,70.56,67.44,70.15,6026923,0.0
2020-06-15,72.56,72.57,69.585,70.36,6414257,0.0
2020-06-16,71.07,71.07,69.83,69.86,4479947,0.0
2020-06-17,69.24,70.12,69.08,69.44,4302798,0.0
2020-06-18,70.4,70.47,67.75,68.03,3952258,0.0
2020-06-21,67.75,68.67,67.07,68.61,2318413,0.0
2020-06-22,69.32,69.865,68.75,69.43,2606276,0.0
2020-06-23,68.43,68.86,67.44,67.53,3195899,0.0
2020-06-24,67.32,68.35,66.4126,68.23,2538240,0.0
2020-06-25,68,68.29,65.48,65.88,4728003,0.0
2020-06-28,66.57,68.52,66.34,68.52,3005455,0.0
2020-06-29,68.16,70.31,67.99,69.81,2686076,0.0
2020-06-30,69.86,70.29,67.87,68.24,2830034,0.0
2020-07-01,69.16,69.88,68.68,68.88,2163324,0.0
2020-07-05,69.73,70.68,69.69,70.22,2302229,0.0
2020-07-06,69.43,70.03,68.35,68.54,2374587,0.0
2020-07-07,68.64,69.25,68.17,69.07,2646371,0.0
2020-07-08,68.29,69.05,67.48,67.86,3594253,0.0
2020-07-09,67.69,68.09,67.16,67.52,3152409,0.0
2020-07-12,68.21,69.975,67.58,68.67,3211638,0.0
2020-07-13,68.06,69.45,67.8,69.34,3398720,0.0
2020-07-14,70.5,71.015,69.38,70.66,2945225,0.0
2020-07-15,70.29,71.87,70.2001,71.05,2305656,0.0
2020-07-16,71.65,72.45,71,72.16,2483265,0.0
2020-07-19,71.86,72.04,70.88,71.56,2467266,0.0
2020-07-20,71.92,72.59,71.6,72.44,2158395,0.0
2020-07-21,72.5,73.77,72.29,73.26,3778368,0.0
2020-07-22,72.07,72.95,71.19,71.57,2875762,0.0
2020-07-23,71.75,72.61,71.245,71.33,2694774,0.0
2020-07-26,70.99,72.205,70.92,71.54,2826542,0.0
2020-07-27,71.3,71.33,69.95,70.1,2649973,0.0
2020-07-28,70.69,72.13,70.3823,71.92,2592276,0.0
2020-07-29,70.98,71.3,70.06,70.25,2954570,0.0
2020-07-30,69.91,71.39,68.07,71.36,4813591,0.0
2020-08-02,71.1924,71.65,70.28,70.35,1862652,0.0
2020-08-03,70.17,70.78,69.795,70.76,2554515,0.0
2020-08-04,71.16,71.515,70.81,71.44,1919551,0.0
2020-08-05,71.45,72.65,71.22,72.26,2072933,0.0
2020-08-06,71.95,73.23,71.835,72.92,2449684,0.0
2020-08-09,73.92,74.43,73.6,74.07,3048661,0.0
2020-08-10,75.1,76.47,74.67,75.15,5184789,0.0
2020-08-11,75.58,76.31,74.93,75.04,2305950,0.0
2020-08-12,74.51,74.96,73.75,73.99,2113369,0.0
2020-08-13,73.67,74.67,73.49,74.25,2116784,0.0
2020-08-16,74.42,75.28,74.35,75,2290402,0.0
2020-08-17,75.19,75.19,74.32,74.43,2067888,0.0
2020-08-18,74.72,74.85,73.91,74.055,2403550,0.0
2020-08-19,73.3,74.17,73.25,73.91,2050863,0.0
2020-08-20,73.9,74.26,73.42,74.14,2708258,0.0
2020-08-23,74.5685,75.18,74.38,75.15,2338335,0.0
2020-08-24,75.59,75.93,74.82,75.83,2166757,0.0
2020-08-25,75.48,75.785,74.97,75.39,2466396,0.0
2020-08-26,75.99,76.73,75.28,76.18,2201393,0.0
2020-08-27,75.97,77.18,75.77,77.08,2241749,0.0
2020-08-30,77.18,77.56,76.15,76.43,2425989,0.0
2020-08-31,76.21,78.06,75.75,78.04,2765139,0.0
2020-09-01,77.95,78.65,77.165,77.68,4303178,0.0
2020-09-02,78.32,78.41,75.08,75.65,4193130,0.0
2020-09-03,76.23,76.97,74.41,75.53,3568040,0.0
2020-09-07,75.37,76.57,74.14,75.26,3534853,0.0
2020-09-08,75.73,77.875,75.68,76.65,3086061,0.0
2020-09-09,76.52,76.77,75.28,75.88,2852791,0.0
2020-09-10,76.25,77.42,76.06,77.16,2571568,0.0
2020-09-13,77.84,79.39,77.25,78.97,3053144,0.0
2020-09-14,79.74,81.1,79.25,80.27,4632480,0.0
2020-09-15,81.2,81.4,79.14,79.31,4340346,0.0
2020-09-16,77.99,80,77.38,79.5,3984074,0.0
2020-09-17,79.75,80.58,79.25,79.85,4777289,0.0
2020-09-20,78.3,78.76,76.31,77.62,3801829,0.0
2020-09-21,77.65,78.28,77.14,77.92,3114158,0.0
2020-09-22,78.6672,78.99,76.09,76.52,3092628,0.0
2020-09-23,76.07,77.55,75.38,76.56,3498049,0.0
2020-09-24,77.24,78.335,76.65,78.09,2842604,0.0
2020-09-27,79.16,79.72,78.5,79.4,2127697,0.0
2020-09-28,78.96,79.46,77.57,77.61,3172603,0.0
2020-09-29,78.39,79.23,77.38,77.6,3216634,0.0
2020-09-30,78.35,78.35,76.27,76.86,3277614,0.0
2020-10-01,76.78,77.87,76.31,77.14,2711335,0.0
2020-10-04,77.49,78.29,77.31,77.7,2373983,0.0
2020-10-05,77.97,78.4,76.47,76.73,2382359,0.0
2020-10-06,77.11,79.15,77.04,78.74,2578708,0.0
2020-10-07,78.9084,79.2,77.2,77.72,2995938,0.0
2020-10-08,77.97,78.94,77.97,78.48,1606728,0.0
2020-10-11,78.93,80.21,78.43,79.54,3875958,0.0
2020-10-12,80.46,80.99,78.96,79.1999,3409860,0.0
2020-10-13,79.685,81.25,79.5,80.51,2879663,0.0
2020-10-14,79.56,81.147,79.27,81.04,2120052,0.0
2020-10-15,80.52,81.34,80.08,80.1,2758404,0.0
2020-10-18,79.81,80.865,78.81,79.04,2077036,0.0
2020-10-19,79.3,81.22,79.16,80.14,2070156,0.0
2020-10-20,79.2,80.08,78.63,78.65,2975730,0.0
2020-10-21,82.16,84.81,81.015,81.73,6398107,0.0
2020-10-22,81.7,82.58,80.39,81.29,2628261,0.0
2020-10-25,80.33,80.39,78.32,78.87,2615024,0.0
2020-10-26,78.98,79.47,77.62,78.08,4135672,0.0
2020-10-27,76.475,77.56,75.74,75.9518,4375688,0.0
2020-10-28,75.67,78.94,75.39,77.88,4490057,0.0
2020-10-29,77.65,79.01,77.5,78.99,4288939,0.0
2020-11-01,80.325,82.11,79.25,81.79,4158594,0.0
2020-11-02,82.63,84.79,82.23,84.18,4474212,0.0
2020-11-03,85.46,87.55,84.56,84.81,5026399,0.0
2020-11-04,85.51,87.89,85,87.05,4653990,0.0
2020-11-05,87.18,87.69,85.62,86.17,2211686,0.0
2020-11-08,90.5,93.705,88.02,88.17,4218621,0.0
2020-11-09,87.75,91.88,87.18,91.45,5309479,0.0
2020-11-10,91.6,91.88,89.3,90.03,3623979,0.0
2020-11-11,89.49,90.55,88.92,89.74,3194302,0.0
2020-11-12,90.11,91.65,89.73,90.6,2418098,0.0
2020-11-15,92.23,92.81,91.28,92.03,1977259,0.0
2020-11-16,91.82,92.92,91.44,92.5,2030088,0.0
2020-11-17,92.84,93.64,91.29,91.3,2226599,0.0
2020-11-18,90.85,91.85,90.19,91.69,2371563,0.0
2020-11-19,91.53,92.28,90.94,91.57,1744040,0.0
2020-11-22,91.96,92.67,91.25,92.07,2534065,0.0
2020-11-23,93.4591,93.4591,92.22,92.89,7166376,0.0
2020-11-24,92.99,93.12,91.56,92.2,2007774,0.0
2020-11-26,92.49,92.72,91.14,91.29,1160042,0.0
2020-11-29,91.09,91.84,89.96,90.05,3707935,0.0
2020-11-30,90.92,92.08,90.35,90.61,4201863,0.0
2020-12-01,90.03,91.36,90.02,90.68,3265607,0.0
2020-12-02,90.99,91.595,89.97,90.43,3116888,0.0
2020-12-03,90.64,91.97,90.46,91.84,1789283,0.0
2020-12-06,91.45,92.32,91.1,92.04,2212239,0.0
2020-12-07,91.15,92.09,90.98,91.46,1580528,0.0
2020-12-08,91.68,92.285,91.2,91.7,1791649,0.0
2020-12-09,89.55,90.55,89.54,89.98,3328391,0.0
2020-12-10,89.21,90.685,89,90.45,2493128,0.0
2020-12-13,91.21,91.33,88.91,88.92,1953373,0.0
2020-12-14,89.88,90.52,88.84,90.17,2026391,0.0
2020-12-15,90.05,90.37,88.9703,89.1,2428215,0.0
2020-12-16,89.33,90.97,89.33,90.54,2203370,0.0
2020-12-17,90.48,90.98,89.45,90.66,2755665,0.0
2020-12-20,88.78,90.37,88.5701,89.69,1749744,0.0
2020-12-21,89.26,90.19,89.1,89.54,3741107,0.0
2020-12-22,89.89,90.51,89.22,89.68,3743286,0.0
2020-12-23,89.79,90.22,89.15,90.02,782792,0.0
2020-12-27,90.56,91.25,90.35,90.65,1312447,0.0
2020-12-28,90.95,91.225,88.69,89.29,2355587,0.0
2020-12-29,89.69,90.49,89.5,90.28,1521329,0.0
2020-12-30,89.96,90.91,89.66,90.76,2328610,0.0
2021-01-03,90.66,91.035,87.39,87.98,3428306,0.0
2021-01-04,87.88,90.09,87.81,89.52,2545338,0.0
2021-01-05,89.28,92.0278,89.24,91.86,3538654,0.0
2021-01-06,92.7,94.46,92.06,94.02,2868497,0.0
2021-01-07,93.86,96.27,93.86,95.84,3535101,0.0
2021-01-10,95.44,97.54,95.12,95.99,3348818,0.0
2021-01-11,95.142,96.45,94.75,95.87,2401684,0.0
2021-01-12,95.75,95.98,94.05,94.63,4177603,0.0
2021-01-13,94.71,94.85,93.28,93.49,1909154,0.0
2021-01-14,93.17,93.83,91.8981,93.44,2875308,0.0
2021-01-18,93.73,94.35,92.54,92.68,2175640,0.0
2021-01-19,93,93.34,92.11,93.19,2284728,0.0
2021-01-20,92.59,92.78,91.19,91.61,3400972,0.0
2021-01-21,89.455,90.49,87.53,87.56,5627165,0.0
2021-01-24,87.73,88.07,85.88,87.91,4464938,0.0
2021-01-25,87.96,88.74,86.6,86.84,2751501,0.0
2021-01-26,85.34,85.91,83.11,83.87,5555986,0.0
2021-01-27,85.37,87.81,84.43,86.68,4278745,0.0
2021-01-28,86.01,87.5,85.53,85.755,3815543,0.0
2021-01-31,86.175,87.57,86.175,87.05,3361574,0.0
2021-02-01,87.57,90.16,87.15,89.71,3500186,0.0
2021-02-02,89.56,90.02,89.07,89.31,2022963,0.0
2021-02-03,89.33,89.789,87.87,88.46,3456584,0.0
2021-02-04,89.44,89.53,88.5,88.56,2759140,0.0
2021-02-07,88.27,88.53,86.975,87.26,4297528,0.0
2021-02-08,86.81,88.715,86.01,88.47,3160768,0.0
2021-02-09,89.16,89.39,87.62,88.19,2594861,0.0
2021-02-10,88.94,89.16,87.67,88.75,2272022,0.0
2021-02-11,88.6,90.41,88.6,90.13,3016854,0.0
2021-02-15,90.42,91.12,90.09,90.74,3816836,0.0
2021-02-16,90.3,90.705,89.1,89.97,2799230,0.0
2021-02-17,89.32,90.49,88.6,90.02,2956143,0.0
2021-02-18,90.21,92.35,90.09,92.05,2790662,0.0
2021-02-21,91.58,93.56,91.33,92.58,3941065,0.0
2021-02-22,92.73,93.71,91.02,91.68,3140293,0.0
2021-02-23,91.08,93.91,90.97,93.39,2306812,0.0
2021-02-24,93.3164,93.34,91.7341,92.16,3332905,0.0
2021-02-25,92.55,92.9,91.08,91.54,2981642,0.0
2021-02-28,92.99,93.54,92.4701,92.94,2085023,0.0
2021-03-01,92.94,93.02,91.59,92.16,1831488,0.0
2021-03-02,92.06,92.23,91.05,91.13,1935791,0.0
2021-03-03,91.08,91.48,87.15,88.31,3858935,0.0
2021-03-04,89.5442,91.86,87.93,91.63,2553126,0.0
2021-03-07,91.79,94.44,91.6,92.53,2989858,0.0
2021-03-08,93.32,94.04,92.68,92.74,2096915,0.0
2021-03-09,93.01,94.16,92.5,93.58,2092194,0.0
2021-03-10,94.12,94.89,93.65,93.82,2017745,0.0
2021-03-11,93.58,94.28,93.49,93.85,1793586,0.0
2021-03-14,93.65,93.98,92.25,93.48,2236630,0.0
2021-03-15,93.77,93.87,91.44,91.9,2569417,0.0
2021-03-16,91.79,92.7,91.01,92.14,3159630,0.0
2021-03-17,91.46,93.17,91.41,92.54,3640668,0.0
2021-03-18,92.85,93,90.48,90.67,7972539,0.0
2021-03-21,94.81,95.2,93.23,93.78,6056461,0.0
2021-03-22,93.47,94.89,92.61,92.93,2776006,0.0
2021-03-23,93.1884,95.28,93.02,94.16,3550844,0.0
2021-03-24,93.97,95.83,93.02,95.54,2618001,0.0
2021-03-25,95.73,97.73,95.39,97.67,2513335,0.0
2021-03-28,97.93,98.085,96.04,96.6,2554860,0.0
2021-03-29,96.01,97.3,95.96,96.38,2690443,0.0
2021-03-30,95.66,97.09,95.66,96.39,2141435,0.0
2021-03-31,97.09,97.34,96.35,97.29,2238158,0.0
2021-04-04,97.79,98.85,97.64,98.59,1865014,0.0
2021-04-05,98.32,98.52,97.07,97.1,2210201,0.0
2021-04-06,97.59,97.63,96.4788,96.95,1585849,0.0
2021-04-07,97.19,97.2,96.34,96.48,1958261,0.0
2021-04-08,96.85,98.49,96.65,98.32,1675813,0.0
2021-04-11,97.64,98.76,97.1,98.58,1831307,0.0
2021-04-12,98.08,98.46,97.19,97.8,1675788,0.0
2021-04-13,98,98.57,97.64,98.36,2552607,0.0
2021-04-14,98.75,99.34,98.31,98.88,2467936,0.0
2021-04-15,99.65,99.75,98.18,98.58,2416742,0.0
2021-04-18,98.27,98.85,97.97,98.7,2134236,0.0
2021-04-19,100.17,101.35,98.07,98.46,4425172,0.0
2021-04-20,98.88,103.36,98.77,102.64,6697956,0.0
2021-04-21,101.72,103.74,101.3001,101.82,4308722,0.0
2021-04-22,101.8,103.615,101.46,103.11,2546678,0.0
2021-04-25,103.03,103.64,102.2,102.31,2859703,0.0
2021-04-26,102.1,102.29,101.4,101.92,2712987,0.0
2021-04-27,101.59,102.495,101.35,101.47,3459852,0.0
2021-04-28,102,102,99.89,101.2,3958941,0.0
2021-04-29,100.92,101.77,100.545,100.76,3053359,0.0
2021-05-02,101.54,102.08,101.24,101.37,1866096,0.0
2021-05-03,101.02,102.04,100.88,101.66,3347815,0.0
2021-05-04,101.95,102.36,101,101.18,2483400,0.0
2021-05-05,101.83,102.61,101.565,102.56,2106198,0.0
2021-05-06,102.34,103.53,101.86,103.13,2003662,0.0
2021-05-09,103.63,104.87,103.1,103.15,2803049,0.0
2021-05-10,102.83,102.88,101.32,101.52,4167810,0.0
2021-05-11,100.94,101.5,99.49,99.67,2881808,0.0
2021-05-12,99.61,101.26,99.26,100.72,4171704,0.0
2021-05-13,101.55,102.52,101.22,101.7,2771967,0.0
2021-05-16,101.9,102.32,99.85,100.4,3979209,0.0
2021-05-17,100.28,100.5,98.84,98.88,3029700,0.0
2021-05-18,97.87,98.58,97.07,98.37,3237710,0.0
2021-05-19,98.07,98.805,97.435,98.28,2687723,0.0
2021-05-20,98.56,99.57,97.82,98.29,3341647,0.0
