Date,Open,High,Low,Close,Volume,OpenInterest
2017-05-30,78.27,78.38,76.43,77.7,2854105,0.0
2017-05-31,78.03,80.58,78.01,80.56,3463635,0.0
2017-06-01,80.49,80.93,79.85,80.42,1459205,0.0
2017-06-04,80.15,80.34,78.49,79.28,1936908,0.0
2017-06-05,78.61,78.61,76.25,76.88,3644093,0.0
2017-06-06,77.33,77.33,75,75.41,6216762,0.0
2017-06-07,75.79,77.09,74.66,74.83,2266054,0.0
2017-06-08,74.85,75.88,74.4,75.38,1860102,0.0
2017-06-11,75.43,76.77,74.95,75.35,1600117,0.0
2017-06-12,75.27,75.875,74.87,75.5,1126775,0.0
2017-06-13,75.52,75.85,74.695,75.27,1289325,0.0
2017-06-14,74.82,75.5799,72.34,72.73,3414168,0.0
2017-06-15,69.67,70.6338,65.63,70.08,9922880,0.0
2017-06-18,70.53,71,69.445,70.54,3881642,0.0
2017-06-19,70.62,70.69,68.73,68.94,3030697,0.0
2017-06-20,69.04,69.75,67.6,68.05,3389664,0.0
2017-06-21,68.1,68.5351,67.61,67.68,2496085,0.0
2017-06-22,67.38,67.67,66.172,66.6,4351876,0.0
2017-06-25,66.81,68.53,66.53,68.48,5558456,0.0
2017-06-26,68.3,70.3,68.25,69.22,4969166,0.0
2017-06-27,70.48,70.81,69.37,69.97,3496713,0.0
2017-06-28,69.83,70.42,69.3375,69.73,2264287,0.0
2017-06-29,70.01,70.41,69.2301,69.93,2224710,0.0
2017-07-02,70.03,70.66,69.34,69.87,717863,0.0
2017-07-04,69.95,70.06,67.705,68.2,3550306,0.0
2017-07-05,67.95,68.29,67.55,67.92,2302142,0.0
2017-07-06,68,68.69,67.67,67.99,1445134,0.0
2017-07-09,67.9,68.02,66.01,66.41,2585606,0.0
2017-07-10,66.53,67.42,66.39,66.89,2259181,0.0
2017-07-11,67.35,68.07,67.03,67.4,1172103,0.0
2017-07-12,68,68.92,67.85,68.56,2352840,0.0
2017-07-13,68.79,69.15,68.2,69.11,1957743,0.0
2017-07-16,69.11,70.88,69.11,69.87,2098467,0.0
2017-07-17,69.87,70.01,68.82,69.27,1374581,0.0
2017-07-18,69.53,70.39,69.31,70.34,1756579,0.0
2017-07-19,70.6,71.15,70.09,70.77,2514001,0.0
2017-07-20,70.62,71.36,70.52,70.88,2217753,0.0
2017-07-23,70.6,70.6,68.66,69.29,2161533,0.0
2017-07-24,69.38,71.02,69.17,70.6,1617526,0.0
2017-07-25,70.3,71,69.54,70.915,1296743,0.0
2017-07-26,70.97,72.42,70.37,72.23,1922850,0.0
2017-07-27,71.97,72.38,71.17,71.79,1423402,0.0
2017-07-30,72,72.33,71.19,72.08,989067,0.0
2017-07-31,72.1,73.1399,71.79,73.02,1752089,0.0
2017-08-01,72.74,73.37,72.23,72.96,1735044,0.0
2017-08-02,73.12,74.3,73.08,73.52,2071776,0.0
2017-08-03,73.73,74.21,73.23,74.11,1557783,0.0
2017-08-06,74.57,75.92,74.505,75.52,2934453,0.0
2017-08-07,75.53,76.06,75.32,75.73,1729642,0.0
2017-08-08,75.14,75.57,74.42,74.91,2376394,0.0
2017-08-09,74.26,74.29,72.78,73.09,2297702,0.0
2017-08-10,73.01,73.89,72.85,73.5,1431157,0.0
2017-08-13,74.05,75.7,73.95,74.6,1937804,0.0
2017-08-14,74.57,74.89,73.31,73.46,2715761,0.0
2017-08-15,74.26,75.04,74.22,74.44,3852068,0.0
2017-08-16,74.03,74.809,73.2,74.3497,1934472,0.0
2017-08-17,74.24,74.87,74.2,74.22,1737656,0.0
2017-08-20,74.22,74.67,73.74,74.25,1990269,0.0
2017-08-21,74.51,75.43,74.51,74.95,1383480,0.0
2017-08-22,74.63,74.95,73.86,74.31,3801091,0.0
2017-08-23,82.21,82.255,77.57,78.53,10844636,0.0
2017-08-24,79.88,80.7799,77.92,80.4,3929295,0.0
2017-08-27,80.78,81.5,80.21,80.39,1882706,0.0
2017-08-28,79.59,80.3,79.43,79.69,1232926,0.0
2017-08-29,79.76,80.16,79.34,79.72,1858442,0.0
2017-08-30,79.23,80.23,78.32,79.64,2938458,0.0
2017-08-31,79.79,81.29,79.66,81.05,1806596,0.0
2017-09-04,81.41,83.32,81.37,82.5,2693360,0.0
2017-09-05,82.47,83.29,82.23,82.72,2088949,0.0
2017-09-06,82.85,83.49,82.67,83.23,1754945,0.0
2017-09-07,83.35,83.95,81.71,82.83,2077901,0.0
2017-09-10,83.14,83.51,82.2,83.39,2417636,0.0
2017-09-11,83.32,84.56,83.16,83.97,1309383,0.0
2017-09-12,83.97,84.9,83.6586,84.4,1681367,0.0
2017-09-13,84.14,84.4,83.13,83.45,1256142,0.0
2017-09-14,83.59,84.31,83,83.44,1949172,0.0
2017-09-17,83.45,84.56,83.05,83.19,1285299,0.0
2017-09-18,83.31,83.545,82.3601,83.43,1821919,0.0
2017-09-19,83.44,83.96,82.29,83.42,1183191,0.0
2017-09-20,83.44,83.54,82.4,83.14,860477,0.0
2017-09-21,83.12,84.8,83.04,84.62,1704177,0.0
2017-09-24,84.08,86.0227,84.08,84.99,1496432,0.0
2017-09-25,85.21,86.05,84.75,84.9,1146494,0.0
2017-09-26,85.27,86.22,84.37,85.67,1448645,0.0
2017-09-27,85.13,85.82,84.65,85.69,1443485,0.0
2017-09-28,85.68,87.19,85.68,86.83,1300066,0.0
2017-10-01,86.6,86.92,86.18,86.47,1130888,0.0
2017-10-02,86.75,87.37,86.36,86.83,1222497,0.0
2017-10-03,88,89.77,87.62,89.05,3198102,0.0
2017-10-04,89.04,89.9,88.63,89.15,1668692,0.0
2017-10-05,88.64,89.5,88.34,89.4,1982301,0.0
2017-10-08,89.61,89.61,87.9215,88.36,1428750,0.0
2017-10-09,88.56,90.51,88.5,89.31,1494369,0.0
2017-10-10,89.2,91.39,89.13,91.22,2017967,0.0
2017-10-11,91.23,91.5,89.95,91.37,1630609,0.0
2017-10-12,90.16,92.15,89.94,91.51,1664766,0.0
2017-10-15,91.11,92.05,91.06,91.95,1459847,0.0
2017-10-16,91.7,92.22,91.15,91.53,926206,0.0
2017-10-17,91.45,92.05,91.26,91.47,1140970,0.0
2017-10-18,91.4,91.93,90.8,91.41,974945,0.0
2017-10-19,91.85,92.55,91.58,92.37,1176308,0.0
2017-10-22,92.43,93.68,91.58,91.72,1255867,0.0
2017-10-23,91.61,92.31,91.13,91.78,1607015,0.0
2017-10-24,91.48,91.9,91.06,91.61,865834,0.0
2017-10-25,92.12,93.34,91.78,93.24,1174285,0.0
2017-10-26,92.02,93.33,90.85,93.21,1720676,0.0
2017-10-29,92.44,92.92,90.3,91.43,1782623,0.0
2017-10-30,91.63,92.21,91.05,91.25,984480,0.0
2017-10-31,91.6,92.06,90.34,91.12,1245887,0.0
2017-11-01,91.2,94.8,90.89,92.55,1798805,0.0
2017-11-02,93.32,94.49,92.815,93.74,2112544,0.0
2017-11-05,93.48,93.74,92.335,93.41,1058203,0.0
2017-11-06,93.47,93.78,92.48,93.61,983316,0.0
2017-11-07,93.32,94.6599,93.1,93.88,892600,0.0
2017-11-08,93.35,95.09,93.35,94.38,1331273,0.0
2017-11-09,94.14,95.64,93.92,95.06,1635456,0.0
2017-11-12,94.71,95.4605,92.98,93.7,1321565,0.0
2017-11-13,93.48,93.57,92.3,93.44,1573746,0.0
2017-11-14,92.83,93.76,91.305,93.11,1493606,0.0
2017-11-15,93.56,94.975,93.15,94.62,1677136,0.0
2017-11-16,94.79,95.22,93.99,94.61,1412043,0.0
2017-11-19,95.12,97.24,94.71,97.11,4551618,0.0
2017-11-20,100.18,100.54,95.44,99.46,6257761,0.0
2017-11-21,99.23,100.74,98.99,99.78,2496321,0.0
2017-11-23,99.7,99.7,98.03,98.38,1450894,0.0
2017-11-26,98.32,98.98,97.7,98.2,1930431,0.0
2017-11-27,98.39,101.09,98.38,100.95,1647214,0.0
2017-11-28,101.31,104.4,101.01,104.13,2586370,0.0
2017-11-29,104.15,105.14,102.65,102.721,2405085,0.0
2017-11-30,101.82,103.91,100.645,102.97,1859599,0.0
2017-12-03,104.49,107.11,104.41,106.37,2208263,0.0
2017-12-04,106.26,106.94,104.78,105.89,1521035,0.0
2017-12-05,106.19,106.52,105.174,105.52,1558592,0.0
2017-12-06,107.93,108.07,106.14,107.31,1708261,0.0
2017-12-07,107.58,108.9,107.17,108.66,1721545,0.0
2017-12-10,108.67,108.69,105.45,107.05,1908327,0.0
2017-12-11,107.58,109,106.1,106.23,1857565,0.0
2017-12-12,106,106.55,105.25,105.59,1477596,0.0
2017-12-13,106.15,106.78,104,104.66,1420180,0.0
2017-12-14,105.21,107.27,104.26,106.28,1902954,0.0
2017-12-17,107.06,109.5,106.45,109.1,1946324,0.0
2017-12-18,109.52,110.855,108.51,109.16,1340713,0.0
2017-12-19,109.72,110.75,108.31,108.94,1126719,0.0
2017-12-20,109.32,109.63,108.32,108.47,950878,0.0
2017-12-21,108.45,109.74,107.79,109.46,1100894,0.0
2017-12-25,109.58,110.69,108.2,108.5,855956,0.0
2017-12-26,108.5,108.77,107.12,107.48,1361818,0.0
2017-12-27,108,108.41,107.45,108.07,926993,0.0
2017-12-28,107.86,108.7,107.27,107.32,930844,0.0
2018-01-01,108.18,109.21,107.99,108.66,962951,0.0
2018-01-02,109.06,109.48,107.58,107.995,1066455,0.0
2018-01-03,108.1,109.76,106.5,108.88,1368421,0.0
2018-01-04,109.42,111.23,109.29,111.14,1476941,0.0
2018-01-07,110.76,111.63,109.05,109.07,1193563,0.0
2018-01-08,109.5,109.815,108.66,109.69,1199987,0.0
2018-01-09,109.16,109.94,108.78,109.63,747018,0.0
2018-01-10,109.66,111.69,109.18,111.35,1540936,0.0
2018-01-11,112.1,115.05,111.64,114.84,1895482,0.0
2018-01-15,115.49,115.89,112.55,112.88,1522574,0.0
2018-01-16,114.49,114.79,112.57,112.8,1429302,0.0
2018-01-17,113.07,113.33,111.57,112.9,1032525,0.0
2018-01-18,113.1,115,112.34,114.72,1347674,0.0
2018-01-21,114.74,115.04,113.43,115.04,1036849,0.0
2018-01-22,115.1,116.2799,113.86,114.72,1590639,0.0
2018-01-23,114.41,115.485,112.72,114.34,1276991,0.0
2018-01-24,114.68,115.52,113.06,115.1,1051559,0.0
2018-01-25,115,115.5,113.83,115.41,1193037,0.0
2018-01-28,115.03,116.58,114.54,116.36,1227212,0.0
2018-01-29,115.99,116.46,114.34,114.65,1454537,0.0
2018-01-30,114.77,116.65,113.74,115.01,1158329,0.0
2018-01-31,113.6,114.89,111.7445,113.87,1063694,0.0
2018-02-01,112.53,112.89,108.67,108.83,1580936,0.0
2018-02-04,108.4,110.44,105.24,105.25,1383565,0.0
2018-02-05,103.03,108.485,101.071,107.85,2036688,0.0
2018-02-06,107.07,108.7599,106.06,106.1,1421918,0.0
2018-02-07,105.74,106.35,101.54,101.58,2225389,0.0
2018-02-08,102.33,108.91,101.54,107.54,3365905,0.0
2018-02-11,108.19,108.692,103.6825,104.71,3247233,0.0
2018-02-12,103.73,106.82,103.72,104.84,2041810,0.0
2018-02-13,103.79,107.77,103.2125,105.87,2176542,0.0
2018-02-14,106.02,108.58,105.27,108.58,1580760,0.0
2018-02-15,108.25,109.57,107.56,107.95,1425098,0.0
2018-02-19,105.75,109.23,104.59,106.81,1934936,0.0
2018-02-20,106.81,108.26,105.57,105.68,1053512,0.0
2018-02-21,106.5,107.845,106.11,107.02,852786,0.0
2018-02-22,107.67,107.7,104.46,106.61,1968610,0.0
2018-02-25,107.5,108.83,106.01,106.23,1969501,0.0
2018-02-26,106.32,107.41,103.09,103.95,2343052,0.0
2018-02-27,104.57,105.11,102.61,102.64,2437598,0.0
2018-02-28,102.94,105.4,102.07,104.09,2104226,0.0
2018-03-01,103.38,105.59,102.12,104.41,1705789,0.0
2018-03-04,103.48,103.85,100.2439,102.66,2436926,0.0
2018-03-05,102.95,104.73,101.17,104.36,3692052,0.0
2018-03-06,90.36,96,86.85,89.2,18919726,0.0
2018-03-07,91,93.78,90.72,91.32,10286748,0.0
2018-03-08,91.89,92.75,91.08,92.71,3695851,0.0
2018-03-11,93.01,94.955,92.695,94.3,3364189,0.0
2018-03-12,94.48,96.24,94.21,94.44,3762764,0.0
2018-03-13,94.4,94.59,92.17,92.82,2400281,0.0
2018-03-14,94.08,95.43,93.45,94.16,1944973,0.0
2018-03-15,94.39,95.92,93.76,95.69,2827334,0.0
2018-03-18,95.31,95.74,93.9587,94.6,2296832,0.0
2018-03-19,94.49,95.0125,93.35,94.96,2145890,0.0
2018-03-20,94.46,95.91,94.05,94.74,2872010,0.0
2018-03-21,93.4,94.84,92.61,93.54,3044171,0.0
2018-03-22,93.7,94.25,91.81,91.98,2115877,0.0
2018-03-25,95.13,95.96,93.65,95.21,2054052,0.0
2018-03-26,95.68,95.68,93.06,93.62,1011124,0.0
2018-03-27,93.53,95.28,93.53,93.9,1350461,0.0
2018-03-28,94.57,95.47,94.35,94.9,1598928,0.0
2018-04-01,94.29,94.99,93.16,94.4,1957360,0.0
2018-04-02,95.27,95.67,94.33,94.88,1358887,0.0
2018-04-03,94.22,97.8,93.7,97.56,1360236,0.0
2018-04-04,97.94,100.07,96.69,99,2237948,0.0
2018-04-05,98.07,99.76,97.28,98.72,2315641,0.0
2018-04-08,99.54,100.24,98.65,98.72,1193999,0.0
2018-04-09,100,100.3,97.93,99.07,1398913,0.0
2018-04-10,98.45,99.03,97.92,98.26,1173583,0.0
2018-04-11,98.52,99.53,98.01,98.09,1154571,0.0
2018-04-12,98.69,98.8,96.66,97.11,1209405,0.0
2018-04-15,97.43,97.88,96.3001,97.54,1231012,0.0
2018-04-16,98.18,99.25,97.97,98.88,1042044,0.0
2018-04-17,100.43,101.75,100.19,100.515,1273393,0.0
2018-04-18,100.16,100.38,97.92,98.91,1426465,0.0
2018-04-19,98.67,98.8,96.92,97.55,1692848,0.0
2018-04-22,97.43,98.02,96.47,97.51,1097885,0.0
2018-04-23,98.39,98.39,96.01,96.52,1365660,0.0
2018-04-24,96.34,97.52,95.115,96.91,1099862,0.0
2018-04-25,96.86,97.58,95.58,96.95,2450450,0.0
2018-04-26,96.75,97.76,96.465,97.35,1474896,0.0
2018-04-29,97.81,98.1,95.89,95.9,1184181,0.0
2018-04-30,95.83,96.34,95.02,95.94,1035479,0.0
2018-05-01,95.5,97.02,94.8,96.22,1070673,0.0
2018-05-02,95.68,96.075,94.39,95.56,817426,0.0
2018-05-03,95.15,95.15,93.02,93.6,2482681,0.0
2018-05-06,93.62,93.98,92.2,92.8,1856220,0.0
2018-05-07,92.92,94.45,92.51,93.67,1505863,0.0
2018-05-08,93.29,93.95,92.08,93.55,1581728,0.0
2018-05-09,93.39,93.92,92.34,92.62,1845239,0.0
2018-05-10,91.88,93.95,90.21,93.9,2398258,0.0
2018-05-13,93.93,95.24,93.8,94.86,1756613,0.0
2018-05-14,94.01,96.08,94.01,95.3,1191876,0.0
2018-05-15,95.01,96.66,94.2,94.5,2333664,0.0
2018-05-16,94.71,95,93.8,94.3,1198225,0.0
2018-05-17,93.77,94.33,93.05,93.1,2551056,0.0
2018-05-20,93.78,94.72,93.51,93.82,1463418,0.0
2018-05-21,94.17,95.12,93.48,93.57,1342803,0.0
2018-05-22,92.5,93.73,92.2653,93.69,1372300,0.0
2018-05-23,93.69,95.195,93.67,94.65,1711740,0.0
2018-05-24,94.69,96.04,94.19,95.19,1785073,0.0
2018-05-28,95.01,95.71,94.105,94.9,2219238,0.0
2018-05-29,95.61,96.71,94.7,96.33,2631554,0.0
2018-05-30,88.27,96.35,81.31,82.6,16297845,0.0
2018-05-31,83.15,83.4,81.01,81.27,6806704,0.0
2018-06-03,81.08,81.69,80.01,81.21,4871149,0.0
2018-06-04,81.4,83.29,81.21,82.94,4908309,0.0
2018-06-05,83.23,83.68,81,81.59,3773568,0.0
2018-06-06,82.05,82.48,81.08,81.98,3455677,0.0
2018-06-07,81.96,82.91,81.875,82.64,3143870,0.0
2018-06-10,82.5,84.25,82.47,83.95,2479595,0.0
2018-06-11,84.1,87.07,83.96,86.6,3871745,0.0
2018-06-12,86.72,88.78,86.31,87.98,4292792,0.0
2018-06-13,88.2,88.64,87.19,88.35,2695243,0.0
2018-06-14,88.27,88.5802,87.29,88.01,2593976,0.0
2018-06-17,87.46,89.1,87.1,88.4,2449474,0.0
2018-06-18,87.6,87.79,86.27,87.28,2133677,0.0
2018-06-19,87.88,88.24,85.93,86.57,1709753,0.0
2018-06-20,86.52,87.35,86.06,86.22,1412484,0.0
2018-06-21,86.58,87.38,86.375,86.98,1910221,0.0
2018-06-24,87.12,87.36,85.94,86.56,1297762,0.0
2018-06-25,86.61,86.72,84.77,85.15,1828673,0.0
2018-06-26,85.32,85.32,83.5,83.51,1768670,0.0
2018-06-27,83.62,85.48,82.04,85,2745657,0.0
2018-06-28,85,86.4,84.77,85.01,1617854,0.0
2018-07-01,84.53,84.74,83.32,84.05,1571998,0.0
2018-07-02,84.3,84.864,83.46,83.57,618991,0.0
2018-07-04,83.72,84.13,83.21,84,1274908,0.0
2018-07-05,84.23,85.53,83.88,84.65,1131748,0.0
2018-07-08,84.65,85.83,84.26,84.67,1791764,0.0
2018-07-09,84.82,85.92,84.5,85.83,1349561,0.0
2018-07-10,85.73,85.84,83.73,85.22,1924854,0.0
2018-07-11,85.65,86,84.88,85.73,1424919,0.0
2018-07-12,85.95,87.09,85.55,86.74,1542169,0.0
2018-07-15,86.66,86.69,85.241,86.09,1252998,0.0
2018-07-16,86.08,87.44,85.81,86.73,1715083,0.0
2018-07-17,86.58,86.98,85.445,86.63,1560219,0.0
2018-07-18,86.71,87.82,86.23,87.49,1630869,0.0
2018-07-19,87.25,87.32,85.96,86.45,2198535,0.0
2018-07-22,86.34,88.36,86.12,87.98,2433912,0.0
2018-07-23,87.72,88.98,87.68,88.28,2322235,0.0
2018-07-24,88.42,89.76,88.1025,89.41,2410806,0.0
2018-07-25,89.79,90.79,89.1,89.22,1968368,0.0
2018-07-26,89.55,90.01,87.46,88,1639612,0.0
2018-07-29,87.92,90.07,87.6,90.03,2921495,0.0
2018-07-30,90,91.33,89.4,91.29,2669801,0.0
2018-07-31,91.02,91.25,89.46,89.885,5346971,0.0
2018-08-01,89.56,91.04,89.42,90.65,1839719,0.0
2018-08-02,90.69,90.869,89.86,90.28,1103376,0.0
2018-08-05,90.35,91.17,89.85,90.79,1337476,0.0
2018-08-06,91.18,93.4,90.98,92.89,1745047,0.0
2018-08-07,92.88,92.88,91.27,91.61,1763011,0.0
2018-08-08,91.73,92.99,91.53,92.71,1134868,0.0
2018-08-09,92.06,93.13,91.91,92.42,967552,0.0
2018-08-12,93.86,94.95,92.17,92.94,2995449,0.0
2018-08-13,93,94.84,93,94.53,2184532,0.0
2018-08-14,93.84,94.41,93.6127,94.24,2319068,0.0
2018-08-15,95.3,96,94.13,95.05,2433363,0.0
2018-08-16,94.93,96.09,94.28,95.61,1575653,0.0
2018-08-19,96,96,94.909,94.99,2437561,0.0
2018-08-20,95.3,95.65,94.86,95,2118207,0.0
2018-08-21,94.88,95,93.14,93.32,3588580,0.0
2018-08-22,93.14,94.76,92.5,94.16,2704443,0.0
2018-08-23,93.9,94.16,93.01,93.46,1430136,0.0
2018-08-26,94.22,94.48,92.8475,93.07,2531305,0.0
2018-08-27,93.03,93.89,92.84,93.38,3608526,0.0
2018-08-28,93.38,94.51,92.721,94.45,3615371,0.0
2018-08-29,89.6,90.38,79.77,79.775,23741663,0.0
2018-08-30,80.36,81.05,79.5,80.51,6684393,0.0
2018-09-03,80.45,81.7,79.17,79.99,7917372,0.0
2018-09-04,79.76,83.04,79.46,82.65,6652791,0.0
2018-09-05,82.92,83.29,81.44,82.11,4770268,0.0
2018-09-06,81.6,82.27,80.78,82.25,4555882,0.0
2018-09-09,82.42,83.97,82.41,83.91,4226036,0.0
2018-09-10,83.89,84.7,83.4,83.8,4116744,0.0
2018-09-11,83.87,85.09,83.39,84.97,3567635,0.0
2018-09-12,84.97,85.27,83.83,84.42,2353861,0.0
2018-09-13,84.27,84.87,83.57,84.58,2304818,0.0
2018-09-16,84.71,86,84.4,85.5,3864960,0.0
2018-09-17,85,85.66,84.56,85.2,3908707,0.0
2018-09-18,85.73,85.73,84.02,84.27,4637103,0.0
2018-09-19,84.6,86.3,84.05,86.23,5375463,0.0
2018-09-20,86.71,86.71,84.67,85.07,3067211,0.0
2018-09-23,84.6,85.93,84.23,85.63,2123238,0.0
2018-09-24,84.44,85.56,84.01,85.26,3156372,0.0
2018-09-25,85.71,85.71,84.295,84.36,3798233,0.0
2018-09-26,84.18,84.41,81.93,82.06,3040588,0.0
2018-09-27,82.39,82.39,80.94,81.55,2549508,0.0
2018-09-30,81.91,82.69,81.56,82.2,2896687,0.0
2018-10-01,82.41,82.97,81.43,81.64,2209675,0.0
2018-10-02,81.64,82.15,80.83,81.53,2382203,0.0
2018-10-03,81.12,81.68,80.85,81.11,2406026,0.0
2018-10-04,81.3858,81.63,80.22,80.64,3416676,0.0
2018-10-07,81.085,82.47,80.7,82.27,1830527,0.0
2018-10-08,83.6,85.46,82.55,82.86,5013137,0.0
2018-10-09,82.89,85.1,82.34,84.24,3201353,0.0
2018-10-10,83.81,84.4096,78.78,79.51,8071629,0.0
2018-10-11,81.16,81.43,79.66,81.15,3414994,0.0
2018-10-14,80.37,81.5644,79.94,80.98,2375176,0.0
2018-10-15,81.29,86.98,80.47,86.5,10494482,0.0
2018-10-16,86.3,87.38,84.91,85.31,3001754,0.0
2018-10-17,85.36,86.51,84.39,84.81,1924308,0.0
2018-10-18,85.4,85.5,83.51,84.51,2553796,0.0
2018-10-21,84.82,85.31,83.12,83.52,1862699,0.0
2018-10-22,82.5,84.37,82.235,83.89,1864744,0.0
2018-10-23,84,85.08,82.16,82.42,2834170,0.0
2018-10-24,82.94,83.87,82.37,83.02,2283590,0.0
2018-10-25,82.12,84.08,81.34,83.27,2020703,0.0
2018-10-28,84.25,85.57,82.7,83.77,2829066,0.0
2018-10-29,84.21,85.08,83.68,84.34,1475496,0.0
2018-10-30,85,85.04,83.52,84.29,1768521,0.0
2018-10-31,84.22,85.61,83.84,84.9,1573448,0.0
2018-11-01,85.42,86.15,84.96,85.15,2452543,0.0
2018-11-04,85.21,86.48,84.9,86.07,1504282,0.0
2018-11-05,85.89,86.36,85.34,86.1,1422680,0.0
2018-11-06,86.61,86.8057,85.63,86.44,2130211,0.0
2018-11-07,86.42,88.33,86.12,87.85,2360302,0.0
2018-11-08,87.69,87.94,85.93,86.38,1548899,0.0
2018-11-11,86.81,87.15,85.45,85.99,2285125,0.0
2018-11-12,86.39,87.23,85.92,86.93,1130957,0.0
2018-11-13,86.95,87.54,85.3,85.51,2687817,0.0
2018-11-14,85.14,85.92,83.03,85.54,2623092,0.0
2018-11-15,84.98,85.45,83.38,84.2,2583745,0.0
2018-11-18,84.15,85.45,83.55,84.03,1880054,0.0
2018-11-19,82,82.64,81.21,81.52,3471023,0.0
2018-11-20,81.93,83.08,81.5201,82.12,2175751,0.0
2018-11-22,81.89,83.34,81.4763,83.02,1135027,0.0
2018-11-25,84.94,84.94,82.02,83.14,3333480,0.0
2018-11-26,82.61,83.14,81.02,81.81,4257711,0.0
2018-11-27,82.13,83.77,81.73,83.29,4972422,0.0
2018-11-28,84.54,88.92,84.01,88.48,11654854,0.0
2018-11-29,88.63,89.48,86.73,86.77,5929292,0.0
2018-12-02,87.6,88.3,85.52,86.67,4782128,0.0
2018-12-03,86.35,87.15,84.83,86.25,3372086,0.0
2018-12-05,85.89,86.3,84.99,86.25,2853729,0.0
2018-12-06,85.15,85.85,83.23,83.39,2658710,0.0
2018-12-09,83.75,84.07,81.71,83.83,2322663,0.0
2018-12-10,84.67,86.04,83.76,84.81,2181179,0.0
2018-12-11,85.66,86.05,84.345,84.58,1522968,0.0
2018-12-12,84.77,85.48,84.11,85.03,1580982,0.0
2018-12-13,86.36,86.97,85.24,85.86,2792674,0.0
2018-12-16,85.74,86.95,84.5,85.02,3223511,0.0
2018-12-17,85.57,86.56,85.47,85.83,2654244,0.0
2018-12-18,85.9,87.83,85.6,86.22,3660914,0.0
2018-12-19,86.27,86.43,83.21,83.77,3004774,0.0
2018-12-20,83.93,85.58,83.02,83.48,3870190,0.0
2018-12-23,83.39,83.97,82.21,83.35,1299400,0.0
2018-12-25,83.92,88.36,83.92,88.02,3437819,0.0
2018-12-26,86.61,87.73,85.39,87.32,2814707,0.0
2018-12-27,87.75,88.64,87.32,87.72,1959831,0.0
2018-12-30,88.11,90.19,87.87,90,2184075,0.0
2019-01-01,89.8,91.53,89.04,91.19,2869520,0.0
2019-01-02,90.65,91.82,90.1,90.845,2481909,0.0
2019-01-03,91.71,93.64,91.37,92.98,2588704,0.0
2019-01-06,96.27,98.94,95.9,97.9,5753484,0.0
2019-01-07,98.325,98.98,96.76,98.62,3267012,0.0
2019-01-08,98.56,99.715,96.94,97.03,2966968,0.0
2019-01-09,94.01,96.93,94.01,96.23,3015467,0.0
2019-01-10,96.23,97.52,96,97.25,1529263,0.0
2019-01-13,97,97.85,96.07,97.37,2213356,0.0
2019-01-14,97.45,97.58,95.47,96.03,2783122,0.0
2019-01-15,95.72,96.175,93.77,93.855,2716208,0.0
2019-01-16,93.29,94.65,92.92,94.59,2882283,0.0
2019-01-17,95.29,95.74,94.49,94.54,2587055,0.0
2019-01-21,94.12,96.725,94.12,95.505,1813533,0.0
2019-01-22,95.42,96.27,93.84,94.36,1719913,0.0
2019-01-23,94.83,95.41,94.03,94.51,2383186,0.0
2019-01-24,95.19,97.15,95.19,96.88,2206739,0.0
2019-01-27,96.15,96.98,94.87,95.56,1151446,0.0
2019-01-28,95.55,96.46,95.061,96.18,1770093,0.0
2019-01-29,96.68,96.68,95.336,96.08,1237957,0.0
2019-01-30,96.15,96.89,95.55,96.84,1682590,0.0
2019-01-31,96.87,97.42,95.64,96.71,1605380,0.0
2019-02-03,96.72,98.6,96.125,98.495,1601706,0.0
2019-02-04,98.98,99.36,97.74,98.03,2157945,0.0
2019-02-05,97.78,98.1,97.07,97.79,1155315,0.0
2019-02-06,97.44,98.99,96.82,98.3,1354276,0.0
2019-02-07,97.81,98.29,97.29,97.67,858445,0.0
2019-02-10,97.64,98.23,97.26,97.63,859390,0.0
2019-02-11,98.34,98.71,97.97,98.06,1538366,0.0
2019-02-12,98.45,98.965,97.55,98.54,1452889,0.0
2019-02-13,98.06,99.1,97.67,98.51,1405378,0.0
2019-02-14,99.16,100.12,98.61,98.82,1438872,0.0
2019-02-20,98.95,98.95,97.7,98.12,904241,0.0
2019-02-21,98.29,98.57,96.46,97.09,1809657,0.0
2019-02-24,97.8,98.4,97.16,97.291,1838673,0.0
2019-02-25,97.29,97.52,95.8,96.49,2109723,0.0
2019-02-26,96.19,96.6,94.75,95.77,2700795,0.0
2019-02-27,95.55,96.7,95.14,96.33,2136964,0.0
2019-02-28,96.86,97.39,95.95,96.35,1952741,0.0
2019-03-03,96.42,97.05,95.01,95.28,1749451,0.0
2019-03-04,96.14,96.14,95.08,95.44,2330849,0.0
2019-03-05,97.66,101.09,95.2,100.4,9659259,0.0
2019-03-06,99.43,103.51,99.04,103.16,4951057,0.0
2019-03-07,102.42,104.19,101.13,102.43,2068384,0.0
2019-03-10,102.19,103.91,101.6611,103.84,1873918,0.0
2019-03-11,104.27,104.49,101.96,102.46,1693716,0.0
2019-03-12,102.62,103.22,102.2,102.55,1471290,0.0
2019-03-13,101.75,101.75,99.84,100.6,2263609,0.0
2019-03-14,99.845,100.57,99.51,99.83,1869708,0.0
2019-03-17,100.41,101.08,99.77,101.02,1454065,0.0
2019-03-18,101.14,102.23,100.81,101.3,1811188,0.0
2019-03-19,101.31,102.3247,101.06,101.35,1643674,0.0
2019-03-20,101.74,102.39,101.3,101.42,1181181,0.0
2019-03-21,101.04,102.15,101,101.44,1213084,0.0
2019-03-24,101.4,102.56,101.28,101.98,1568182,0.0
2019-03-25,102.7,102.835,101.43,101.78,1107912,0.0
2019-03-26,102.07,105.15,101.46,104.23,2390301,0.0
2019-03-27,104.28,104.75,103.43,103.48,1180965,0.0
2019-03-28,103.73,105.24,103.27,105.03,1541815,0.0
2019-03-31,105.6,105.6485,102.55,103.67,670138,0.0
2019-04-01,103.31,104.31,102.76,104.12,1249990,0.0
2019-04-02,104.1,105.87,103.92,104.71,1802664,0.0
2019-04-03,104.72,105.97,104.095,105.6,1651985,0.0
2019-04-04,105.63,106.9,105.28,106,1907543,0.0
2019-04-07,104.42,104.93,102.02,102.41,3597321,0.0
2019-04-08,102,103.38,101.49,102.6,2662663,0.0
2019-04-09,102.85,103.75,102.76,103.43,1910384,0.0
2019-04-10,103.56,104.79,103.37,104.65,1184972,0.0
2019-04-11,104.77,105,104.11,104.43,1165168,0.0
2019-04-14,104.69,107,104.53,106.84,1676251,0.0
2019-04-15,107.05,107.59,105.9,106.31,1069774,0.0
2019-04-16,106.47,108.18,105.86,108.01,1318010,0.0
2019-04-17,108.66,109.05,107.98,108.67,1518518,0.0
2019-04-21,108.7,109.28,107.93,108.15,1135386,0.0
2019-04-22,108.21,109.57,107.18,109.3,1609891,0.0
2019-04-23,109.57,110.72,109.35,110.2,1179480,0.0
2019-04-24,110.06,111.53,109.4032,110.74,1172486,0.0
2019-04-25,110.42,110.64,109.16,109.93,981554,0.0
2019-04-28,110.2,111.04,109.46,110.98,1039296,0.0
2019-04-29,111.4,111.61,110.62,111.26,1444577,0.0
2019-04-30,111.29,111.36,109.64,109.65,853714,0.0
2019-05-01,109.75,110.2,108.2247,109.46,1304928,0.0
2019-05-02,109.7,110.18,108.36,108.84,1402582,0.0
2019-05-05,107.24,108.8,106.24,108.61,1389161,0.0
2019-05-06,107.99,108.07,104.42,105.49,2110103,0.0
2019-05-07,104.73,106.71,104.67,106.1,1210768,0.0
2019-05-08,105.43,106.43,104.865,105.64,1267701,0.0
2019-05-09,105.42,105.42,102.97,104.03,1842275,0.0
2019-05-12,102.62,102.62,99.01,99.34,2477181,0.0
2019-05-13,99.29,99.78,98.5,98.72,1876617,0.0
2019-05-14,98.16,100.42,97.83,100.2,1660813,0.0
2019-05-15,100.51,102.25,100.4,100.89,1508743,0.0
2019-05-16,100.47,101.03,99.41,100.39,1769941,0.0
2019-05-19,99.9,100.42,99.16,100.05,1447913,0.0
2019-05-20,99.65,100.18,97.6,99.76,1658052,0.0
2019-05-21,99.89,101.22,99.55,99.55,1289953,0.0
2019-05-22,99.16,99.44,96.69,97.45,2269797,0.0
2019-05-23,98.13,98.77,97.51,98.42,1484760,0.0
2019-05-27,98.42,98.95,96.94,97.24,1741100,0.0
2019-05-28,96.26,96.98,95.11,95.32,2977111,0.0
2019-05-29,96.17,100.82,96.06,98.3,3684593,0.0
2019-05-30,97.57,101.77,97,101.59,3127394,0.0
2019-06-02,101.59,102.75,100.24,100.69,2030541,0.0
2019-06-03,101.18,101.92,100.04,100.7,1653047,0.0
2019-06-04,100.87,101.445,99.8762,100.25,1262338,0.0
2019-06-05,100.18,102.6,100.18,102.23,1255636,0.0
2019-06-06,102.58,103.73,102.15,102.63,1498593,0.0
2019-06-09,102.7,104.41,102.36,103.81,1967717,0.0
2019-06-10,108,108.3,105.36,106.54,3200690,0.0
2019-06-11,106.15,108.16,106.15,108.11,1648992,0.0
2019-06-12,108.27,108.73,107.1,108.67,2990578,0.0
2019-06-13,108.98,111.12,108.93,110.32,4358858,0.0
2019-06-16,110.43,110.76,107.96,108.13,1584199,0.0
2019-06-17,109.25,110.11,108.67,109.47,1657433,0.0
2019-06-18,109.5,109.72,107.64,109.42,1463318,0.0
2019-06-19,110.5,111.06,109.43,110.81,1344065,0.0
2019-06-20,110.89,112.5,110.46,112.18,2272761,0.0
2019-06-23,112.3,113.375,111.75,112.71,1524211,0.0
2019-06-24,112.61,112.675,108.75,108.95,1963188,0.0
2019-06-25,109,110.05,108.33,109.07,939249,0.0
2019-06-26,109.23,109.23,108.03,108.14,743037,0.0
2019-06-27,108.555,108.565,106.58,107.37,1818230,0.0
2019-06-30,108.79,110.34,108.75,110.06,1905186,0.0
2019-07-01,110.09,110.18,107.92,109.09,1514254,0.0
2019-07-02,109.39,110.43,109.02,109.74,810952,0.0
2019-07-04,108.98,109.94,107.92,109.66,811554,0.0
2019-07-07,109.32,110.49,109,110.26,1168260,0.0
2019-07-08,109.83,111.8,109.27,111.49,1265906,0.0
2019-07-09,111.62,112.18,111.23,111.69,1174793,0.0
2019-07-10,112.12,112.49,110.67,110.98,1085252,0.0
2019-07-11,111.14,112.47,110.65,112.39,1046328,0.0
2019-07-14,112.47,112.87,111.5,111.75,1029148,0.0
2019-07-15,111.84,112.44,111.47,112.31,1060580,0.0
2019-07-16,112.44,112.67,111.544,112.25,937425,0.0
2019-07-17,111.94,111.98,109.52,110.13,1340121,0.0
2019-07-18,110.5,110.5,108.15,108.2,1092134,0.0
2019-07-21,108.09,108.345,107,107.56,1012848,0.0
2019-07-22,107.6,107.765,104.32,105.5,2006634,0.0
2019-07-23,105.32,106.7,104.76,106.24,987048,0.0
2019-07-24,106.18,106.85,105.53,106.54,1112771,0.0
2019-07-25,106.55,106.55,105.85,106.1,1222094,0.0
2019-07-28,106.01,106.22,103.54,103.84,1372396,0.0
2019-07-29,103.47,103.86,101.19,101.5,1622943,0.0
2019-07-30,101.5,102.94,100.05,101.735,1986468,0.0
2019-07-31,101.45,103.83,94.7,97.71,3953531,0.0
2019-08-01,97.43,98.74,96.33,96.86,1867561,0.0
2019-08-04,94.6,94.78,91.883,92.85,3704605,0.0
2019-08-05,92.89,93.66,91.74,92.72,2577137,0.0
2019-08-06,92.12,93.36,91.25,92.42,1964957,0.0
2019-08-07,92.26,93.18,91.615,92.94,1600732,0.0
2019-08-08,92.86,92.86,89.9,90.1,1767473,0.0
2019-08-11,89.92,91.34,89.41,91,2094611,0.0
2019-08-12,91.09,98.41,90.41,94.61,3670747,0.0
2019-08-13,92.3,94.08,92.128,93.19,1987014,0.0
2019-08-14,93.72,94.92,92.34,93.14,1413236,0.0
2019-08-15,93.89,94.55,93.395,93.69,1380284,0.0
2019-08-18,95.17,96.4,94.64,96.2,1916814,0.0
2019-08-19,95.81,95.99,93.49,93.64,1240571,0.0
2019-08-20,95.84,96.23,94.88,96.1,1435090,0.0
2019-08-21,96.03,97.43,95.95,97.185,1160655,0.0
2019-08-22,96.92,98.09,94.83,95.17,2214558,0.0
2019-08-25,96.35,96.59,94.52,95.88,1980699,0.0
2019-08-26,96.37,97.97,95.88,96.76,1798445,0.0
2019-08-27,96.45,99.87,96.2756,99.61,2665824,0.0
2019-08-28,102.5,104.24,96.68,97.65,5404759,0.0
2019-08-29,98.25,101.93,97.91,101.54,3491217,0.0
2019-09-02,101.19,102.15,99.875,101.99,1747575,0.0
2019-09-03,102.86,105.18,102.5068,105.03,2307492,0.0
2019-09-04,106.43,108.29,106.19,107.63,2282875,0.0
2019-09-05,107.68,109.72,107.17,109.63,2291589,0.0
2019-09-08,109.87,110.72,107.705,108.86,1577073,0.0
2019-09-09,108.55,110.015,106.81,109.92,1603786,0.0
2019-09-10,111.02,112.65,110.42,111.34,2727381,0.0
2019-09-11,111.83,112.91,111.01,111.94,1400795,0.0
2019-09-12,111.89,113.12,111.51,112.86,1498705,0.0
2019-09-15,112.1,112.135,109.53,109.54,1568254,0.0
2019-09-16,109.74,111.1,109.25,111.04,1026348,0.0
2019-09-17,111.36,112.27,110.38,112.25,1328634,0.0
2019-09-18,112.46,112.92,111.68,111.73,1227752,0.0
2019-09-19,111.96,113.6661,111.04,111.06,2363149,0.0
2019-09-22,111.1,113.94,111.1,113.44,1627128,0.0
2019-09-23,113.67,114.51,111.82,113.43,1479346,0.0
2019-09-24,113.37,114.16,111.85,112.98,1087874,0.0
2019-09-25,113.51,113.58,111.33,112.42,1073018,0.0
2019-09-26,113.29,114.42,112.6,114.32,1659174,0.0
2019-09-29,114.46,115.7895,113.8601,114.16,1689078,0.0
2019-09-30,115.09,115.09,113,113.25,1495776,0.0
2019-10-01,112.25,113.37,111.01,113.1,2232109,0.0
2019-10-02,112.77,113.14,110.65,112.91,1768053,0.0
2019-10-03,113.21,116.59,113.15,115.72,4680662,0.0
2019-10-06,115.6,115.655,111.83,112.2,2970320,0.0
2019-10-07,111.11,114.1,110.81,112.5,2953105,0.0
2019-10-08,113.16,114.69,112.92,112.99,2777419,0.0
2019-10-09,113.25,114.03,112.3,113.92,1975044,0.0
2019-10-10,115,116.59,114.8001,115.17,3350365,0.0
2019-10-13,115.35,115.98,114.93,115.03,1877316,0.0
2019-10-14,115,116.61,115,116.46,1994361,0.0
2019-10-15,116.66,116.99,115.8,116.94,2663628,0.0
2019-10-16,117.27,117.62,116.7066,117.4,1859972,0.0
2019-10-17,117.2,118.04,116.86,116.97,2252046,0.0
2019-10-20,117.04,117.28,115.95,116.68,1089468,0.0
2019-10-21,117.45,119.71,117.44,118.44,1866697,0.0
2019-10-22,117.86,118.1,115.51,116.6,1237583,0.0
2019-10-23,116.24,116.74,115,115.57,953334,0.0
2019-10-24,115.21,116.2,114.02,114.53,1179604,0.0
2019-10-27,114.92,115.4,113.37,113.41,1547838,0.0
2019-10-28,113.73,114.34,112.54,112.56,1002115,0.0
2019-10-29,112.36,112.67,110.8,112.05,1036984,0.0
2019-10-30,111.71,112.06,109.25,110.41,1496726,0.0
2019-10-31,111.14,112.4,110.67,111.76,1062487,0.0
2019-11-03,112.06,112.89,111.52,112.2,1018023,0.0
2019-11-04,111.84,114.07,111.82,113.265,1068420,0.0
2019-11-05,113.08,113.39,112.29,112.82,634327,0.0
2019-11-06,113.37,114.83,112.4,112.47,933979,0.0
2019-11-07,112.13,112.85,109.99,110.34,1115968,0.0
2019-11-10,109.79,109.83,107.91,108.92,1047920,0.0
2019-11-11,108.5,109,107.6,107.68,1523152,0.0
2019-11-12,107.69,108.46,106.22,108.4,1449180,0.0
2019-11-13,108.82,109.33,107.45,108.73,1067835,0.0
2019-11-14,109.37,109.45,107.76,108.84,903464,0.0
2019-11-17,108.54,109.5,108.29,109.05,917399,0.0
2019-11-18,108.78,109.28,106.59,106.88,1055729,0.0
2019-11-19,107.25,108.35,106.42,107.25,903988,0.0
2019-11-20,107.32,109.49,107,107.99,1340836,0.0
2019-11-21,108.55,110.16,108.03,109.04,1891845,0.0
2019-11-24,109.83,113.35,109.75,112.46,3074116,0.0
2019-11-25,95.7635,98.98,92.6499,95.34,22633032,0.0
2019-11-26,94.5,94.68,92.85,93.03,7122720,0.0
2019-11-28,92.76,93.05,91.2,91.4009,2645771,0.0
2019-12-01,91.5,91.5894,89.09,89.53,7307268,0.0
2019-12-02,88.54,90.08,88.26,88.65,3290003,0.0
2019-12-03,89.36,90.1,88.68,89.2765,3496537,0.0
2019-12-04,89.95,91.59,89.44,90.8,4237881,0.0
2019-12-05,91.43,92.59,91.17,92.26,2943899,0.0
2019-12-08,92.1,93.42,91.87,93.24,2678744,0.0
2019-12-09,93.04,94.26,91.18,91.5561,2342176,0.0
2019-12-10,91.51,91.68,89.88,91.51,2042206,0.0
2019-12-11,91.46,93,91.245,92.55,2679392,0.0
2019-12-12,92.39,93.92,91.92,93.6,3329368,0.0
2019-12-15,94,94.57,92.57,94.23,2687852,0.0
2019-12-16,94.48,94.94,92.02,92.03,2373736,0.0
2019-12-17,92.28,92.38,91.14,91.84,2013418,0.0
2019-12-18,91.87,92.64,91.52,92.11,1693104,0.0
2019-12-19,92.52,94.12,92.0987,94.06,2641674,0.0
2019-12-22,94.11,94.5,92.3,92.43,1902023,0.0
2019-12-23,92.76,93.39,92.46,93.22,877989,0.0
2019-12-25,93.3,93.3,91.8358,92.075,1417877,0.0
2019-12-26,92.11,92.96,91.94,92.8,2442826,0.0
2019-12-29,92.81,94.008,92.34,93.52,3207885,0.0
2019-12-30,93.67,94.38,93.38,94.04,1536568,0.0
2020-01-01,94.69,94.69,93.3,93.78,1602986,0.0
2020-01-02,93.01,93.58,92.5,93,1490034,0.0
2020-01-05,91.59,93.06,90.8801,93.02,2898906,0.0
2020-01-06,92.61,93.39,91.77,91.89,2584229,0.0
2020-01-07,91.95,91.99,89.79,89.8,4062852,0.0
2020-01-08,89.27,91.16,89.12,91.03,3906058,0.0
2020-01-09,91.36,91.98,90.64,91.33,2412090,0.0
2020-01-12,90.76,91.52,90.46,90.77,3168977,0.0
2020-01-13,89.83,90.73,88.62,90.57,4231141,0.0
2020-01-14,90.04,90.92,89.86,90.76,3464468,0.0
2020-01-15,91.17,91.92,90.83,91.08,1750171,0.0
2020-01-16,91,91.73,90.87,91.52,2029989,0.0
2020-01-20,91.24,91.55,89.45,89.45,10340816,0.0
2020-01-21,89.96,90.75,89.69,89.87,5667388,0.0
2020-01-22,89.2,89.55,87.91,87.95,6252868,0.0
2020-01-23,88,88.65,87.34,87.71,7490184,0.0
2020-01-26,86.73,88.88,86.19,88.4,2358658,0.0
2020-01-27,88.52,88.91,86.64,86.76,3439848,0.0
2020-01-28,87.13,87.4,86.04,86.12,1702829,0.0
2020-01-29,85.7,87.75,85.37,87.61,2329273,0.0
2020-01-30,87.42,87.55,86.23,87.08,2374618,0.0
2020-02-02,87.56,88.25,87.14,87.51,1276698,0.0
2020-02-03,88.25,89.54,87.86,88.31,1321001,0.0
2020-02-04,88.84,89.08,88.13,88.66,1127730,0.0
2020-02-05,88.98,88.98,87.87,87.94,1382128,0.0
2020-02-06,87.89,87.89,86.66,87.14,993372,0.0
2020-02-09,87.18,87.4183,86.77,87.17,1067187,0.0
2020-02-10,87.3,88.71,87.3,88.2,1485712,0.0
2020-02-11,88.49,89.63,88.25,89.54,1180102,0.0
2020-02-12,89.21,89.46,88.04,89.28,824949,0.0
2020-02-13,88.99,88.99,88.01,88.7,1557379,0.0
2020-02-17,88.9,91.17,88.9,91.08,1718546,0.0
2020-02-18,91.11,92.55,90.52,92,1588415,0.0
2020-02-19,91.91,93.61,91.75,93.22,1695055,0.0
2020-02-20,92.71,94.08,92.4,93.9,1920715,0.0
2020-02-23,92.34,92.72,90.095,91.08,2374010,0.0
2020-02-24,91.62,92.36,88.51,88.67,2424978,0.0
2020-02-25,89.45,89.87,87.66,87.77,2088983,0.0
2020-02-26,86.76,88.19,84.81,85.31,2966501,0.0
2020-02-27,83.37,83.74,80.69,83.11,4025180,0.0
2020-03-01,83.23,84.71,80.91,84.6,3557998,0.0
2020-03-02,84.1,84.75,80.71,81.76,2926791,0.0
2020-03-03,81.22,82.49,78.07,78.91,6505202,0.0
2020-03-04,78.63,79.73,77.51,77.79,5493496,0.0
2020-03-05,76,80.54,75.56,80.24,3252581,0.0
2020-03-08,75.44,84.66,75.1201,83.44,4753708,0.0
2020-03-09,85.08,88.95,84.32,88.06,9106422,0.0
2020-03-10,86.32,87.79,83.06,83.66,6297520,0.0
2020-03-11,80.12,81.9,70.1,70.35,6061994,0.0
2020-03-12,73.23,74.85,69.485,74.7,5003681,0.0
2020-03-15,68.57,74.91,66.85,67.0001,9552910,0.0
2020-03-16,68.55,77.98,68,76.42,4667572,0.0
2020-03-17,73.09,77.342,60.2,65.57,3714351,0.0
2020-03-18,65.63,77.64,64.26,70.84,7883268,0.0
2020-03-19,72.078,78.77,71.32,75.98,4986163,0.0
2020-03-22,76.71,83.76,73.19,76.28,4197444,0.0
2020-03-23,82.2,82.99,77.03,79.61,3145756,0.0
2020-03-24,79.83,82.8,76.13,76.37,5261138,0.0
2020-03-25,76.77,79.54,76.06,78.14,3096058,0.0
2020-03-26,76.58,78.79,75.23,77.03,5081402,0.0
2020-03-29,77,80.56,77,79.9,2459337,0.0
2020-03-30,76.87,77.63,72.76,73.4,11141884,0.0
2020-03-31,71.33,75,70.58,72.94,4447391,0.0
2020-04-01,72.12,72.94,68.81,70.45,8695472,0.0
2020-04-02,70.52,71.39,68.43,70.26,3329636,0.0
2020-04-05,72.4,76.41,71.3066,76.23,3094097,0.0
2020-04-06,78.04,80.12,75.72,76.23,2613141,0.0
2020-04-07,76.62,80.3,76.35,79.22,4485140,0.0
2020-04-08,79.64,80.72,76.97,77.55,2132718,0.0
2020-04-12,77.22,77.43,75.01,76.13,2163627,0.0
2020-04-13,77.13,80.43,77.02,79.89,4047000,0.0
2020-04-14,78.52,78.61,76.58,78.08,4364720,0.0
2020-04-15,77.68,82.19,77.68,80.43,5594038,0.0
2020-04-16,81.82,81.97,79.26,81.73,6856496,0.0
2020-04-19,80.24,80.85,79,79.2,4389575,0.0
2020-04-20,77.98,78.73,76.47,77.75,6617844,0.0
2020-04-21,79.05,79.11,77.16,77.23,2229345,0.0
2020-04-22,76.22,76.49,74.06,74.92,10847912,0.0
2020-04-23,75.65,75.8,74.28,74.54,6638648,0.0
2020-04-26,75.29,81.7,75.11,80.27,11043835,0.0
2020-04-27,81.71,82.89,79.83,80.79,3551620,0.0
2020-04-28,81.87,82,79.68,80.96,2694942,0.0
2020-04-29,80.23,80.58,78.315,79.68,2759546,0.0
2020-04-30,78.5,79.39,76.995,77.43,1443673,0.0
2020-05-03,76.94,77.96,76.33,77.76,1370236,0.0
2020-05-04,77.94,78.9,76.15,76.54,3127264,0.0
2020-05-05,77.01,78.145,75.31,75.66,1691476,0.0
2020-05-06,75.96,78.525,75.96,76.68,4417228,0.0
2020-05-07,77.97,79.17,77.8,78.04,3443458,0.0
2020-05-10,78,78.58,76.63,77.89,3758898,0.0
2020-05-11,77.82,78.86,75.97,76.34,2658498,0.0
2020-05-12,76.09,76.42,73.5527,74.47,1652405,0.0
2020-05-13,75.33,75.56,72.12,75.53,2056941,0.0
2020-05-14,75.28,76.21,74.65,75.1,3332528,0.0
2020-05-17,77.41,78.89,76.875,78.63,4863502,0.0
2020-05-18,78.73,81.2,78.71,80,1823404,0.0
2020-05-19,80.6,81.63,79.51,79.66,2173402,0.0
2020-05-20,79.16,81.26,78.825,81.19,2969872,0.0
2020-05-21,81.41,82.41,79.78,81.71,3851012,0.0
2020-05-25,84.15,85.43,83.58,85.25,3304875,0.0
2020-05-26,87,88.17,85.88,87.43,8185133,0.0
2020-05-27,96.86,99.8221,95.05,97.64,12430813,0.0
2020-05-28,97.02,99.31,96.06,97.93,3386530,0.0
2020-05-31,97.41,98,95.58,96.31,5391626,0.0
2020-06-01,96.75,99.61,96.75,97,5924512,0.0
2020-06-02,97.73,98.08,94.54,94.54,4251618,0.0
2020-06-03,94.26,95.96,92.24,93.26,2377774,0.0
2020-06-04,94.8,95.25,92.34,92.9,3047513,0.0
2020-06-07,92.73,94.05,91.81,93.74,5752368,0.0
2020-06-08,93.74,93.96,92.265,92.57,4386612,0.0
2020-06-09,92.66,93,91.04,91.47,2324130,0.0
2020-06-10,90.47,90.94,88.85,89.07,4557162,0.0
2020-06-11,89.85,90.25,88.1,88.11,531118,0.0
2020-06-14,86.01,89.75,85.51,89.17,4127187,0.0
2020-06-15,91,91.88,89.47,91.09,3566335,0.0
2020-06-16,91.57,91.7235,88.98,89.08,3139634,0.0
2020-06-17,88.91,90.93,88.6,90.74,4526922,0.0
2020-06-18,91.125,91.94,88.5,88.75,1957240,0.0
2020-06-21,88.09,90.36,87.88,90.22,1196201,0.0
2020-06-22,90.76,90.95,89.155,89.74,1525004,0.0
2020-06-23,89.38,90.33,87.58,90.16,2393174,0.0
2020-06-24,90,93.23,88.7025,93.13,2951416,0.0
2020-06-25,93.48,96.2,92.11,92.63,3201862,0.0
2020-06-28,92.93,94.81,91.41,93.69,1755844,0.0
2020-06-29,92.82,93.53,90.65,92.72,2460896,0.0
2020-06-30,92.18,93.84,92.04,93.4,1657312,0.0
2020-07-01,93.76,94.34,92.9,93.64,2395635,0.0
2020-07-05,94.98,95.24,89.27,89.77,3172647,0.0
2020-07-06,89.75,91.041,88.96,90.5,1846894,0.0
2020-07-07,90.23,90.48,89.68,90.27,1640815,0.0
2020-07-08,91.26,92,89.66,91.33,1792315,0.0
2020-07-09,91.04,91.93,90.48,91.87,1411553,0.0
2020-07-12,92.24,94.11,91.76,92.31,1896318,0.0
2020-07-13,91.11,94.51,91.01,94.38,1468316,0.0
2020-07-14,94.97,95.99,94.59,95.71,1596062,0.0
2020-07-15,97.25,99,96.12,96.51,2597954,0.0
2020-07-16,96.7738,96.91,95.41,95.46,1148296,0.0
2020-07-19,97.18,98.88,95.47,97.1,1934658,0.0
2020-07-20,97.23,98.31,95.67,96.08,1643745,0.0
2020-07-21,95.52,97.28,95.051,97.1,1151458,0.0
2020-07-22,96.98,97.27,95.93,96.31,1084146,0.0
2020-07-23,96.41,97.25,95.34,95.63,1109367,0.0
2020-07-26,95.9839,95.9839,94.085,95.41,1147642,0.0
2020-07-27,95.31,95.9,94.54,95.64,1229048,0.0
2020-07-28,95.87,96.59,94.75,95.02,1430724,0.0
2020-07-29,94.16,95.11,93.79,93.95,1550177,0.0
2020-07-30,93.71,93.71,92.23,93.35,1580240,0.0
2020-08-02,94.01,94.605,92.74,94.52,1071370,0.0
2020-08-03,94.63,96.24,94.42,95.93,1641919,0.0
2020-08-04,96.3192,97.105,95.44,95.78,935163,0.0
2020-08-05,95.75,95.95,94.86,95.6,989356,0.0
2020-08-06,96.17,97.03,95.64,96.49,1207634,0.0
2020-08-09,96.405,97.93,96.3,97.75,1596736,0.0
2020-08-10,97.88,98.5151,95.9132,96.49,1162950,0.0
2020-08-11,96.82,99.4,95.87,99.21,1475154,0.0
2020-08-12,98.57,98.835,96.86,97.3,1748630,0.0
2020-08-13,97.21,99.64,96.7401,98.83,1729460,0.0
2020-08-16,99.66,101.8826,99.64,100.89,1522049,0.0
2020-08-17,101.31,101.4901,97.81,99.26,1511340,0.0
2020-08-18,100.05,100.52,99.04,99.76,1646828,0.0
2020-08-19,99.27,99.6438,98.6926,98.91,1047996,0.0
2020-08-20,98.7,100.4889,98.23,100.3,1283702,0.0
2020-08-23,101.01,102.56,99.74,102.29,1772382,0.0
2020-08-24,102.6,102.85,100.835,102.58,1497530,0.0
2020-08-25,102.59,104.6373,102.2801,104.31,2684738,0.0
2020-08-26,99.57,101.86,96.54,96.72,7948248,0.0
2020-08-27,97.22,97.43,93.65,94.69,4439066,0.0
2020-08-30,94.5,96.61,93.92,96.27,2269365,0.0
2020-08-31,96.22,96.37,93.52,93.68,2825758,0.0
2020-09-01,94.06,94.97,93.76,94.69,1632513,0.0
2020-09-02,94.96,95.46,92.43,92.94,1903592,0.0
2020-09-03,93.32,93.32,90.05,91.23,2286260,0.0
2020-09-07,90.58,90.95,88.585,89.86,2751322,0.0
2020-09-08,89.65,92.515,89.35,91.77,2018169,0.0
2020-09-09,91.6,91.66,89.745,90.26,1693497,0.0
2020-09-10,90.49,90.8,89.85,90.04,1777231,0.0
2020-09-13,90.83,90.8589,87.89,88.94,1929295,0.0
2020-09-14,88.99,89.87,88.29,88.68,1091014,0.0
2020-09-15,89.1,90.08,88.31,89.26,1519194,0.0
2020-09-16,88.08,89.04,87.73,88.58,1430131,0.0
2020-09-17,89.15,89.15,87.49,88.01,1937776,0.0
2020-09-20,87.45,87.67,84.41,85.97,1656524,0.0
2020-09-21,86.22,87.04,85.71,86.82,1125968,0.0
2020-09-22,86.86,88.11,86.565,86.73,1721387,0.0
2020-09-23,86.83,89.07,86.6686,88.44,1727917,0.0
2020-09-24,87.49,89.91,87.14,89.42,1930471,0.0
2020-09-27,90.085,91.3845,89.75,91,1210628,0.0
2020-09-28,90.9,91.2,89.81,89.88,1014124,0.0
2020-09-29,90.28,92.32,90.26,91.32,1437520,0.0
2020-09-30,91.65,93.38,91.59,91.87,1390993,0.0
2020-10-01,90.65,91.92,90.17,90.77,1458997,0.0
2020-10-04,91.22,91.6942,89.4507,89.97,1490922,0.0
2020-10-05,90.61,92.45,88.12,88.69,1573791,0.0
2020-10-06,89.84,90.925,89.45,90.53,1443292,0.0
2020-10-07,91,91.81,90.4307,91.53,1363178,0.0
2020-10-08,92.07,94.73,91.82,93.64,1770896,0.0
2020-10-11,94.28,96.91,93.765,95.57,2075425,0.0
2020-10-12,95.48,97.68,95.16,96.63,1705696,0.0
2020-10-13,96.81,97,94.48,95.17,1126814,0.0
2020-10-14,94.5645,96.92,94.01,96.53,1271908,0.0
2020-10-15,96.1,97.12,95.15,95.6,1080230,0.0
2020-10-18,96.06,96.58,94.75,94.99,951864,0.0
2020-10-19,95.7,96.89,95.13,95.4,1174840,0.0
2020-10-20,95.7,95.93,94.64,94.83,798506,0.0
2020-10-21,94.7,95.18,93.58,93.84,1121213,0.0
2020-10-22,94.55,96.05,93.81,95.46,1790277,0.0
2020-10-25,94.9,94.91,92.03,92.57,1100858,0.0
2020-10-26,92.59,94.05,92.59,92.81,956613,0.0
2020-10-27,91.81,92.88,90.52,90.58,1179052,0.0
2020-10-28,90.32,92.57,90.15,91.91,1003003,0.0
2020-10-29,90.98,91.51,89.14,90.38,1026013,0.0
2020-11-01,91.53,91.57,89.79,91.11,897277,0.0
2020-11-02,92.1,94.94,91.7508,93.58,1558531,0.0
2020-11-03,94.23,96.79,92.85,95.24,1262586,0.0
2020-11-04,96.13,96.34,93.95,95.01,1044680,0.0
2020-11-05,95.74,95.985,93.59,95.55,1163777,0.0
2020-11-08,97.96,101.25,95.87,95.96,1975368,0.0
2020-11-09,94.74,96.065,93.92,94.92,1488086,0.0
2020-11-10,95.99,96.13,94.15,94.29,1225988,0.0
2020-11-11,94.71,94.71,92.59,93.18,1501983,0.0
2020-11-12,93.42,94.86,93.39,94.845,868753,0.0
2020-11-15,95.81,95.98,94.95,95.6,1412315,0.0
2020-11-16,94.55,95.15,93.48,93.83,1306358,0.0
2020-11-17,94.35,95.56,93.6,93.64,1475899,0.0
2020-11-18,93.49,94.8,92.5033,94.55,1427500,0.0
2020-11-19,94.29,96.92,94.02,94.97,1497427,0.0
2020-11-22,95.72,98.06,95.23,97.61,2556008,0.0
2020-11-23,107.38,112.78,104.98,111.34,8941614,0.0
2020-11-24,111.06,112.93,109.9,111.69,3228199,0.0
2020-11-26,111.1,111.41,109.14,109.98,1157389,0.0
2020-11-29,109.35,109.92,107.89,109.36,1521209,0.0
2020-11-30,110.05,112.42,109.215,112.4,1783848,0.0
2020-12-01,111.67,112.65,110.935,111.6,1318077,0.0
2020-12-02,110.89,114.32,110.7,112.09,1940914,0.0
2020-12-03,111.57,113.48,110.77,112.55,1650070,0.0
2020-12-06,112.33,112.65,111.2,111.99,1514807,0.0
2020-12-07,111.26,111.89,109.01,109.44,1664859,0.0
2020-12-08,110.41,111.89,109.78,110.95,1603871,0.0
2020-12-09,110.66,110.75,107.79,108.2,2093919,0.0
2020-12-10,107.925,108.21,106.03,106.54,1753628,0.0
2020-12-13,107.88,108.25,106.27,107.6,2452000,0.0
2020-12-14,108.31,110.61,107.92,110.05,2568190,0.0
2020-12-15,109.39,113.48,109.39,112.91,2546915,0.0
2020-12-16,113.27,114.17,112.31,113.01,1693213,0.0
2020-12-17,113.11,113.54,111.53,111.84,1926562,0.0
2020-12-20,111.28,112.53,110.34,111.5,1808107,0.0
2020-12-21,111.37,111.37,108.13,108.97,1518881,0.0
2020-12-22,109.43,109.43,107.52,107.58,1371375,0.0
2020-12-23,107.88,109.04,107.49,109.03,580063,0.0
2020-12-27,109.51,109.685,107.64,107.93,1176354,0.0
2020-12-28,108.78,109.62,107.6,109.08,1575593,0.0
2020-12-29,109.15,109.81,107.47,107.8,1029794,0.0
2020-12-30,107.94,108.3,106.9,107.94,910066,0.0
2021-01-03,107.63,108.34,105.31,106.9,1319724,0.0
2021-01-04,106.31,107.75,106.14,107.12,1342921,0.0
2021-01-05,106.9,113.25,106.785,112.97,2760057,0.0
2021-01-06,112.99,115,111.89,114.75,2216740,0.0
2021-01-07,114.72,115.45,112.19,113,1698790,0.0
2021-01-10,112.5,113.1,111.17,112.43,1892762,0.0
2021-01-11,112.38,114.415,112.05,114.19,1320132,0.0
2021-01-12,113.79,114.08,112.31,112.47,993429,0.0
2021-01-13,112.67,112.96,109.65,109.95,1778774,0.0
2021-01-14,109.31,109.7,107.79,108.37,1534444,0.0
2021-01-18,108.59,109.595,107.12,108.02,1536297,0.0
2021-01-19,108.23,108.45,106.32,107.5,1774324,0.0
2021-01-20,108.63,109.4412,107.63,107.8,1301700,0.0
2021-01-21,107.64,108.21,106.13,107.85,1011808,0.0
2021-01-24,107.64,108.175,105.75,106.34,1472411,0.0
2021-01-25,106.26,106.7807,104.94,105.7,1368526,0.0
2021-01-26,104.98,105.07,99.62,101.48,2646159,0.0
2021-01-27,101.67,103.9198,101.29,102.83,1843681,0.0
2021-01-28,102.25,103.39,101.34,101.63,1413292,0.0
2021-01-31,102.08,102.32,100.23,100.82,1141471,0.0
2021-02-01,101.85,104.63,101.532,104.11,2483658,0.0
2021-02-02,103.76,105.29,103.26,104.94,1650663,0.0
2021-02-03,105.11,106.21,104.52,106.18,1237211,0.0
2021-02-04,106.75,107.52,105.145,105.65,1463534,0.0
2021-02-07,106.07,107.3,105.66,107.02,1356039,0.0
2021-02-08,107.29,109.88,106.69,109.82,1746829,0.0
2021-02-09,109.82,111.09,109.72,110.24,1545578,0.0
2021-02-10,110.59,111.94,108.36,109.055,1033443,0.0
2021-02-11,108.6827,109.89,107.5,108.38,704444,0.0
2021-02-15,108.43,108.63,106.705,107.67,1245942,0.0
2021-02-16,107.19,108.61,106.2792,108.32,1104038,0.0
2021-02-17,105.9635,108.47,105.04,107.76,1750254,0.0
2021-02-18,108.32,108.42,106.98,107.9,1536309,0.0
2021-02-21,107.42,107.5,104.87,104.88,2056049,0.0
2021-02-22,104.79,105.05,102.095,103.01,2074508,0.0
2021-02-23,102.14,102.5,99.73,101.13,2323397,0.0
2021-02-24,98.75,99.86,97.69,98.88,3211305,0.0
2021-02-25,99.59,100.715,98.07,98.16,2484128,0.0
2021-02-28,98.8,100.38,98.5,99.23,1658922,0.0
2021-03-01,99.9506,99.9506,96.54,99.07,3045717,0.0
2021-03-02,96.18,104.69,95.86,101.94,4831488,0.0
2021-03-03,101.8,103.94,100.295,101.81,2782635,0.0
2021-03-04,102.47,104.535,100.21,104.08,2150714,0.0
2021-03-07,104.49,109.32,103.24,108.1,2372433,0.0
2021-03-08,108.63,109.87,106.45,107.65,1482813,0.0
2021-03-09,109,109.11,107.535,107.83,1258016,0.0
2021-03-10,107.72,108.82,107.02,108.57,1416233,0.0
2021-03-11,108.56,109.34,107.37,108.6,965928,0.0
2021-03-14,108.56,109.37,107.26,109.3,1377695,0.0
2021-03-15,109.42,110.29,108.2,109.07,954491,0.0
2021-03-16,108.85,108.96,107.29,107.65,1261329,0.0
2021-03-17,106,107.13,104.575,105.35,2222705,0.0
2021-03-18,104.71,108.63,104.565,108.13,1824287,0.0
2021-03-21,108.2,110.75,107.4501,110.25,1830339,0.0
2021-03-22,109.98,111.31,109.63,109.86,1382290,0.0
2021-03-23,109.715,112.2,109.48,110.5,1187077,0.0
2021-03-24,110.38,111.42,109.51,111.05,1003260,0.0
2021-03-25,110.89,114.43,110.58,114.39,1459676,0.0
2021-03-28,115.06,116.23,114.2,115.82,1284365,0.0
2021-03-29,115.6,116.65,114.5,116.22,1295966,0.0
2021-03-30,116,117.26,114.2,114.43,2091384,0.0
2021-03-31,114.59,116.07,113.3901,115.93,1280529,0.0
2021-04-04,116.44,119.65,116.03,119.26,1452588,0.0
2021-04-05,118.11,120.37,117.47,117.615,1511344,0.0
2021-04-06,117.89,118.33,116.65,117.12,866071,0.0
2021-04-07,117.2,117.25,116.16,116.86,818060,0.0
2021-04-08,117.17,117.6999,116.08,117.55,1121174,0.0
2021-04-11,117.17,117.81,115.94,117.06,1281395,0.0
2021-04-12,117.34,118.225,116.14,117.65,959664,0.0
2021-04-13,117.2,117.7,114.78,114.89,1443071,0.0
2021-04-14,115.99,117.35,115.4,117.03,1173131,0.0
2021-04-15,117.18,118.57,116.58,117.39,1153801,0.0
2021-04-18,117.79,118.05,116.24,116.93,1050425,0.0
2021-04-19,116.87,117.05,116.02,116.34,1095087,0.0
2021-04-20,116.58,117.24,116.43,116.67,775505,0.0
2021-04-21,116.71,116.97,114.33,115.15,948917,0.0
2021-04-22,115.19,116.24,114.08,115.54,756622,0.0
2021-04-25,114.88,115.3,113.38,113.98,1419902,0.0
2021-04-26,114.16,115.51,114.06,115.01,1099193,0.0
2021-04-27,114.75,115.32,113.65,114.03,1002502,0.0
2021-04-28,114.38,115.715,114.22,115.43,924631,0.0
2021-04-29,115.31,115.89,113.5,114.92,676642,0.0
2021-05-02,115.61,116.88,115.26,116.22,1018858,0.0
2021-05-03,115.07,115.62,113.8,114.83,1173537,0.0
2021-05-04,115.34,115.48,113.97,114.7,1925386,0.0
2021-05-05,115.06,115.74,114.43,115.69,967456,0.0
2021-05-06,115.89,116.94,115.38,116.25,1051780,0.0
2021-05-09,117.07,117.5,115.96,116.09,1216939,0.0
2021-05-10,116.11,116.14,112.115,112.82,1504843,0.0
2021-05-11,111.89,112.44,109.53,109.85,1866397,0.0
2021-05-12,110.37,111.27,109.21,109.57,1582986,0.0
2021-05-13,110.19,111.67,109.59,111.22,932684,0.0
2021-05-16,111.33,111.865,108.7,109.65,1038341,0.0
2021-05-17,110.19,110.88,109.5,110.02,1345699,0.0
2021-05-18,109.03,109.73,107.85,108.79,990744,0.0
2021-05-19,108.52,108.79,107.599,108.41,929591,0.0
2021-05-20,108.1,109.42,107.9,108.6,1293482,0.0
