Date,Open,High,Low,Close,Volume,OpenInterest
2017-06-01,67.17,68.01,66.69,67.67,633008,0.0
2017-06-04,67.32,72.3647,66.82,71.19,3190091,0.0
2017-06-05,70.13,70.61,68.49,69.73,1552181,0.0
2017-06-06,70.38,70.99,68.39,69.27,696469,0.0
2017-06-07,69.36,70.63,68.57,70.1,348362,0.0
2017-06-08,70.33,71.53,67.68,69.02,709557,0.0
2017-06-11,69.19,72.13,68.45,71.68,831423,0.0
2017-06-12,71.63,73.98,71.232,72.82,825584,0.0
2017-06-13,72.72,74.78,72.16,74.69,679173,0.0
2017-06-14,74,75.69,73.71,75.64,840605,0.0
2017-06-15,76.13,76.69,75.24,76.27,1402365,0.0
2017-06-18,76.56,78.73,76.3814,77.96,1068134,0.0
2017-06-19,77.95,78.48,77.37,77.85,1069141,0.0
2017-06-20,77.77,79.05,77.77,78.32,814182,0.0
2017-06-21,78.2,79.31,78.2,78.69,626855,0.0
2017-06-22,78.47,79.05,77.27,77.33,550444,0.0
2017-06-25,77.6,78.15,75.91,77.81,708916,0.0
2017-06-26,77.81,78,74.095,74.92,1107915,0.0
2017-06-27,75.09,75.68,74,75.25,475081,0.0
2017-06-28,75.27,75.31,72.5,73.23,512449,0.0
2017-06-29,73.68,73.76,72.52,73.17,271133,0.0
2017-07-02,73.16,74.18,71.805,72.51,246984,0.0
2017-07-04,72.52,73.55,71.17,73.19,544945,0.0
2017-07-05,72.95,73.195,71.09,71.17,438582,0.0
2017-07-06,71.27,72.37,70.81,72.36,515554,0.0
2017-07-09,72.16,72.3,70.5,70.99,443059,0.0
2017-07-10,70.9,71.52,69.52,71.49,580596,0.0
2017-07-11,71.94,72.82,71.28,71.8,471395,0.0
2017-07-12,70,70.8162,68.335,70.061,2286193,0.0
2017-07-13,70.25,72.3849,69.67,71.71,926095,0.0
2017-07-16,71.91,72.104,69.83,70.655,911217,0.0
2017-07-17,70.7,70.75,69.65,69.96,584059,0.0
2017-07-18,69.94,70.37,69.4,69.99,876166,0.0
2017-07-19,70.38,70.72,69.84,70,491893,0.0
2017-07-20,69.68,70.52,69.08,69.48,367993,0.0
2017-07-23,69.31,70.47,69.19,69.7,1333074,0.0
2017-07-24,69.78,70.99,68.87,69.97,1239844,0.0
2017-07-25,69.85,70.4,68.74,68.75,683677,0.0
2017-07-26,69.06,69.06,66.25,66.48,1323301,0.0
2017-07-27,66.41,67.37,66,67.05,1634664,0.0
2017-07-30,67.02,67.36,66.28,66.6,813215,0.0
2017-07-31,67,67.54,66.82,66.85,1138643,0.0
2017-08-01,71.65,71.77,69.74,71.3,3627609,0.0
2017-08-02,71.29,71.99,70.14,70.83,1389357,0.0
2017-08-03,71.26,71.57,70.85,71.14,704809,0.0
2017-08-06,70.98,71.6099,70.87,71.32,509257,0.0
2017-08-07,71.2,71.82,71.03,71.35,837655,0.0
2017-08-08,70.94,71.64,70.551,71.54,833196,0.0
2017-08-09,71.37,71.51,69.65,69.81,1369636,0.0
2017-08-10,69.67,70.28,69.05,69.6,797072,0.0
2017-08-13,70.32,72.25,69.9,71.66,708809,0.0
2017-08-14,71.69,71.69,70.67,71.22,391208,0.0
2017-08-15,71.78,73.47,71.18,73.07,575468,0.0
2017-08-16,72.97,73.67,72.7031,72.79,725762,0.0
2017-08-17,72.58,74.49,72.13,73.15,1058125,0.0
2017-08-20,73.15,73.65,72.17,73.08,727706,0.0
2017-08-21,73.57,78.92,73.06,75.94,1545280,0.0
2017-08-22,75.31,75.98,74.79,75.2,592555,0.0
2017-08-23,75.16,75.89,74.65,75.51,518536,0.0
2017-08-24,75.67,76.11,75.24,75.52,679377,0.0
2017-08-27,75.23,75.82,74.715,75.45,974965,0.0
2017-08-28,74.74,75.54,74.74,75.23,419994,0.0
2017-08-29,75.05,75.05,73.97,74.13,1033857,0.0
2017-08-30,73.91,75.64,73.91,74.61,669527,0.0
2017-08-31,74.74,75.18,73.79,74.95,707357,0.0
2017-09-04,74.49,75.92,73.81,75.86,1801355,0.0
2017-09-05,76.19,76.3882,74.1,75.13,1355846,0.0
2017-09-06,74.95,75.4276,71.09,71.22,1169136,0.0
2017-09-07,71.12,71.31,69.73,71.27,991593,0.0
2017-09-10,71.81,73.25,70.9,73.13,1706992,0.0
2017-09-11,73.51,73.9,72.59,73.61,608185,0.0
2017-09-12,73.34,75.44,73.34,74.98,709040,0.0
2017-09-13,74.43,74.63,72.22,72.35,540508,0.0
2017-09-14,71.94,72.49,70.1,70.29,592749,0.0
2017-09-17,70.76,71.01,68.88,69.26,818626,0.0
2017-09-18,69.24,69.59,68.08,69.45,829245,0.0
2017-09-19,69.28,70.27,68.92,70.19,609886,0.0
2017-09-20,70.32,70.4429,69.24,69.5,378412,0.0
2017-09-21,69.72,70.28,69.095,69.98,537371,0.0
2017-09-24,70,70.17,68.595,69.15,622119,0.0
2017-09-25,69.39,69.41,67.87,67.9,409240,0.0
2017-09-26,68.42,68.85,67.36,67.5,589435,0.0
2017-09-27,47.89,48,42.62,45.3,27629474,0.0
2017-09-28,45.75,49.16,45.61,48.93,8439552,0.0
2017-10-01,49.32,50.31,48.75,49.66,3133824,0.0
2017-10-02,49.71,49.98,46.31,47.17,4107140,0.0
2017-10-03,46.82,48.15,46.53,48.1,2307448,0.0
2017-10-04,47.97,48.83,47.07,47.99,3636281,0.0
2017-10-05,48.2,48.4,47.55,47.76,1981051,0.0
2017-10-08,47.87,48.065,47.075,47.29,1379351,0.0
2017-10-09,47.21,47.4932,45.76,46.1,2092764,0.0
2017-10-10,46.38,47.22,46.15,47.21,1033844,0.0
2017-10-11,47.25,47.5,46.23,46.85,867028,0.0
2017-10-12,46.46,46.51,45.73,46.07,1152620,0.0
2017-10-15,45.8,45.97,44.57,44.96,1906534,0.0
2017-10-16,45.24,45.495,43.87,45,1256340,0.0
2017-10-17,44.98,45.34,44.03,44.95,1026447,0.0
2017-10-18,44.98,45.21,43.895,44.99,1158786,0.0
2017-10-19,45.1,45.51,44.46,44.76,748990,0.0
2017-10-22,44.51,45.88,44.51,44.77,1490025,0.0
2017-10-23,44.49,44.97,44.01,44.55,1342841,0.0
2017-10-24,44.41,45,44,44.71,1390937,0.0
2017-10-25,44.57,44.96,43.76,44.48,880381,0.0
2017-10-26,44.51,44.78,44.12,44.56,1245162,0.0
2017-10-29,44.13,45.29,43.74,45.25,1527230,0.0
2017-10-30,45.29,45.9199,44.85,44.97,1241390,0.0
2017-10-31,45.12,45.63,44.5,44.86,1830187,0.0
2017-11-01,47,50.3,46.41,47.73,3202988,0.0
2017-11-02,47.71,49.38,46.98,49.12,1440548,0.0
2017-11-05,49.2,50.09,48.95,49.97,1253878,0.0
2017-11-06,50,50.69,49.46,50.13,1114666,0.0
2017-11-07,50.1,50.4,48.9,49,988201,0.0
2017-11-08,49.59,50.64,49.17,50.38,984780,0.0
2017-11-09,50.91,51.45,49.8,50.74,870655,0.0
2017-11-12,50.33,51.91,50.09,51.55,944730,0.0
2017-11-13,51.56,52.44,50.55,51.55,1549811,0.0
2017-11-14,51.37,52.59,51.1425,51.92,1082407,0.0
2017-11-15,52.25,53.16,51.47,53.03,754134,0.0
2017-11-16,52.96,54.09,52.2,54,1202702,0.0
2017-11-19,54,55.41,53.685,54.66,934810,0.0
2017-11-20,55.09,55.61,53.86,55.12,1491143,0.0
2017-11-21,55.21,55.84,54.595,55.3501,1043351,0.0
2017-11-23,56.01,56.01,55,55.55,442298,0.0
2017-11-26,55.5,56.1,54.8,55.54,1671569,0.0
2017-11-27,55.55,58.25,55.2804,57.83,1343960,0.0
2017-11-28,58,60.9,57.81,59.38,1768694,0.0
2017-11-29,59.02,59.58,56.94,58.41,2429370,0.0
2017-11-30,58.19,58.84,56.72,58.07,1285737,0.0
2017-12-03,58.66,59.74,57.71,57.88,1289454,0.0
2017-12-04,57.75,58.825,57.41,58.01,990788,0.0
2017-12-05,58.19,59.28,57.68,58.8,851917,0.0
2017-12-06,58.94,60.31,58.62,59.96,717417,0.0
2017-12-07,60.02,61.88,59.91,61.53,1020239,0.0
2017-12-10,61.23,62.35,57.71,58.45,1254744,0.0
2017-12-11,58.8,59.51,57.24,57.245,906384,0.0
2017-12-12,57.15,58.84,56.57,58.51,974927,0.0
2017-12-13,58.78,59.42,57.69,58.28,1161954,0.0
2017-12-14,58.21,59.11,56.79,57.04,996984,0.0
2017-12-17,57.52,58.46,56.72,58.35,1209473,0.0
2017-12-18,58.3,58.865,57.85,58.12,826343,0.0
2017-12-19,58.51,58.64,56.68,56.73,608356,0.0
2017-12-20,56.92,57.18,55.08,55.73,1320599,0.0
2017-12-21,55.8,56.39,55.311,56.12,660066,0.0
2017-12-25,56.26,57.325,56.15,56.92,329728,0.0
2017-12-26,56.75,57.275,56.48,56.88,518400,0.0
2017-12-27,56.79,57.36,56.4,57.32,394949,0.0
2017-12-28,57.33,57.97,57.12,57.39,438976,0.0
2018-01-01,57.62,59.53,57.54,58,1011351,0.0
2018-01-02,57.97,58.2,57.29,58.08,1227699,0.0
2018-01-03,53.98,54.22,51.04,52.24,5369903,0.0
2018-01-04,52.39,53.85,51.805,53.26,2595474,0.0
2018-01-07,53.27,55.76,52.2,55.43,1915853,0.0
2018-01-08,55.95,55.96,52.02,54.61,2326821,0.0
2018-01-09,54.98,58.68,54.811,58.64,1729067,0.0
2018-01-10,58.99,59.18,57.32,58.21,906006,0.0
2018-01-11,58.22,58.22,55.87,56.74,1027033,0.0
2018-01-15,57.08,57.4,56.07,56.4,752736,0.0
2018-01-16,56.41,57.24,55.43,56.34,1068510,0.0
2018-01-17,56.33,56.83,55.24,56.26,1081668,0.0
2018-01-18,56.19,56.7,55.64,56.06,991386,0.0
2018-01-21,55.63,55.775,54.81,55.11,1010026,0.0
2018-01-22,54.71,55.94,54.35,55.76,820265,0.0
2018-01-23,55.92,58.29,55.68,57.74,994621,0.0
2018-01-24,58.15,58.86,57.43,58.81,599825,0.0
2018-01-25,58.6,58.6437,57.71,58.05,936137,0.0
2018-01-28,58.08,58.99,57.43,57.62,879265,0.0
2018-01-29,57.75,59.66,57.15,59.32,828349,0.0
2018-01-30,59.3,59.89,58.12,58.17,669520,0.0
2018-01-31,57.98,58.67,57.4,57.88,455576,0.0
2018-02-01,57.57,58.59,56.86,57.26,715403,0.0
2018-02-04,57.23,58.17,55.93,56.2,620725,0.0
2018-02-05,55.23,56.62,54.355,55.61,963691,0.0
2018-02-06,55.6,55.99,54.75,54.82,497044,0.0
2018-02-07,55,55.48,54.32,54.52,778468,0.0
2018-02-08,54.83,55.17,52.9195,54.35,870056,0.0
2018-02-11,54.27,55.34,53.86,54.69,542347,0.0
2018-02-12,54.68,54.96,53.59,54.68,457626,0.0
2018-02-13,54.18,56.13,54.18,55.71,713889,0.0
2018-02-14,56.2,56.89,55.52,56.69,616825,0.0
2018-02-15,56.79,57.78,56.36,57.35,525396,0.0
2018-02-19,57.2,57.87,56.82,57.11,681258,0.0
2018-02-20,57.31,58.09,56.03,56.88,814398,0.0
2018-02-21,57.13,58.32,56.28,56.41,612775,0.0
2018-02-22,56.54,56.88,55.481,56.36,584877,0.0
2018-02-25,56.25,57.065,55.7,56.99,839979,0.0
2018-02-26,56.98,58.2,55.54,55.65,1324522,0.0
2018-02-27,55.69,57.415,54.42,56.17,1565393,0.0
2018-02-28,56.13,56.1836,53.5,54.01,1002671,0.0
2018-03-01,53.75,55.05,53.3,54.88,727618,0.0
2018-03-04,54.83,56.24,54.44,55.76,697216,0.0
2018-03-05,55.74,60.12,55.58,59.83,1324535,0.0
2018-03-06,59.49,61.15,59.42,60.85,1233730,0.0
2018-03-07,61.07,61.57,59.42,60.19,789026,0.0
2018-03-08,60.03,60.965,58.78,60.14,804804,0.0
2018-03-11,59.8,64.21,59.5101,64.12,989571,0.0
2018-03-12,64.04,65.8999,63.5,64.92,1159679,0.0
2018-03-13,65.1,65.89,63.57,64.94,830323,0.0
2018-03-14,64.98,65.9999,64.15,64.9,434889,0.0
2018-03-15,65.12,66.07,64.44,65.58,714763,0.0
2018-03-18,65.51,66.22,64.24,65.13,574693,0.0
2018-03-19,65.26,66.01,64.69,65.589,383316,0.0
2018-03-20,65.66,68.61,64.85,67.71,1232524,0.0
2018-03-21,67.25,69.24,66.73,66.75,831160,0.0
2018-03-22,68.38,70.92,68.35,68.8,1518416,0.0
2018-03-25,69.43,70.31,68.86,70.181,982814,0.0
2018-03-26,70.52,72.75,69.72,69.98,1986721,0.0
2018-03-27,70.33,73.98,70,73.24,2025994,0.0
2018-03-28,73.13,75.3,72.84,74.16,1499247,0.0
2018-04-01,74.2,75.57,73.88,74.53,1295853,0.0
2018-04-02,74.33,75.07,73.7,74.7,1078404,0.0
2018-04-03,71,73.145,69.51,72.165,1961364,0.0
2018-04-04,72.45,73.76,72.02,72.27,806633,0.0
2018-04-05,72.12,72.56,70.01,70.15,604808,0.0
2018-04-08,70.87,71.95,69.98,70.37,1028932,0.0
2018-04-09,70.89,71.88,70.68,71.26,900252,0.0
2018-04-10,70.97,71.65,70.65,70.95,913182,0.0
2018-04-11,70.96,73.83,70.96,72.67,787880,0.0
2018-04-12,72.92,73.09,71.53,72.38,342329,0.0
2018-04-15,72.85,73.49,72.38,73.06,397979,0.0
2018-04-16,73.26,74.27,72.37,73.43,529961,0.0
2018-04-17,73.23,74.6225,73.02,73.5,607035,0.0
2018-04-18,73.31,73.76,72.29,72.74,411844,0.0
2018-04-19,72.76,73.42,72.035,72.47,416929,0.0
2018-04-22,72.96,73.84,72.56,73.32,611426,0.0
2018-04-23,73.42,75.07,73.09,74.44,689343,0.0
2018-04-24,74.1,74.33,73.04,73.71,486536,0.0
2018-04-25,73.73,75.19,72.84,74.51,1238974,0.0
2018-04-26,74.75,74.94,73.405,74.25,756874,0.0
2018-04-29,74.65,75.28,73.03,73.16,654952,0.0
2018-04-30,72.62,74.44,72.6,73.4,1461618,0.0
2018-05-01,73.48,74.47,73.25,74.31,1065724,0.0
2018-05-02,78,85.25,77.538,83.83,4224515,0.0
2018-05-03,83,84.08,80.09,83.47,1542942,0.0
2018-05-06,83.47,88.09,81.9242,85.59,1874198,0.0
2018-05-07,85.23,86.18,84.85,85.21,952428,0.0
2018-05-08,85.2,85.2,84.13,84.79,904363,0.0
2018-05-09,85.26,85.89,84.32,84.54,739986,0.0
2018-05-10,84.91,87.07,84.75,86.81,774677,0.0
2018-05-13,86.31,88.6,86.31,87.95,908874,0.0
2018-05-14,87.19,87.79,85.43,87.28,535110,0.0
2018-05-15,87.55,87.7,86.3,86.54,520257,0.0
2018-05-16,86.27,87.94,85.82,86.91,589610,0.0
2018-05-17,86.68,87.25,86.1243,86.66,325967,0.0
2018-05-20,87.1,87.85,86.035,86.9,232886,0.0
2018-05-21,86.74,86.74,85.86,86.28,351092,0.0
2018-05-22,85.89,87.34,85.76,87,312037,0.0
2018-05-23,87.17,87.67,86.32,87.48,523406,0.0
2018-05-24,87.92,88.4,87.06,88.01,510284,0.0
2018-05-28,87.43,88.57,86.55,87.1,949799,0.0
2018-05-29,87.19,88.63,87.19,87.51,392850,0.0
2018-05-30,87.01,89.4,86.875,88,688352,0.0
2018-05-31,88.1,93.55,88.1,92.21,1185623,0.0
2018-06-03,91.73,93.61,91,93.46,823312,0.0
2018-06-04,93.12,94.44,92.18,94.44,772048,0.0
2018-06-05,95,95.74,93.385,94.2,711225,0.0
2018-06-06,94.2,94.24,87.69,89.491,815575,0.0
2018-06-07,92.83,93.75,91.73,93.02,1185792,0.0
2018-06-10,92.74,95.85,92.06,94.995,764557,0.0
2018-06-11,96,101.5,95.94,98.76,1029897,0.0
2018-06-12,99.13,99.645,98.4,98.83,601970,0.0
2018-06-13,99.37,102.1,98.06,98.53,1276082,0.0
2018-06-14,96.87,100.51,96.325,99.73,680625,0.0
2018-06-17,99.54,101.195,98.8124,100.9,480200,0.0
2018-06-18,100.87,101.799,99.49,100.84,425571,0.0
2018-06-19,101.29,101.9,100.315,100.61,598002,0.0
2018-06-20,100.36,101.5394,97.76,99.73,841706,0.0
2018-06-21,100.32,101.87,99.46,99.52,754245,0.0
2018-06-24,98.93,99.405,93.92,95.43,964853,0.0
2018-06-25,95.23,96.05,94.09,95.3,749281,0.0
2018-06-26,95.8,96.2,90.61,92.33,960217,0.0
2018-06-27,92.3,94.67,90.71,94.24,902457,0.0
2018-06-28,94.61,95.32,93.34,94.98,557330,0.0
2018-07-01,96.67,99,95.11,98.45,609552,0.0
2018-07-02,98.46,99.375,96.6,98.11,404335,0.0
2018-07-04,98.65,98.86,96.815,97.57,574830,0.0
2018-07-05,97.71,99.45,96.2837,98.95,381594,0.0
2018-07-08,99.15,100.86,98.29,100.39,644400,0.0
2018-07-09,100.76,102.48,99.57,100.01,924336,0.0
2018-07-10,98.88,102.935,98.88,102.65,629167,0.0
2018-07-11,103,105.46,102.12,104.64,664700,0.0
2018-07-12,103.88,103.88,100.3,100.45,760291,0.0
2018-07-15,100.73,100.73,98.6,99.46,585444,0.0
2018-07-16,98.77,102.11,98.18,101.76,510983,0.0
2018-07-17,102,103.78,101.13,103.46,578638,0.0
2018-07-18,103.54,104.469,102.11,102.55,398491,0.0
2018-07-19,102.94,103.47,101.99,102.19,333922,0.0
2018-07-22,102.69,104.82,102.03,104.33,417456,0.0
2018-07-23,104.27,104.8128,101.55,101.75,447294,0.0
2018-07-24,101.41,103.99,101.03,103.78,724947,0.0
2018-07-25,103.26,103.397,100.8,102,462320,0.0
2018-07-26,100.32,101.4,92.69,95.36,2073421,0.0
2018-07-29,95.33,96.03,92.33,93.36,1012301,0.0
2018-07-30,96.72,96.72,94.08,95.14,998959,0.0
2018-07-31,94.13,96.47,93.77,95.55,987394,0.0
2018-08-01,119.4,125.65,114.81,124.66,6338667,0.0
2018-08-02,124.12,124.99,119,123.44,1170172,0.0
2018-08-05,123.61,127.31,120.37,121.84,1090898,0.0
2018-08-06,122.45,126.55,122.18,124.76,1135391,0.0
2018-08-07,125.31,126,123.07,124.31,553566,0.0
2018-08-08,124.05,126,123.15,123.17,1083879,0.0
2018-08-09,122,125.76,121.56,123.35,581273,0.0
2018-08-12,122.84,124.94,122,123.89,420302,0.0
2018-08-13,124.03,127.65,123.65,127.41,511035,0.0
2018-08-14,127.9,129.09,123.42,123.89,996584,0.0
2018-08-15,125,128.45,124.92,128.32,881339,0.0
2018-08-16,127.68,131.1,127.6,130.96,492538,0.0
2018-08-19,130.98,132.78,130.63,132.15,561630,0.0
2018-08-20,132.76,136.34,132.6,136.05,1125029,0.0
2018-08-21,136,139.24,135.4,138.14,946051,0.0
2018-08-22,142.75,144.605,138.025,142.21,1282679,0.0
2018-08-23,142.04,142.8896,135.06,136.33,1813860,0.0
2018-08-26,137,141.07,136.42,140.67,1010334,0.0
2018-08-27,141,142.54,139.74,141.58,533234,0.0
2018-08-28,141.33,144.05,140.72,142.21,672866,0.0
2018-08-29,141.61,145.47,141.61,144.37,503266,0.0
2018-08-30,144.71,145.9458,144.01,144.41,367970,0.0
2018-09-03,144.1,146.27,143.245,146.06,564973,0.0
2018-09-04,146.2,146.26,140.09,142,940520,0.0
2018-09-05,142.75,145.2,140.93,142.77,618129,0.0
2018-09-06,141.33,147.1096,141.0768,143.48,392494,0.0
2018-09-09,143.35,145.84,141.58,145.07,581839,0.0
2018-09-10,145.35,148.48,144.521,146.88,571026,0.0
2018-09-11,148.48,148.48,143.5,146.25,983759,0.0
2018-09-12,147.07,148.5576,144.63,145,738030,0.0
2018-09-13,144.64,146.1,141.87,143.03,844479,0.0
2018-09-16,142.84,143.99,136.73,137.92,1292271,0.0
2018-09-17,138.55,141.06,138.55,139.3,817366,0.0
2018-09-18,139.64,141.25,135.211,139.07,729520,0.0
2018-09-19,140.15,141.4,138.95,139.41,502699,0.0
2018-09-20,138.15,140.37,138.15,139.37,761847,0.0
2018-09-23,139.04,142.7996,137.92,141.99,869078,0.0
2018-09-24,142.94,145.7,142.34,144.8,829838,0.0
2018-09-25,144.7,146.5,141.26,142.815,675036,0.0
2018-09-26,143.43,144.47,141.18,143.96,491430,0.0
2018-09-27,143.55,145.014,141.9,143.03,769540,0.0
2018-09-30,140.9,141.71,131.49,133.72,2168288,0.0
2018-10-01,134.26,135.6,129.76,130.26,1213580,0.0
2018-10-02,130.47,131.015,124.92,126.14,2106019,0.0
2018-10-03,125.79,126.1045,122.76,125.07,1168862,0.0
2018-10-04,124.36,129.37,122.58,126.44,1320282,0.0
2018-10-07,124.965,126.06,121.28,123.41,1477573,0.0
2018-10-08,122.13,126.92,122.13,122.5,913415,0.0
2018-10-09,123.36,123.36,117.83,118.02,1334896,0.0
2018-10-10,117.2,124.39,116.01,122.4,1189572,0.0
2018-10-11,124.6,127.93,123.72,127.17,926849,0.0
2018-10-14,127.53,128,123.785,125.14,631533,0.0
2018-10-15,125.97,133.99,125.53,133.15,831252,0.0
2018-10-16,132.84,134.69,130.62,132.64,665101,0.0
2018-10-17,131.68,134.47,130.26,132.82,533717,0.0
2018-10-18,136,136.57,128.71,129.04,786752,0.0
2018-10-21,128.73,132.07,126.95,131.46,601163,0.0
2018-10-22,129.78,131.61,126.18,131.12,837807,0.0
2018-10-23,131.14,133.47,124.41,124.66,650961,0.0
2018-10-24,124.72,127.405,119.3,125.65,796639,0.0
2018-10-25,122.4,126.77,118.61,125.305,920159,0.0
2018-10-28,127.32,130.365,122.82,124.58,1106291,0.0
2018-10-29,124.34,128.72,122.815,125.35,1305481,0.0
2018-10-30,126.57,135.86,125,132.78,1369277,0.0
2018-10-31,133.55,137.645,131.21,136.01,986678,0.0
2018-11-01,137.13,138,131.15,132.58,871965,0.0
2018-11-04,132.66,133.825,129.93,130.82,879200,0.0
2018-11-05,131.51,133.52,128.95,132.6,1436509,0.0
2018-11-06,137,145,132.48,144.71,2590533,0.0
2018-11-07,143.6,152.14,143,148.41,1136334,0.0
2018-11-08,148.11,151.64,144.7,149.42,1238817,0.0
2018-11-11,147.27,149.5,140.57,141.71,1266223,0.0
2018-11-12,143.43,145.99,139.24,142.73,1085773,0.0
2018-11-13,143.07,144.9799,137.67,138.75,1303415,0.0
2018-11-14,137.86,139.97,133.01,135.61,1620975,0.0
2018-11-15,134.91,140.17,133.5365,137.94,1425680,0.0
2018-11-18,137,137.8904,120.19,121.23,2224904,0.0
2018-11-19,117.31,122.68,115.53,119.88,2063637,0.0
2018-11-20,121.12,124.3643,119.06,121.68,2406076,0.0
2018-11-22,119.64,125.01,119.64,124.23,514078,0.0
2018-11-25,125.77,128.93,123.02,125.9,1288430,0.0
2018-11-26,122.69,125.62,120.065,124,1756640,0.0
2018-11-27,123.5,126.88,121.67,124.71,2875127,0.0
2018-11-28,125.86,131.11,124.89,130,1750191,0.0
2018-11-29,129.54,132.34,127.36,129.96,1892975,0.0
2018-12-02,133.64,137.41,131.57,136.59,1955948,0.0
2018-12-03,136.25,138.59,121.77,127.92,2327639,0.0
2018-12-05,127,129.76,124.06,129.36,1317708,0.0
2018-12-06,128.18,130.66,120.27,121.34,987055,0.0
2018-12-09,121.9,123.95,119.64,123.45,800670,0.0
2018-12-10,125.19,129.5527,120.65,123.08,1842801,0.0
2018-12-11,125.2,126.44,123.555,124.52,1409387,0.0
2018-12-12,124.9,125.72,121.115,123,927229,0.0
2018-12-13,121.95,123.32,119.4,120.67,842553,0.0
2018-12-16,118.95,119.45,113.01,113.7,1084177,0.0
2018-12-17,115.41,116.38,112.86,114.61,1072100,0.0
2018-12-18,115.27,118.84,112.48,113.39,611003,0.0
2018-12-19,112.84,113.9317,108.35,110.17,1253096,0.0
2018-12-20,110.97,111.1899,105.05,108.32,1025899,0.0
2018-12-23,107.89,110.15,105.71,107.94,264091,0.0
2018-12-25,108.64,116.77,108.64,116.4,538749,0.0
2018-12-26,114.51,117.9,113,117.9,713169,0.0
2018-12-27,118.5,120.57,115.84,118.1401,972860,0.0
2018-12-30,119.22,121.76,118.54,119.26,507720,0.0
2019-01-01,117.01,118.37,114,115.15,884324,0.0
2019-01-02,114.29,116.39,110.33,112.53,618354,0.0
2019-01-03,114.18,118.28,113.01,116.39,1391677,0.0
2019-01-06,125.53,132.78,124,129.97,1863461,0.0
2019-01-07,131.46,136.2,130.61,131.29,1146991,0.0
2019-01-08,132.87,139.16,132.87,138.6096,1125132,0.0
2019-01-09,138.75,142.0195,138.0901,141.42,1523992,0.0
2019-01-10,141.9,142.74,139.8,141.07,809194,0.0
2019-01-13,140.43,143.31,140.0101,142.74,959239,0.0
2019-01-14,143.48,148.4,142,146.83,1140553,0.0
2019-01-15,147.85,149.43,145.64,146.65,659213,0.0
2019-01-16,147.22,150.98,146.63,149.26,797469,0.0
2019-01-17,150.75,152.69,149.18,149.48,1126081,0.0
2019-01-21,149,152.44,147.4,150.695,1300403,0.0
2019-01-22,150,151.46,142.76,146.47,1080108,0.0
2019-01-23,147.18,147.9,143.86,143.865,792391,0.0
2019-01-24,144.61,147.28,142.77,144.9,897088,0.0
2019-01-27,144.29,144.99,140.11,141.33,687045,0.0
2019-01-28,141.06,142.1399,138.3,140.14,550227,0.0
2019-01-29,140.83,144.03,140.53,143.71,470053,0.0
2019-01-30,144.23,146.33,139.78,141.04,1184515,0.0
2019-01-31,140.7,141.65,136.78,141.6373,691292,0.0
2019-02-03,141.83,144.43,141.11,144.39,433295,0.0
2019-02-04,145.43,149.46,145,148.87,921981,0.0
2019-02-05,148.03,149.77,144.04,145.46,672823,0.0
2019-02-06,144.31,145.77,142.2,143.96,594621,0.0
2019-02-07,142.76,146.71,142.75,145.48,583974,0.0
2019-02-10,147.66,153.32,147.2927,151.34,1548941,0.0
2019-02-11,153.32,155.85,150.06,152.82,1356471,0.0
2019-02-12,152.52,153.65,145.09,149.15,1363180,0.0
2019-02-13,148.3,149.63,146.91,147.68,604492,0.0
2019-02-14,149.91,150.25,147.34,148.685,754343,0.0
2019-02-18,149.06,150.19,147.35,147.87,817971,0.0
2019-02-19,147.09,148.18,144.43,145.5,1258822,0.0
2019-02-20,145.54,147.5,143.9,146.11,1178183,0.0
2019-02-21,153.69,156.16,135.22,136.75,3565059,0.0
2019-02-24,137.95,141.47,137.95,140.93,1748698,0.0
2019-02-25,140.3,140.68,136.69,139.51,953628,0.0
2019-02-26,140.1,143.77,139.53,140.11,1173815,0.0
2019-02-27,140.02,142.635,139.19,139.32,653594,0.0
2019-02-28,140.52,144.04,138.1,143.5,1094748,0.0
2019-03-03,143.89,144.9035,138.05,141.5,940147,0.0
2019-03-04,141.63,149.83,139,146.96,1244297,0.0
2019-03-05,146.96,148.065,142.45,143.41,839202,0.0
2019-03-06,143.58,145.965,140.7,143.15,582629,0.0
2019-03-07,141.56,143.41,139.595,143.37,694353,0.0
2019-03-10,143,145.05,141.93,144.06,918021,0.0
2019-03-11,143.93,144.6718,140.35,143.78,1347523,0.0
2019-03-12,142.24,150.15,141.51,147.45,1194773,0.0
2019-03-13,147.22,147.53,144.475,146.78,851601,0.0
2019-03-14,147.6,152.28,147.581,151,1396572,0.0
2019-03-17,152.02,154.88,145.51,146.22,977657,0.0
2019-03-18,146.22,147.62,144.5,146.95,1036140,0.0
2019-03-19,147,148.08,145.11,146.105,486197,0.0
2019-03-20,145.5,147.58,140.32,142.14,1735250,0.0
2019-03-21,140.68,140.95,127.9,128.99,3728874,0.0
2019-03-24,128,128.13,121.5,124.09,2181202,0.0
2019-03-25,124.71,125.6,120.14,120.945,1432497,0.0
2019-03-26,120.66,120.9199,114.7653,115.44,2092171,0.0
2019-03-27,115.3,119.89,112.64,118.43,1561504,0.0
2019-03-28,119,119.89,117.12,119.16,943892,0.0
2019-03-31,119.95,120.985,114.425,115.15,670919,0.0
2019-04-01,115.35,117.71,113.51,116.99,1623182,0.0
2019-04-02,117.85,118.785,114.92,117.77,1101189,0.0
2019-04-03,118.45,119.1395,116.105,117.2,745929,0.0
2019-04-04,117.81,118.55,116.3,117,816104,0.0
2019-04-07,117.15,117.71,113.56,114.86,1009745,0.0
2019-04-08,114.2,116.155,114,115.16,695872,0.0
2019-04-09,115.05,119.805,114.25,118.99,996848,0.0
2019-04-10,119.21,121.45,117.4817,119.36,963532,0.0
2019-04-11,119.52,120.29,117.8,117.93,548234,0.0
2019-04-14,117.47,120.01,116.67,118.91,711755,0.0
2019-04-15,120.68,120.87,116.88,117.77,858744,0.0
2019-04-16,117.8,117.8,109.76,111.4,1934095,0.0
2019-04-17,111.86,114.81,107.44,114.37,1301201,0.0
2019-04-21,113.73,116.86,113.195,116.61,642540,0.0
2019-04-22,117.25,119.36,114.32,118.02,918262,0.0
2019-04-23,117.78,119.84,116.2316,118.8,593206,0.0
2019-04-24,119.26,120.1158,117.25,118.12,592662,0.0
2019-04-25,118.86,124.495,118.86,124.17,909589,0.0
2019-04-28,124.83,125.44,121.53,124.44,867113,0.0
2019-04-29,124.16,125.74,120.96,121.07,929727,0.0
2019-04-30,122.52,124.79,117.23,118.5,1627153,0.0
2019-05-01,118.47,123.6995,118,120.36,2357409,0.0
2019-05-02,121.45,125.755,119.645,122.95,1453591,0.0
2019-05-05,118.65,123.57,118.65,122.11,1147942,0.0
2019-05-06,121.11,122.17,117.65,119.6,972654,0.0
2019-05-07,118.96,120.8,117.1,118.16,645597,0.0
2019-05-08,116.79,118.315,115.5,117.09,810722,0.0
2019-05-09,116.92,119.22,114.44,118.88,987400,0.0
2019-05-12,116.16,117.325,114.74,116.3,899610,0.0
2019-05-13,116.55,121.2,116.55,120.32,566402,0.0
2019-05-14,118.91,123.38,118.3943,121.49,989788,0.0
2019-05-15,120.97,123.36,119.21,119.27,827899,0.0
2019-05-16,118.65,119.37,116.65,118.06,583936,0.0
2019-05-19,117.01,119.78,115.415,118.37,614197,0.0
2019-05-20,119.31,120.84,118.57,118.57,612929,0.0
2019-05-21,117.87,118.91,117.37,118.8,695113,0.0
2019-05-22,117.7,117.8,113.63,114.54,588385,0.0
2019-05-23,115.16,118.99,114.39,118.99,530575,0.0
2019-05-27,119,122.845,119,120.72,1127296,0.0
2019-05-28,119.31,119.6976,115.9,118.6,1110324,0.0
2019-05-29,118.61,121.09,116.83,119.89,780332,0.0
2019-05-30,118.99,122.3199,117.07,121.29,713190,0.0
2019-06-02,121.08,123.34,119.88,120.96,777094,0.0
2019-06-03,121.51,124.87,120.91,124.72,884035,0.0
2019-06-04,125,126.7307,123.02,123.36,977554,0.0
2019-06-05,123.03,123.25,118.42,120.69,1453392,0.0
2019-06-06,121.25,126.65,120.435,125.9,1552597,0.0
2019-06-09,127.03,141.28,126.5,138.42,3304844,0.0
2019-06-10,136.57,140,136.57,138.57,1192534,0.0
2019-06-11,139.21,145.31,139.21,145.27,1614199,0.0
2019-06-12,145,147.5,144.46,146.35,3570024,0.0
2019-06-13,146.32,148.48,145.13,148.08,2093449,0.0
2019-06-16,148.59,151.37,148,150.37,1111914,0.0
2019-06-17,152.19,153.39,150.94,152.57,1098974,0.0
2019-06-18,152.85,154.1,150.7401,153.78,702392,0.0
2019-06-19,154.96,157.5,154.1638,155.75,810550,0.0
2019-06-20,154.1,155.15,150.33,150.8,834126,0.0
2019-06-23,150.83,151.96,147,147.57,741472,0.0
2019-06-24,148.03,148.37,143.33,143.53,563400,0.0
2019-06-25,144.27,145,139.23,141.54,827651,0.0
2019-06-26,142.47,147.08,142.26,145.82,761075,0.0
2019-06-27,145.83,150.31,145.83,149.88,816261,0.0
2019-06-30,151.49,153.065,150.94,151.41,871026,0.0
2019-07-01,151.82,151.82,144.34,145.67,996026,0.0
2019-07-02,145.99,146.98,143.21,143.35,734257,0.0
2019-07-04,142.11,147.33,141.31,146.99,516916,0.0
2019-07-07,146.48,148.5,144.13,145.63,631041,0.0
2019-07-08,144.91,147.89,143.9734,147.69,489271,0.0
2019-07-09,148.09,152.95,148.08,150.97,1019858,0.0
2019-07-10,151.52,152.84,148.9,152.5,557023,0.0
2019-07-11,152.34,152.55,145.89,149.205,825517,0.0
2019-07-14,149.72,152.29,148.06,151.1,647180,0.0
2019-07-15,151.53,153,148.8,149.83,638092,0.0
2019-07-16,149.61,149.61,144.77,147.49,650510,0.0
2019-07-17,147.68,155.99,146.42,153.43,864356,0.0
2019-07-18,153.71,155.0377,151.9,152.7,495327,0.0
2019-07-21,152.53,157,152.53,155.1,700980,0.0
2019-07-22,155.05,156.47,151.52,152,427179,0.0
2019-07-23,152.53,153.87,150.2,152.975,495928,0.0
2019-07-24,152.01,153.46,150.675,151.49,360018,0.0
2019-07-25,152.92,155.13,151.22,153.69,342241,0.0
2019-07-28,153.85,154.98,149.9211,153.39,418166,0.0
2019-07-29,152.1,157.1,152.1,156.26,568133,0.0
2019-07-30,157.49,160,154.4843,156.87,1394194,0.0
2019-07-31,157.01,161.3,140.5,148.33,3252628,0.0
2019-08-01,149.11,149.11,141.76,144.17,1067793,0.0
2019-08-04,141.49,143.43,139.53,142.07,995699,0.0
2019-08-05,143.18,147.95,143.18,147.91,1152396,0.0
2019-08-06,146.41,148,143.52,147.31,625077,0.0
2019-08-07,148.68,155.71,148.68,154.23,824582,0.0
2019-08-08,153.8537,156.36,153.35,155.42,815026,0.0
2019-08-11,153.88,155,150.63,151.9,395018,0.0
2019-08-12,153.63,158.2,150.6935,157.42,612796,0.0
2019-08-13,154.25,154.97,151.24,153.52,602104,0.0
2019-08-14,154.17,158.75,153.5,158.64,1038650,0.0
2019-08-15,159.09,165.09,158.54,163.8,1190920,0.0
2019-08-18,166.33,167.66,162.24,163.47,820472,0.0
2019-08-19,163.44,169.4599,162.47,168.1,1012058,0.0
2019-08-20,170,173.4,168.61,173.34,779329,0.0
2019-08-21,173.33,175.49,171.08,174.21,748370,0.0
2019-08-22,174.74,176.59,172.445,173.56,1119655,0.0
2019-08-25,175,175.5,172.85,174.65,749942,0.0
2019-08-26,176.16,178.35,174.45,175,738425,0.0
2019-08-27,172.88,178.45,172,175.18,737291,0.0
2019-08-28,177.8,177.8,171.51,172.1,1273936,0.0
2019-08-29,172.39,173.03,169.08,171.6,433984,0.0
2019-09-02,170,172.6,169.3,172.26,713212,0.0
2019-09-03,172.69,172.96,169.17,169.63,656355,0.0
2019-09-04,170.39,171.425,166.51,167.59,476273,0.0
2019-09-05,167.68,167.68,160.235,160.56,1033085,0.0
2019-09-08,160.06,161.16,144.84,145.38,1900609,0.0
2019-09-09,143.8,146.98,138.28,145.33,1544912,0.0
2019-09-10,145.87,148.83,145.05,146.73,902584,0.0
2019-09-11,147.45,149.31,146.13,147.27,711937,0.0
2019-09-12,145.58,147.16,144.1,146.37,599008,0.0
2019-09-15,145.49,149.67,144.78,148.76,557144,0.0
2019-09-16,150.97,155.84,149.08,153.75,879835,0.0
2019-09-17,151.46,157.675,151.46,156.91,767667,0.0
2019-09-18,157.51,157.51,153.48,154.85,397731,0.0
2019-09-19,155.01,157.85,152.14,154.44,654878,0.0
2019-09-22,155.2,158.49,154.209,155.34,514893,0.0
2019-09-23,155.03,156.59,151.31,153.5,489440,0.0
2019-09-24,153.77,154.5,149.3,153.78,464497,0.0
2019-09-25,154.45,155.1323,149.63,149.92,454459,0.0
2019-09-26,150.55,151.97,147.1,148.64,632020,0.0
2019-09-29,148.56,150.99,146.63,149.24,383600,0.0
2019-09-30,149.61,150.7525,148,148.83,375089,0.0
2019-10-01,148.19,149.995,145.79,148.855,450228,0.0
2019-10-02,149.39,158.29,145.605,157.5,933132,0.0
2019-10-03,157.21,161.32,157.21,160.14,1325625,0.0
2019-10-06,159.44,161.855,157.95,159.45,1118107,0.0
2019-10-07,158.33,159.28,150.0801,150.47,1549116,0.0
2019-10-08,152.08,154.99,149.5501,153.86,913404,0.0
2019-10-09,153.24,155.55,151.3,154.47,569246,0.0
2019-10-10,156.96,159.9,155.1,155.36,679716,0.0
2019-10-13,155.76,162.14,155.1,160.18,966609,0.0
2019-10-14,156,156.72,146.38,153.03,3923880,0.0
2019-10-15,155.79,159.475,150.48,153.91,1711225,0.0
2019-10-16,154.54,158.46,153.74,156.54,926022,0.0
2019-10-17,155.5,157.49,153.18,156.69,1146778,0.0
2019-10-20,156.87,159.6088,156.0726,156.41,376842,0.0
2019-10-21,157.32,158.32,150.52,150.9,411162,0.0
2019-10-22,152.42,154,146.11,146.6,637466,0.0
2019-10-23,148.21,149.29,146.46,146.96,435907,0.0
2019-10-24,146.92,149.91,145.23,147.27,454188,0.0
2019-10-27,147.52,152.29,147.52,151.59,400922,0.0
2019-10-28,151.83,155.68,149.46,154.97,485554,0.0
2019-10-29,155.85,156.95,153.08,155.72,361948,0.0
2019-10-30,155.39,157.4368,151.11,154.24,425823,0.0
2019-10-31,155.6,160.05,154.64,157.23,419416,0.0
2019-11-03,158.8,159.35,155.9,158.55,692544,0.0
2019-11-04,158.49,159.87,150.41,153.56,1288089,0.0
2019-11-05,153.99,157.255,152.265,153.36,1002269,0.0
2019-11-06,185.2,200.8,183.15,194.695,6998787,0.0
2019-11-07,194.1,199.624,193.5,198.17,2388304,0.0
2019-11-10,196,205.9262,194.6,205.615,1512012,0.0
2019-11-11,204.04,208.2,202.89,206.13,1222267,0.0
2019-11-12,204.22,206.53,199.9756,202.84,892725,0.0
2019-11-13,204.81,206.525,198.705,202.73,915193,0.0
2019-11-14,203.4,208.38,202.02,208.38,1127481,0.0
2019-11-17,209.21,214.48,208.82,213.85,1428833,0.0
2019-11-18,214.45,218.93,212.51,217.54,1217686,0.0
2019-11-19,216.52,223.25,216.5,221.14,1288985,0.0
2019-11-20,221.04,222.44,215.06,218.82,1236161,0.0
2019-11-21,217.47,223.5162,217.0217,221.85,882392,0.0
2019-11-24,224,227.52,221.7,226.78,689294,0.0
2019-11-25,226.55,227.8335,223.21,224.06,735854,0.0
2019-11-26,224.24,228.845,223.9287,227.35,511475,0.0
2019-11-28,226.1,229.69,225.27,227.11,202338,0.0
2019-12-01,218.15,224.53,217.1,223.8,1051738,0.0
2019-12-02,221.34,229.764,220.3183,228.62,571528,0.0
2019-12-03,228.8,230.85,226.0159,229.35,578120,0.0
2019-12-04,230.82,232,226.69,226.8,462790,0.0
2019-12-05,228.4,230.26,223.61,224.785,441146,0.0
2019-12-08,224.95,227.63,220.9,221,701082,0.0
2019-12-09,220.5,222.97,214.39,215.51,1455823,0.0
2019-12-10,213.92,215.7998,211.33,212.28,1176914,0.0
2019-12-11,211.87,213.08,201.57,202,1521735,0.0
2019-12-12,202,206.1296,199.52,203.73,1407123,0.0
2019-12-15,206.14,212.925,205.36,212.49,1284754,0.0
2019-12-16,213.24,217.85,208.5,217.3,1190625,0.0
2019-12-17,216.83,221.025,216.11,218.64,761049,0.0
2019-12-18,219.08,220.99,214.89,216.34,993163,0.0
2019-12-19,217.19,218.31,210.37,213.14,740761,0.0
2019-12-22,213.67,217.62,212.47,216.425,427810,0.0
2019-12-23,216.93,219.15,216.08,216.25,198382,0.0
2019-12-25,216.65,218.45,213.67,215.31,256938,0.0
2019-12-26,217.45,219.3274,214.02,218.08,310469,0.0
2019-12-29,217.21,218.76,213.65,216.13,348255,0.0
2019-12-30,216.48,220.69,216.1297,218.74,357473,0.0
2020-01-01,218.56,222.63,213.6874,219.38,741587,0.0
2020-01-02,216.79,219.525,215.21,218.94,359641,0.0
2020-01-05,217.92,227.175,216.75,225.99,563849,0.0
2020-01-06,225.01,234.43,225.01,231.45,1270115,0.0
2020-01-07,230.78,235.7596,228.81,233.18,678436,0.0
2020-01-08,235.01,240.7842,231.12,239.335,851546,0.0
2020-01-09,241.44,242.14,235.91,237.27,557642,0.0
2020-01-12,235,236.08,224.01,235.88,1436736,0.0
2020-01-13,236.15,241.955,233.74,235.22,757626,0.0
2020-01-14,236.98,236.98,229.3,234.34,899783,0.0
2020-01-15,234.72,237.63,230.22,234.3,639372,0.0
2020-01-16,236.19,236.81,230.26,230.66,459594,0.0
2020-01-20,230.7,235.97,229.8,231.59,1794226,0.0
2020-01-21,233.73,239.3213,233.39,235.68,969978,0.0
2020-01-22,236.95,237.79,231.69,236.04,978968,0.0
2020-01-23,237.77,238.7,233.0854,233.93,1013920,0.0
2020-01-26,229.01,236.425,226.725,235.45,427350,0.0
2020-01-27,235.85,237.77,233.84,235.09,637242,0.0
2020-01-28,236.27,240.215,232.58,238.54,600092,0.0
2020-01-29,237.85,239.77,232,238.93,423493,0.0
2020-01-30,238.82,247.34,238.01,240.75,908840,0.0
2020-02-02,241.04,243.75,236.45,237.09,494664,0.0
2020-02-03,238.91,245.26,237.67,243.7,519125,0.0
2020-02-04,244.34,244.34,237,238.54,542070,0.0
2020-02-05,241.72,242.42,237.14,238.94,422084,0.0
2020-02-06,239.33,240.99,235.01,240.19,491172,0.0
2020-02-09,240.59,247.43,240.0656,247.01,543031,0.0
2020-02-10,247.09,248.04,242.5404,247.92,477139,0.0
2020-02-11,248.01,250.68,243.44,245.78,633434,0.0
2020-02-12,244.02,254.7,242.27,253.42,995403,0.0
2020-02-13,283.8,295,275.9035,283.835,3247163,0.0
2020-02-17,284.4,298,281.38,296.01,1673769,0.0
2020-02-18,298.26,301.67,288.485,291.68,1343406,0.0
2020-02-19,293.79,306.71,287.23,302.51,2113404,0.0
2020-02-20,305.84,305.97,286.26,291.25,1327832,0.0
2020-02-23,278.19,295.0308,275,294.05,1094120,0.0
2020-02-24,297.44,301.83,278.71,284,1060487,0.0
2020-02-25,286.71,297.84,275.1,278.64,1250944,0.0
2020-02-26,273.54,293.97,270.011,281.5,1187231,0.0
2020-02-27,276.73,278.74,266.6677,275.98,1565007,0.0
2020-03-01,278.1,286.5,277.1,286.46,1371285,0.0
2020-03-02,286.34,288.8835,268.2,272.87,1060899,0.0
2020-03-03,277.82,284.2,273,283.86,932410,0.0
2020-03-04,281.94,291.8548,279.22,286.48,971920,0.0
2020-03-05,285.64,287.87,276.36,286.56,780679,0.0
2020-03-08,261.78,278.98,260,266.67,1199985,0.0
2020-03-09,272,281.8,263.54,279.06,2864964,0.0
2020-03-10,271.31,273,245.02,252.42,3985456,0.0
2020-03-11,218.51,255,215,246.91,1692965,0.0
2020-03-12,256.32,259,220,244.11,1535995,0.0
2020-03-15,215,218.93,202,202.17,3816812,0.0
2020-03-16,205.25,207.21,182.07,199.1244,2485535,0.0
2020-03-17,189.53,225,187,190.79,1495738,0.0
2020-03-18,191.22,219.65,191.16,206.91,2739698,0.0
2020-03-19,208.31,223.33,203.32,210.56,1288985,0.0
2020-03-22,209.55,221.49,196.565,210.08,1298845,0.0
2020-03-23,216.77,239.206,216,235.99,1201759,0.0
2020-03-24,239.67,254,237.01,238.69,1962187,0.0
2020-03-25,243.95,253.5,239.2103,250.21,1694996,0.0
2020-03-26,246.03,270,240.61,261.84,2768652,0.0
2020-03-29,265.31,280.9695,255.07,277.23,1163344,0.0
2020-03-30,272.63,277.0779,263.03,269.84,2893348,0.0
2020-03-31,255.51,263.94,252.1799,254.56,1048838,0.0
2020-04-01,250,270.97,250,266.38,2156832,0.0
2020-04-02,263.62,272.4775,257.07,260.5,1404407,0.0
2020-04-05,272.37,272.37,261,269,2294132,0.0
2020-04-06,272.97,280,250.01,250.72,1271889,0.0
2020-04-07,255.38,260.39,250.26,257.61,2001954,0.0
2020-04-08,259.95,276.615,258.6,274.985,1165138,0.0
2020-04-12,280.2,285.79,270.11,273.11,1083823,0.0
2020-04-13,276.79,285.25,274.0549,280.69,2540324,0.0
2020-04-14,278.9,300,277.63,291.7,3558384,0.0
2020-04-15,295,309.09,295,306.275,4331272,0.0
2020-04-16,310.87,329.59,303.33,323.46,4929502,0.0
2020-04-19,322.87,328.53,316,323.06,3273885,0.0
2020-04-20,320.41,322.92,307,308.48,3491612,0.0
2020-04-21,311.49,323.55,311.34,321.11,1241265,0.0
2020-04-22,318.57,328.9,317.14,322.04,2397484,0.0
2020-04-23,327.43,334.27,324.4882,332.2,2897046,0.0
2020-04-26,343.54,344.55,330,335.04,6191923,0.0
2020-04-27,335.01,338,312.15,314,3351013,0.0
2020-04-28,340,346.21,328.3604,345.48,4042748,0.0
2020-04-29,343,350.97,335,335.19,2158486,0.0
2020-04-30,331,343.27,328.3958,341.59,937238,0.0
2020-05-03,343.06,352.84,339.43,352.51,913604,0.0
2020-05-04,359.95,374.41,351.0923,364.27,2539674,0.0
2020-05-05,371.24,381.3775,365.5215,365.91,1241632,0.0
2020-05-06,391.83,408.49,389.01,404.35,7432926,0.0
2020-05-07,407.1,414.63,398.2171,405.99,6800668,0.0
2020-05-10,404.05,428,403.6,421.62,13914984,0.0
2020-05-11,420.3,421.77,410.1,411.48,4893212,0.0
2020-05-12,412.93,414.53,402,407.55,1913389,0.0
2020-05-13,401.55,408.71,396.72,403.04,1266195,0.0
2020-05-14,399.05,418.98,396.85,417.88,2220338,0.0
2020-05-17,425.02,428.59,413.235,414.21,2065356,0.0
2020-05-18,411.92,418.085,399.69,404.24,1384515,0.0
2020-05-19,409.79,410.985,395.1349,399.76,1062408,0.0
2020-05-20,399.31,403.21,390.85,399.37,1557858,0.0
2020-05-21,396.74,405.54,387.12,405.19,1378430,0.0
2020-05-25,408.49,411.75,380.08,381.93,1504803,0.0
2020-05-26,380.2,380.2,336.26,359.6,5687492,0.0
2020-05-27,360.62,378.69,359.635,361.79,1414821,0.0
2020-05-28,367.48,379.09,364,378.84,1001250,0.0
2020-05-31,382.5,383.8775,372.12,378.37,1398104,0.0
2020-06-01,376.01,380.75,368.41,375.77,1374184,0.0
2020-06-02,374,376.74,360.03,365.86,2033404,0.0
2020-06-03,363.66,364.83,340.34,344.92,2025196,0.0
2020-06-04,340.05,367.415,336.02,364.63,2045572,0.0
2020-06-07,362.25,370.24,352.27,368.83,2505968,0.0
2020-06-08,373,389.325,373,380.71,3055890,0.0
2020-06-09,385.22,387.71,371.86,385.14,959718,0.0
2020-06-10,378,381.57,360.918,363.01,2327750,0.0
2020-06-11,368.5989,385.89,366.49,371.44,446890,0.0
2020-06-14,363,399.54,358.68,399.15,3217406,0.0
2020-06-15,402,403.37,386.2801,393.05,2272797,0.0
2020-06-16,398.52,407.34,395.6711,403.22,2087391,0.0
2020-06-17,405.11,407.41,399.12,401.7,1321880,0.0
2020-06-18,405.15,412.25,403.12,409.36,1187880,0.0
2020-06-21,415.03,415.49,404.78,406.33,722109,0.0
2020-06-22,407.37,414.57,405,406.91,665564,0.0
2020-06-23,405.76,411.72,387.02,394.35,941365,0.0
2020-06-24,395.21,398.69,380.0678,398.05,992002,0.0
2020-06-25,399.94,404.56,375.24,383.07,1081964,0.0
2020-06-28,387.69,398.55,376.88,398.34,868673,0.0
2020-06-29,397.8,408.74,391.825,405.27,905100,0.0
2020-06-30,408.96,408.96,395.3,400.24,937057,0.0
2020-07-01,402.22,415.475,398.06,407.18,1008430,0.0
2020-07-05,412.2,432.8962,408.81,423.17,1111527,0.0
2020-07-06,427.4,439.49,424.18,426.28,963080,0.0
2020-07-07,429.26,435.4,426.09,435.26,824605,0.0
2020-07-08,435.8,445.52,428.5,440.5,974207,0.0
2020-07-09,439.33,442.73,433,439.64,1086192,0.0
2020-07-12,441.43,446.5,402.45,404.41,1461060,0.0
2020-07-13,396.56,411.32,381.12,409.9,1469492,0.0
2020-07-14,415,419.99,407.23,417.85,773649,0.0
2020-07-15,413.13,416.22,400.71,413.19,476920,0.0
2020-07-16,416.66,429.75,413.25,424.43,745224,0.0
2020-07-19,430.76,437,427.39,432.25,664577,0.0
2020-07-20,432.37,435,420.3801,429.03,567313,0.0
2020-07-21,430.82,434.74,417.68,426.26,383934,0.0
2020-07-22,427.26,437.67,417.26,420.19,433835,0.0
2020-07-23,420.46,424.8771,402.65,421.56,577462,0.0
2020-07-26,428.16,428.16,411.58,423.43,746287,0.0
2020-07-27,423.17,431.5,416.6,418.22,1058046,0.0
2020-07-28,429.83,444.72,411.68,427.41,1783537,0.0
2020-07-29,423.35,432.23,416.24,431.96,814114,0.0
2020-07-30,434.78,442.1266,425.01,435.66,718732,0.0
2020-08-02,440.62,449.4477,432.39,443.505,495844,0.0
2020-08-03,442.095,442.82,434.635,441.88,595347,0.0
2020-08-04,441.75,455,436.605,451.79,630963,0.0
2020-08-05,452.41,452.89,429.56,439.23,784927,0.0
2020-08-06,440.88,456.23,435.02,440.7,859781,0.0
2020-08-09,432.51,433.15,406.2139,421.62,973560,0.0
2020-08-10,415.01,419.21,403.15,411.14,729448,0.0
2020-08-11,412.2,430.42,412.2,427.69,556250,0.0
2020-08-12,432.8,439.9882,430.74,435.28,537772,0.0
2020-08-13,436.5,440.45,423.1034,424.85,422690,0.0
2020-08-16,428.97,441.84,427.4256,441.48,487913,0.0
2020-08-17,445.1592,446.311,434.0829,437.21,428073,0.0
2020-08-18,438.72,441.28,429.04,432.87,373096,0.0
2020-08-19,431.91,441.06,431.5,431.89,398514,0.0
2020-08-20,432.88,434.805,424,426.91,481478,0.0
2020-08-23,427.7369,428.99,414.5001,422.79,472251,0.0
2020-08-24,411.41,430.7,411.0923,430.05,450894,0.0
2020-08-25,425.64,433.52,423.03,425.72,504891,0.0
2020-08-26,425.27,431.22,413.02,427.75,607524,0.0
2020-08-27,428.32,431.02,417.8,418.83,453047,0.0
2020-08-30,418.04,427.83,412.6009,424.84,511726,0.0
2020-08-31,423.02,431.29,419.9055,422.38,544953,0.0
2020-09-01,423.91,449.98,413.02,447.71,1429529,0.0
2020-09-02,436,446.46,409,412.94,1448213,0.0
2020-09-03,412.64,414.82,377.35,398.05,1194022,0.0
2020-09-07,390.89,396.1795,383.18,389.42,644961,0.0
2020-09-08,398.45,403.86,390.24,401.63,666996,0.0
2020-09-09,401.19,403.4723,388.55,390.18,641282,0.0
2020-09-10,396.05,399.405,377.81,383.46,547625,0.0
2020-09-13,386.21,399.73,386.1,393.35,521960,0.0
2020-09-14,398.58,400.485,391.9833,398.39,392888,0.0
2020-09-15,399.83,403.97,391.52,394.18,542732,0.0
2020-09-16,382.62,389.6,375.62,386.21,989298,0.0
2020-09-17,390.82,401.06,381.01,389.67,804353,0.0
2020-09-20,385,393.21,381.655,391.52,527301,0.0
2020-09-21,392.18,398.63,381.7201,398.13,507779,0.0
2020-09-22,395.11,398.51,382.62,386.08,432674,0.0
2020-09-23,381,387.789,376.81,382.2,379553,0.0
2020-09-24,379.7836,402.53,376.77,402.35,613696,0.0
2020-09-27,399,401.5,387.01,400.42,970824,0.0
2020-09-28,399.79,409.555,397.95,401.93,418159,0.0
2020-09-29,401.02,415.63,397.51,412.23,421399,0.0
2020-09-30,417.08,420,409.83,413.71,392291,0.0
2020-10-01,396.99,401.6,379.11,384.75,1206483,0.0
2020-10-04,388,389.755,378.735,382.35,734422,0.0
2020-10-05,379.67,389.35,373.41,374.89,622340,0.0
2020-10-06,376.75,394.43,376.75,393.54,879769,0.0
2020-10-07,396.75,399.8,387.17,387.35,465522,0.0
2020-10-08,393.53,396.98,385.2,386,401990,0.0
2020-10-11,392.52,401.83,388.02,393.87,735652,0.0
2020-10-12,398.5,402.9,394.5,400.74,478743,0.0
2020-10-13,400.34,403.27,390.34,394.03,476782,0.0
2020-10-14,391.07,400.46,388.5311,399.75,942427,0.0
2020-10-15,403.2,417.99,399.97,405.16,748871,0.0
2020-10-18,403.63,410,395.02,397.78,676353,0.0
2020-10-19,397.44,404.2,389.63,392.48,393834,0.0
2020-10-20,393.89,396.795,385.09,387.84,608502,0.0
2020-10-21,386.5,398.25,385.86,395.8,402590,0.0
2020-10-22,398,411.21,396.965,410.86,472111,0.0
2020-10-25,405.66,418.99,403.5,418.43,671735,0.0
2020-10-26,395.23,398,380.11,380.7,2450829,0.0
2020-10-27,366.34,368,330.62,349.11,5414261,0.0
2020-10-28,352.76,354.39,332.37,335.04,2244143,0.0
2020-10-29,336.74,338,317.5,319.5,2001139,0.0
2020-11-01,328.54,328.54,305.63,312,1637901,0.0
2020-11-02,318.85,333.5,317.1,331.41,1116534,0.0
2020-11-03,347.03,350.36,335.31,344.48,1202399,0.0
2020-11-04,352.48,366.245,349.81,355.17,1265341,0.0
2020-11-05,356.38,365.06,349.1026,361.1,823197,0.0
2020-11-08,361.33,366.04,343.1,343.87,1034978,0.0
2020-11-09,336.21,341.26,326.86,339.54,924747,0.0
2020-11-10,342.85,352.48,340.5,347.37,831191,0.0
2020-11-11,348.47,359.28,334.02,336.45,1115067,0.0
2020-11-12,342.82,346.59,334.67,337.29,468975,0.0
2020-11-15,336.4,344.46,332.95,340.03,746275,0.0
2020-11-16,336.85,338.65,333.24,334.48,738452,0.0
2020-11-17,335.245,335.8251,327.57,329.455,771109,0.0
2020-11-18,326.9,334.4,324.27,330.64,803297,0.0
2020-11-19,331.15,332.2788,315.54,315.71,1404060,0.0
2020-11-22,318.99,325,314.6261,320.96,1119079,0.0
2020-11-23,322.9965,322.9965,312.52,313.32,843508,0.0
2020-11-24,315.08,320.14,311.0107,312.7362,702118,0.0
2020-11-26,317.63,319.66,312.01,318.2,495498,0.0
2020-11-29,317.57,321.93,313.3805,319.61,1077923,0.0
2020-11-30,321.35,329.11,319.17,327.74,944152,0.0
2020-12-01,326.68,333.858,322.62,333.2,778936,0.0
2020-12-02,333.4,349.07,331.2589,345.06,1249954,0.0
2020-12-03,343.52,349.96,338.16,348.21,921965,0.0
2020-12-06,350.74,353.827,335.935,337.4,736758,0.0
2020-12-07,338.45,348.28,333.33,348.17,805816,0.0
2020-12-08,347.81,349.5,329.6,333.01,1443996,0.0
2020-12-09,332,349.4294,330.09,347.19,1288966,0.0
2020-12-10,342.45,351.5,341.735,347.87,1009052,0.0
2020-12-13,349.15,358.94,348.035,353.58,1411810,0.0
2020-12-14,356.65,357.38,345,354.37,1141267,0.0
2020-12-15,352.2,356.82,348.88,351.84,728895,0.0
2020-12-16,355.37,359.55,352.54,358.03,578936,0.0
2020-12-17,361.4558,365.5,353.48,358.58,734482,0.0
2020-12-20,352.67,354.93,346.64,348.81,758175,0.0
2020-12-21,348.95,354.25,345.43,354.23,638802,0.0
2020-12-22,357.17,364.99,355.98,355.98,559034,0.0
2020-12-23,356.54,358.279,351.72,354.78,264615,0.0
2020-12-27,355.39,365.38,352.37,362.39,966016,0.0
2020-12-28,367.665,368.69,352.55,356.67,440707,0.0
2020-12-29,359.76,363.15,354.04,362.89,568541,0.0
2020-12-30,364.95,370.64,361.5473,369.79,723280,0.0
2021-01-03,366.07,369.47,351.84,357.75,870965,0.0
2021-01-04,358.04,370.59,355.22,368.75,600305,0.0
2021-01-05,370.97,384.51,366.69,375.84,1766578,0.0
2021-01-06,376.7,389.6,376.7,387.09,1004288,0.0
2021-01-07,389.27,396.98,381.27,388.03,1212331,0.0
2021-01-10,373.99,375.5,363.17,370.7094,1348943,0.0
2021-01-11,371.37,371.51,356.26,359.98,1067111,0.0
2021-01-12,359.92,364.44,347.8799,362.82,876090,0.0
2021-01-13,362.18,364.2739,350.0396,352.07,825829,0.0
2021-01-14,352.23,356.75,347.59,354.32,661819,0.0
2021-01-18,358.49,360.05,348.025,357.48,705209,0.0
2021-01-19,359.43,367.29,357.96,364.07,588713,0.0
2021-01-20,366.7,370.79,361.7,367.5,617724,0.0
2021-01-21,367.63,373.99,365.28,370.11,356910,0.0
2021-01-24,373.55,378,364.46,376.16,488661,0.0
2021-01-25,377.69,377.84,360.26,361.49,670395,0.0
2021-01-26,359.7,361.21,349,350.03,954291,0.0
2021-01-27,353.29,368.97,350.5,366.87,838409,0.0
2021-01-28,362.57,379.06,359.8,375.38,747015,0.0
2021-01-31,376.35,386.59,373,382.63,624639,0.0
2021-02-01,387.23,401.65,385.2,394.95,759537,0.0
2021-02-02,392.47,395,383.059,391.97,670581,0.0
2021-02-03,395.48,408.0994,392.84,403.6,738991,0.0
2021-02-04,408.02,412.24,404,411.23,498646,0.0
2021-02-07,414.78,415,402.615,403.14,740164,0.0
2021-02-08,405.75,408,397.81,401.03,595651,0.0
2021-02-09,406.43,406.43,396.18,399.44,619630,0.0
2021-02-10,404.62,411.06,399.15,411.06,580140,0.0
2021-02-11,387.98,414.34,381.05,413.16,1871045,0.0
2021-02-15,411,412.6,400.31,404.39,809506,0.0
2021-02-16,406.28,417.29,400.19,413.86,581471,0.0
2021-02-17,412.42,413.42,402.64,410.84,543503,0.0
2021-02-18,411.86,423.4,406.54,418.94,858441,0.0
2021-02-21,416.75,422.26,408.8,412.17,542310,0.0
2021-02-22,406.98,411.73,396.49,406.78,706440,0.0
2021-02-23,403.18,407.325,399.73,405.64,425604,0.0
2021-02-24,405.64,405.815,390.67,395.48,554768,0.0
2021-02-25,396.79,402.49,386.12,397.76,497682,0.0
2021-02-28,400.4,401.99,392.985,396.74,635257,0.0
2021-03-01,396,398.46,387.16,391.91,581106,0.0
2021-03-02,386.79,386.79,364.6,368.775,1234279,0.0
2021-03-03,367.88,371.78,352.14,356.41,938249,0.0
2021-03-04,361.51,367.45,347.23,364.08,698876,0.0
2021-03-07,361.63,366.96,348.77,352.06,749909,0.0
2021-03-08,356.94,365.39,356.94,363.02,721297,0.0
2021-03-09,369.76,371.88,356.38,356.39,903273,0.0
2021-03-10,355.86,367.105,354.97,366.56,481806,0.0
2021-03-11,359.23,360.564,352.59,357.9,824227,0.0
2021-03-14,353.76,362.98,351.04,361.56,680807,0.0
2021-03-15,366.97,367.54,353,354.65,653594,0.0
2021-03-16,353.56,353.56,341.16,351.83,864581,0.0
2021-03-17,348,349.16,337.14,339.26,1101805,0.0
2021-03-18,339.69,347.72,337.88,344.34,661132,0.0
2021-03-21,343.52,362.12,342.8274,359.82,870564,0.0
2021-03-22,352.88,366.7,352.88,364.28,672914,0.0
2021-03-23,362.67,362.67,354.45,355.89,784028,0.0
2021-03-24,354,357.41,340.335,347.8,788722,0.0
2021-03-25,346.93,353.45,340.445,353.09,563750,0.0
2021-03-28,352.88,354.85,345.3,349.41,546826,0.0
2021-03-29,346.58,350.415,341.27,347.21,540239,0.0
2021-03-30,350,363.5,348,359.6,547933,0.0
2021-03-31,362.41,370.6459,361.01,365.09,463431,0.0
2021-04-04,367.5,369.17,361.54,368.6,384900,0.0
2021-04-05,363.49,378.7,363.49,372.98,654839,0.0
2021-04-06,373.57,373.685,366.59,369.15,378979,0.0
2021-04-07,377,382.27,372.18,378.48,363632,0.0
2021-04-08,378.4,383.17,373.1,382.89,340910,0.0
2021-04-11,380.27,388.64,376.875,387.14,495040,0.0
2021-04-12,384.3,390.19,382.74,388.1,398630,0.0
2021-04-13,389.04,393.48,385.98,391.37,376744,0.0
2021-04-14,394.31,401.06,392.93,399.6,432538,0.0
2021-04-15,400.57,401.65,393.64,400.05,473551,0.0
2021-04-18,396.6,399.01,391.645,392.83,288913,0.0
2021-04-19,389.81,395.58,383.265,389.14,668422,0.0
2021-04-20,391.33,403.6,388.75,401.89,438434,0.0
2021-04-21,403.14,413.62,403.14,410.8,723368,0.0
2021-04-22,408.8,416.59,408,415,328498,0.0
2021-04-25,415.83,419,410.415,418.86,372420,0.0
2021-04-26,417.5,422.9999,416.84,421.7,684490,0.0
2021-04-27,418.27,426.62,417.17,426.12,454264,0.0
2021-04-28,428,428.94,418.65,422.78,637655,0.0
2021-04-29,400,403.16,384.82,386.1,2569594,0.0
2021-05-02,386.31,386.545,375.5,380.67,778649,0.0
2021-05-03,378.17,378.97,366.225,371.75,812404,0.0
2021-05-04,371.99,374.135,360.75,366.21,714924,0.0
2021-05-05,360.75,362.88,350.645,357.34,773922,0.0
2021-05-06,362.57,370.38,358.5,358.63,645850,0.0
2021-05-09,358.56,359.27,342.42,342.55,746009,0.0
2021-05-10,337.52,354.98,336.18,347.87,1510182,0.0
2021-05-11,344,344,329.56,333.63,1031536,0.0
2021-05-12,335.92,338,318.45,323.94,1164975,0.0
2021-05-13,326.7,336.38,324.59,333.53,703137,0.0
2021-05-16,331.2,333.68,321.93,325.41,711097,0.0
2021-05-17,329.9861,337.48,328.87,329.93,734224,0.0
2021-05-18,323.47,332.9,323,332.29,448005,0.0
2021-05-19,336.08,345.76,333.7,344.12,428127,0.0
2021-05-20,344.6,351.5,341.56,342.27,550987,0.0
