Date,Open,High,Low,Close,Volume,OpenInterest
2017-06-01,151.85,153.63,151.3,153.59,14584144,0.0
2017-06-04,153.64,154.7088,153.41,153.63,10578928,0.0
2017-06-05,153.41,154.52,152.48,152.82,10374335,0.0
2017-06-06,153.27,153.75,152.34,153.12,9657503,0.0
2017-06-07,154.08,154.73,153.1,154.71,12913519,0.0
2017-06-08,154.77,155.59,146.61,149.6,30174984,0.0
2017-06-11,148.17,149.195,144.56,148.44,27407902,0.0
2017-06-12,150.13,151.18,148.9,150.68,17052561,0.0
2017-06-13,151.28,152.4,149.05,150.25,16939997,0.0
2017-06-14,147.67,150.0366,146.3747,149.81,16342501,0.0
2017-06-15,149.66,150.83,148.6,150.6,15647847,0.0
2017-06-18,151.71,153.57,151.71,152.85,15430309,0.0
2017-06-19,152.88,153.84,152.21,152.26,12218674,0.0
2017-06-20,152.36,154.08,151.88,153.911,12880120,0.0
2017-06-21,153.25,154.55,152.91,153.41,10453340,0.0
2017-06-22,152.84,155.2,152.65,155.07,11440119,0.0
2017-06-25,156.25,156.5,153.1954,153.58,15438211,0.0
2017-06-26,152.88,153.31,150.39,150.61,15521137,0.0
2017-06-27,150.92,153.47,149.86,153.22,14109232,0.0
2017-06-28,152.27,152.5,148.9175,151.04,20632724,0.0
2017-06-29,151.88,151.92,150.06,150.99,11263899,0.0
2017-07-02,151.72,152.15,147.8,148.44,11423638,0.0
2017-07-04,149.01,150.85,148.13,150.34,11777078,0.0
2017-07-05,149.03,150.04,148,148.83,12330874,0.0
2017-07-06,149.25,151.99,149.19,151.44,11041983,0.0
2017-07-09,151.69,153.98,151.51,153.5,11068067,0.0
2017-07-10,153.37,155.4225,152.91,155.279,11241018,0.0
2017-07-11,156.49,159.16,156.2,158.91,18645625,0.0
2017-07-12,158.67,159.78,158.4227,159.26,11486476,0.0
2017-07-13,160.13,160.32,159.3254,159.97,12394593,0.0
2017-07-16,160.25,160.78,158.81,159.73,10273662,0.0
2017-07-17,159.66,163.73,159.42,162.86,19242354,0.0
2017-07-18,163.56,165.7,163.17,164.14,19439676,0.0
2017-07-19,164.75,165,162.81,164.54,15624780,0.0
2017-07-20,164.28,165.05,163.75,164.41,11774338,0.0
2017-07-23,164.65,166.17,164.31,166,14147606,0.0
2017-07-24,165.01,165.54,163.8619,165.28,12802292,0.0
2017-07-25,166.01,166.01,164.1,165.61,20331472,0.0
2017-07-26,174.7,175.49,167.5,170.44,53253032,0.0
2017-07-27,169.26,173.43,169.05,172.46,21256779,0.0
2017-07-30,172,172.72,168.55,169.28,21074373,0.0
2017-07-31,169.74,170.47,169.05,169.85,12038737,0.0
2017-08-01,170.3,170.55,166.91,169.25,14261000,0.0
2017-08-02,169.3,169.7,168.25,168.573,8532671,0.0
2017-08-03,168.97,170.06,168.69,169.59,8539946,0.0
2017-08-06,169.95,172.06,169.66,171.96,10680467,0.0
2017-08-07,171.87,173.05,170.62,171.22,11890915,0.0
2017-08-08,169.98,171.45,169.56,171.18,8616304,0.0
2017-08-09,170.03,170.59,166.85,167.41,16493884,0.0
2017-08-10,167.95,168.82,166.85,168.08,11787419,0.0
2017-08-13,170.11,171.08,169.29,170.7375,10405895,0.0
2017-08-14,171.49,171.5,170.01,171.01,7024594,0.0
2017-08-15,171.46,171.47,169.24,169.99,13228074,0.0
2017-08-16,169.34,169.86,166.85,166.93,13957311,0.0
2017-08-17,166.84,168.67,166.21,167.43,12543478,0.0
2017-08-20,167.16,168,165.82,167.78,9861002,0.0
2017-08-21,168.28,169.87,167.15,169.63,9627731,0.0
2017-08-22,168.84,169.36,168.2,168.71,7724671,0.0
2017-08-23,168.88,169.29,166.41,167.71,11333870,0.0
2017-08-24,168,168.38,166.18,166.33,10269366,0.0
2017-08-27,166.88,167.7,166.33,167.24,6566463,0.0
2017-08-28,165.25,168.425,165,168.06,8934907,0.0
2017-08-29,168.17,170.18,167.63,169.92,8875300,0.0
2017-08-30,170.41,172.145,170.06,171.97,13093224,0.0
2017-08-31,172.4,172.915,171.31,172.01,9693553,0.0
2017-09-04,171.28,172.3875,169.55,170.72,10509785,0.0
2017-09-05,170.91,172.48,169.57,172.09,11272720,0.0
2017-09-06,171.94,173.3067,170.27,173.21,15384082,0.0
2017-09-07,173.09,173.49,170.8,170.95,8597398,0.0
2017-09-10,172.36,173.89,172.2,173.48,9860494,0.0
2017-09-11,173.76,174,171.75,172.95,9091145,0.0
2017-09-12,173,173.17,172.06,172.97,7341588,0.0
2017-09-13,172.26,172.28,170.5,170.96,12686821,0.0
2017-09-14,170.7,172.34,170.26,171.555,11009118,0.0
2017-09-17,171.91,172.07,169.34,169.98,10034637,0.0
2017-09-18,170.62,172.56,170.36,172.51,10560130,0.0
2017-09-19,172.5,173.05,170.7,172.14,10132711,0.0
2017-09-20,171.69,172.27,170.01,171.12,9253839,0.0
2017-09-21,170.21,171.73,169.22,170.46,9700704,0.0
2017-09-24,169.17,169.3,161.56,162.87,34965125,0.0
2017-09-25,164.48,165.5,162.78,164.24,19381099,0.0
2017-09-26,165.9,168.34,165.57,167.68,14594597,0.0
2017-09-27,167.85,169.0696,167.16,168.73,10013118,0.0
2017-09-28,168.83,171.66,168.81,170.82,11961044,0.0
2017-10-01,171.39,171.87,168.75,169.44,10932898,0.0
2017-10-02,169.3,170.73,169.2,169.97,6575838,0.0
2017-10-03,169.83,170.67,168.29,168.42,9683176,0.0
2017-10-04,169.18,171.31,168.6,171.24,11816313,0.0
2017-10-05,170.25,172.37,169.75,172.19,9917296,0.0
2017-10-08,172.7,174.88,172,172.5,12553008,0.0
2017-10-09,173,173.2,170.8,171.58,9171537,0.0
2017-10-10,171.98,172.78,171.4,172.69,9206305,0.0
2017-10-11,172.61,173.85,172.29,172.54,8947977,0.0
2017-10-12,173.45,174.65,173.2,173.77,10748215,0.0
2017-10-15,174.49,175,174.06,174.52,9060211,0.0
2017-10-16,174.67,176.13,174.36,176.07,12984388,0.0
2017-10-17,176.65,176.74,175.75,176.06,10969182,0.0
2017-10-18,174.71,174.99,172.63,174.56,11501995,0.0
2017-10-19,175.48,175.88,174.63,174.97,8975639,0.0
2017-10-22,175.26,175.34,171.25,171.28,11650968,0.0
2017-10-23,172.3,173.24,171.5,171.8,9429036,0.0
2017-10-24,171.9,172.25,168.89,170.6,11643016,0.0
2017-10-25,171.52,172.285,170.39,170.6,7344780,0.0
2017-10-26,174.22,178.21,173.9,177.77,24981763,0.0
2017-10-29,179.26,180.69,177.61,179.84,20127670,0.0
2017-10-30,180.57,180.8,178.94,180.07,16373536,0.0
2017-10-31,182.31,182.9,180.57,182.5755,24768050,0.0
2017-11-01,180.63,181.94,177.34,178.91,28149715,0.0
2017-11-02,179.19,179.86,176.71,178.92,14716941,0.0
2017-11-05,178.56,180.45,178.31,180.17,11046281,0.0
2017-11-06,180.5,180.7478,178.96,180.25,10151151,0.0
2017-11-07,179.79,180.35,179.11,179.56,7998753,0.0
2017-11-08,178.28,179.4,177.09,179.3,9921664,0.0
2017-11-09,178.35,179.0999,177.96,178.455,7922843,0.0
2017-11-12,177.49,179.04,177.3,178.78,6441523,0.0
2017-11-13,178.13,178.97,177.18,178.06,7704943,0.0
2017-11-14,176.84,178.57,176.4,177.96,8207574,0.0
2017-11-15,178.76,179.83,178.5,179.58,10640182,0.0
2017-11-16,179.3,179.98,178.9,178.98,10022890,0.0
2017-11-19,178.87,179.5,178.1,178.74,7728454,0.0
2017-11-20,179.1,181.89,178.99,181.83,11649606,0.0
2017-11-21,181.3,181.73,180.44,180.85,8476177,0.0
2017-11-23,180.44,183.15,180.29,182.78,7897540,0.0
2017-11-26,182.62,183.73,181.99,183.03,8537571,0.0
2017-11-27,183.6,184.25,182.09,182.43,11058474,0.0
2017-11-28,181.88,181.97,174,175.12,36510788,0.0
2017-11-29,176.85,178.275,175.2,177.15,18821505,0.0
2017-11-30,176.03,177.48,172.34,174.99,15572635,0.0
2017-12-03,176.29,176.57,170.79,171.47,20575305,0.0
2017-12-04,170.46,175.38,169.01,172.83,15220915,0.0
2017-12-05,172.38,176.77,171.9,176.08,14110975,0.0
2017-12-06,175.8,180.39,175.8,180.2,16413372,0.0
2017-12-07,181.63,182.28,178.7401,179,14251392,0.0
2017-12-10,179.31,180.22,178.8,179.02,9739846,0.0
2017-12-11,178.6,179.18,176.6,176.96,13071102,0.0
2017-12-12,177.43,179.16,177.25,178.31,11159741,0.0
2017-12-13,178.29,180.3601,177.68,178.44,10179053,0.0
2017-12-14,178.64,180.4934,178.36,180.17,16659376,0.0
2017-12-17,181.01,181.3,179.75,180.9,11174503,0.0
2017-12-18,180,180.08,178.22,179.45,11810193,0.0
2017-12-19,179.82,179.82,177.36,177.88,9697549,0.0
2017-12-20,177.93,178.68,177.05,177.45,9116769,0.0
2017-12-21,177.14,177.53,176.23,177.21,6531288,0.0
2017-12-25,176.63,177,174.67,175.99,6193195,0.0
2017-12-26,176.54,178.44,176.26,177.51,7095002,0.0
2017-12-27,177.95,178.9367,177.68,177.89,8411684,0.0
2017-12-28,178,178.85,176.46,176.52,7196474,0.0
2018-01-01,177.68,181.58,177.55,181.43,14467954,0.0
2018-01-02,181.86,184.78,181.33,184.48,12994752,0.0
2018-01-03,184.9,186.21,184.0996,184.32,10849386,0.0
2018-01-04,185.59,186.9,184.93,186.78,10140367,0.0
2018-01-07,187.2,188.9,186.33,188.25,11672962,0.0
2018-01-08,188.7,188.8,187.1,187.9,9847213,0.0
2018-01-09,186.94,187.88,185.63,187.84,8115277,0.0
2018-01-10,188.4,188.4,187.38,187.76,7154447,0.0
2018-01-11,178.06,181.48,177.4,179.4,60301294,0.0
2018-01-15,181.5,181.75,178.04,178.4,28190996,0.0
2018-01-16,178.98,179.32,175.8,177.58,22399616,0.0
2018-01-17,178.13,180.98,177.08,179.8,18314171,0.0
2018-01-18,180.75,182.37,180.1702,181.29,19583276,0.0
2018-01-21,180.79,185.39,180.41,185.37,15798057,0.0
2018-01-22,186.05,189.55,185.55,189.38,20362309,0.0
2018-01-23,189.89,190.66,186.52,186.55,18690788,0.0
2018-01-24,187.87,188.62,186.6,187.46,13248999,0.0
2018-01-25,187.75,190,186.81,189.92,12164221,0.0
2018-01-28,188.7,188.84,185.6301,185.96,16507405,0.0
2018-01-29,183.01,188.18,181.84,187.1,15767940,0.0
2018-01-30,188.38,189.83,185.22,186.93,21657451,0.0
2018-01-31,188.22,195.32,187.89,193.08,42954993,0.0
2018-02-01,192.04,194.21,189.98,190.275,20345286,0.0
2018-02-04,186.96,190.61,180.61,181.26,25384078,0.0
2018-02-05,178.47,185.77,177.74,185.43,29297658,0.0
2018-02-06,184.27,185.0817,179.95,180.17,22696290,0.0
2018-02-07,181.01,181.84,171.4815,171.595,29317857,0.0
2018-02-08,174.76,176.9,167.18,176.05,31830471,0.0
2018-02-11,177.09,177.545,171.84,176.4,24904119,0.0
2018-02-12,175.62,175.97,173.1,173.15,17468774,0.0
2018-02-13,173.39,179.81,173.2119,179.46,21999477,0.0
2018-02-14,180.5,180.5,176.84,179.96,16599521,0.0
2018-02-15,178.99,179.88,176.3,177.37,15694462,0.0
2018-02-19,175.89,177.95,175.11,176.01,15944334,0.0
2018-02-20,176.92,181.27,176.4,177.92,17993471,0.0
2018-02-21,178.85,180.21,177.41,178.99,13998579,0.0
2018-02-22,179.99,183.39,179.51,183.2911,14952390,0.0
2018-02-25,184.58,185.66,183.2228,184.92,13894988,0.0
2018-02-26,184.45,184.7,181.46,181.46,12386906,0.0
2018-02-27,182.32,182.88,178.14,178.31,13774539,0.0
2018-02-28,179,180.12,174.41,175.93,18122473,0.0
2018-03-01,173.29,177.11,172.99,176.61,15669572,0.0
2018-03-04,176.11,181.1475,175.89,180.41,12986798,0.0
2018-03-05,181.72,182.38,179.11,179.77,11835193,0.0
2018-03-06,178.74,183.82,178.07,183.72,15233869,0.0
2018-03-07,183.5,184.4,181.45,182.34,12530454,0.0
2018-03-08,183.96,185.51,183.21,185.21,14150925,0.0
2018-03-11,185.34,186.1,184.22,184.76,11453503,0.0
2018-03-12,185.6,185.99,181.11,181.88,14612067,0.0
2018-03-13,182.52,184.25,181.85,184.24,13250874,0.0
2018-03-14,183.22,184,182.19,183.86,12339528,0.0
2018-03-15,184.49,185.33,183.41,185.03,13366717,0.0
2018-03-18,177.01,177.17,170.06,172.57,74141107,0.0
2018-03-19,167.41,170.2,161.95,168.14,112442583,0.0
2018-03-20,164.7,173.4,163.3,169.4492,92975524,0.0
2018-03-21,166.13,170.27,163.72,164.91,63001285,0.0
2018-03-22,165.43,167.1,159.02,159.35,43425065,0.0
2018-03-25,160.78,161.1,149.02,160.0599,108168561,0.0
2018-03-26,156.35,162.85,150.75,152.27,64833165,0.0
2018-03-27,151.64,155.88,150.8,153.02,49871859,0.0
2018-03-28,155.15,161.42,154.14,159.8,48338017,0.0
2018-04-01,157.81,159.2,154.111,155.39,30495493,0.0
2018-04-02,156.55,157.39,150.81,156.11,35319540,0.0
2018-04-03,152.03,155.56,150.51,155.11,38956785,0.0
2018-04-04,161.56,161.6,156.65,159.3499,32864433,0.0
2018-04-05,157.73,161.42,156.81,157.19,34167358,0.0
2018-04-08,157.82,160.53,156.04,157.87,29375107,0.0
2018-04-09,157.89,165.98,157.01,165.07,50644598,0.0
2018-04-10,165.44,168.65,163.25,166.34,49460670,0.0
2018-04-11,166.91,167.45,163.1,163.85,32026309,0.0
2018-04-12,164.56,165.7036,163.77,164.5317,16161133,0.0
2018-04-15,165.7249,165.76,163.39,164.83,13087589,0.0
2018-04-16,165.68,169,165.66,168.66,16925765,0.0
2018-04-17,166.83,168.12,165.77,166.36,16456425,0.0
2018-04-18,166.17,168.33,165.2,168.11,15639595,0.0
2018-04-19,167.79,168.43,165.81,166.29,15039273,0.0
2018-04-22,167.27,168.45,165.09,165.85,19290696,0.0
2018-04-23,165.43,166.1,158.19,159.69,29568957,0.0
2018-04-24,160.1448,161.06,156.19,159.935,24814951,0.0
2018-04-25,173.22,176.27,170.8,174.23,59909746,0.0
2018-04-26,176.81,177.1,172.6,173.59,24069470,0.0
2018-04-29,173.79,175.72,171.71,172.02,15091703,0.0
2018-04-30,172.09,174.02,170.23,173.87,21228372,0.0
2018-05-01,174.246,178.08,174.2,176.07,25172726,0.0
2018-05-02,175.13,176.12,172.12,174.01,17337268,0.0
2018-05-03,173.08,176.98,173.06,176.61,13950596,0.0
2018-05-06,177.35,179.5,177.17,177.98,14102187,0.0
2018-05-07,178.25,179.04,177.11,178.89,12070664,0.0
2018-05-08,179.67,183.01,178.7807,182.69,17071604,0.0
2018-05-09,183.15,186.1292,182.5,185.53,17759252,0.0
2018-05-10,184.85,188.32,184.18,187,16944021,0.0
2018-05-13,187.71,187.86,186.2,186.6,12371587,0.0
2018-05-14,184.9,185.29,183.2,184.31,12122685,0.0
2018-05-15,183.6952,184.32,182.66,183.22,13347956,0.0
2018-05-16,182.68,184.06,182.22,183.76,10559148,0.0
2018-05-17,183.41,184.19,182.61,182.69,8046211,0.0
2018-05-20,183.77,185.3,183.13,184.49,8968049,0.0
2018-05-21,184.93,185.42,183.43,183.82,8706852,0.0
2018-05-22,182.5,186.91,182.18,186.91,12161252,0.0
2018-05-23,185.88,186.8,185.03,185.95,9171249,0.0
2018-05-24,186.02,186.33,184.45,184.89,8505175,0.0
2018-05-28,184.17,186.81,183.71,185.76,12857494,0.0
2018-05-29,186.54,188,182.66,187.66,11015114,0.0
2018-05-30,187.79,192.72,187.48,191.78,19160338,0.0
2018-05-31,193.065,194.5492,192.07,193.95,13432088,0.0
2018-06-03,191.79,193.98,191.47,193.27,13599496,0.0
2018-06-04,194.25,195,192.62,192.97,12000495,0.0
2018-06-05,191.0252,192.53,189.11,191.42,17024578,0.0
2018-06-06,190.75,190.97,186.77,188.16,17102003,0.0
2018-06-07,187.48,189.4754,186.43,189.04,9269791,0.0
2018-06-10,188.97,192.6,188.8,191.55,10223003,0.0
2018-06-11,192.15,193.28,191.56,192.38,8363210,0.0
2018-06-12,192.74,194.5,191.91,192.39,11352707,0.0
2018-06-13,193.12,197.28,192.91,196.8,13824940,0.0
2018-06-14,195.64,197.07,194.64,195.84,13614477,0.0
2018-06-17,194.92,199.58,194.13,198.31,12288881,0.0
2018-06-18,196.14,197.96,193.79,197.51,13798813,0.0
2018-06-19,199,203.55,198.805,202.08,20833705,0.0
2018-06-20,202.76,203.39,200.09,201.5,14501469,0.0
2018-06-21,201.16,202.24,199.31,201.37,12047546,0.0
2018-06-24,199.9,200,193.11,196.38,18684481,0.0
2018-06-25,197.51,199.01,196.23,199.01,13532032,0.0
2018-06-26,199.18,200.75,195.8,195.84,13842691,0.0
2018-06-27,195.18,197.34,193.26,196.23,14379789,0.0
2018-06-28,197.25,197.5997,193.955,194.32,10762418,0.0
2018-07-01,193.37,197.45,192.22,197.37,10295013,0.0
2018-07-02,194.56,195.4,192.52,192.79,10569621,0.0
2018-07-04,194.74,198.65,194.03,198.47,15686887,0.0
2018-07-05,198.46,203.64,197.7,203.26,14837696,0.0
2018-07-08,204.93,205.8,202.1201,204.78,14350716,0.0
2018-07-09,204.49,204.91,202.26,203.52,9661871,0.0
2018-07-10,202.08,204.5,201.75,202.47,9671557,0.0
2018-07-11,203.43,207.08,203.19,206.91,12211103,0.0
2018-07-12,207.81,208.43,206.45,207.33,8632563,0.0
2018-07-15,207.5,208.72,206.84,207.24,8260919,0.0
2018-07-16,204.89,210.46,204.84,210,12055888,0.0
2018-07-17,209.82,210.99,208.44,209.35,10890725,0.0
2018-07-18,208.79,209.99,207.76,208.08,7440445,0.0
2018-07-19,208.82,211.5,208.5,209.95,11772330,0.0
2018-07-22,210.58,211.62,208.8,210.93,11978530,0.0
2018-07-23,215.11,216.2,212.6,214.67,22030365,0.0
2018-07-24,215.715,218.62,214.27,217.48,24604211,0.0
2018-07-25,174.89,180.13,173.75,176.27,126615889,0.0
2018-07-26,179.87,179.98,173,174.87,49187934,0.0
2018-07-29,175.3,175.3,166.56,171.09,55139276,0.0
2018-07-30,170.6,174.24,170,172.59,32821567,0.0
2018-07-31,173.87,175.08,170.9,171.64,27449848,0.0
2018-08-01,170.75,176.79,170.27,176.36,23791124,0.0
2018-08-02,177.69,178.85,176.15,177.76,19515748,0.0
2018-08-05,179.03,185.79,178.38,185.7,41044003,0.0
2018-08-06,186.5,188.3,183.72,183.81,27937760,0.0
2018-08-07,184.7,186.85,183.76,185.19,18007542,0.0
2018-08-08,185.8492,186.57,182.48,183.09,15199929,0.0
2018-08-09,182.07,182.1,179.42,180.27,17054656,0.0
2018-08-12,180.1,182.61,178.9,180.1,12752321,0.0
2018-08-13,180.86,181.99,178.62,181.11,13709219,0.0
2018-08-14,179.25,180.87,174.78,179.54,26279816,0.0
2018-08-15,180.27,180.5,174.01,174.72,25379959,0.0
2018-08-16,174.62,176.22,172.04,173.73,19804578,0.0
2018-08-19,174.04,174.57,170.91,172.51,15933546,0.0
2018-08-20,172.85,174.17,171.39,172.63,15191442,0.0
2018-08-21,172.2,174.24,172.13,173.71,13001347,0.0
2018-08-22,173.09,175.55,172.83,172.9,14712192,0.0
2018-08-23,173.6,174.82,172.92,174.64,11090800,0.0
2018-08-26,175.99,178.67,175.79,177.47,14282511,0.0
2018-08-27,178.1,178.2399,175.83,176.27,11993089,0.0
2018-08-28,176.23,176.79,174.75,175.9,14023347,0.0
2018-08-29,175.9,179.7901,175.7,177.645,19254155,0.0
2018-08-30,177.2,177.62,174.9815,175.73,14051861,0.0
2018-09-03,173.69,173.89,168.8,171.16,23005064,0.0
2018-09-04,168.76,171.125,166.67,167.21,24993049,0.0
2018-09-05,166.98,166.98,160,162.54,34114080,0.0
2018-09-06,160.45,164.6269,160.16,163.06,19872811,0.0
2018-09-09,163.67,165.01,162.16,164.24,15754074,0.0
2018-09-10,163.91,167.19,163.72,165.96,15262407,0.0
2018-09-11,163.25,164.49,161.8,161.99,19079037,0.0
2018-09-12,162.08,163.32,160.86,161.4,19239379,0.0
2018-09-13,161.68,162.84,160.34,162.31,17280894,0.0
2018-09-16,161.88,162.06,159.77,160.6,16908184,0.0
2018-09-17,159.39,161.7639,158.8656,160.3,17290047,0.0
2018-09-18,160.14,163.44,159.48,163.08,14989229,0.0
2018-09-19,164.44,166.45,164.33,166.03,14091854,0.0
2018-09-20,166.6,167.25,162.81,162.92,20529018,0.0
2018-09-23,161.03,165.7,160.88,165.41,13736917,0.0
2018-09-24,161.99,165.59,161.15,164.9,21301879,0.0
2018-09-25,164.34,169.3,164.21,166.95,18713790,0.0
2018-09-26,167.37,171.77,167.21,168.84,21776526,0.0
2018-09-27,168.33,168.79,162.56,164.44,26838355,0.0
2018-09-30,163.2,165.88,161.26,162.44,20170569,0.0
2018-10-01,161.61,162.28,158.67,159.33,28064925,0.0
2018-10-02,160,163.66,159.53,162.48,18187915,0.0
2018-10-03,161.38,161.46,157.35,158.8,19020602,0.0
2018-10-04,159.21,160.9,156.2,157.32,20512499,0.0
2018-10-07,155.6,158.34,154.39,157.23,18307090,0.0
2018-10-08,157.68,160.59,157.42,157.9,14772217,0.0
2018-10-09,156.82,157.69,151.31,151.41,22581710,0.0
2018-10-10,150.12,154.81,149.16,153.35,25980502,0.0
2018-10-11,156.62,156.89,151.2998,153.74,18750285,0.0
2018-10-14,153.32,155.57,152.55,153.52,11082405,0.0
2018-10-15,155.39,159.46,155.01,158.77,14265021,0.0
2018-10-16,159.56,160.49,157.95,159.5,12617023,0.0
2018-10-17,158.51,158.66,153.28,155.01,15771970,0.0
2018-10-18,156.66,157.35,153.55,153.94,14105422,0.0
2018-10-21,154.76,157.34,154.46,154.81,11703014,0.0
2018-10-22,151.13,154.77,150.85,154.4,14248101,0.0
2018-10-23,154.28,154.65,145.6,146.03,21428641,0.0
2018-10-24,147.79,152.21,147,150.95,16294387,0.0
2018-10-25,145.66,149,143.8,145.37,24161985,0.0
2018-10-28,148.49,148.83,139.03,142.09,24514078,0.0
2018-10-29,139.94,146.64,139.73,146.23,29557243,0.0
2018-10-30,155.24,156.4,148.96,151.85,48797350,0.0
2018-10-31,151.55,152.75,149.35,151.75,19563667,0.0
2018-11-01,151.78,154.13,148.96,150.25,17533008,0.0
2018-11-04,150.1,151.74,147.44,148.64,13510540,0.0
2018-11-05,149.31,152.1,148,149.94,15521926,0.0
2018-11-06,151.57,154.06,149.83,151.48,19573495,0.0
2018-11-07,150.49,150.94,146.74,147.85,19550577,0.0
2018-11-08,146.75,147.76,144.07,144.96,13114469,0.0
2018-11-11,144.48,145.04,140.4899,141.53,14536368,0.0
2018-11-12,142,144.88,141.62,142.2,11632448,0.0
2018-11-13,143.7,145.58,141.55,144.24,20552217,0.0
2018-11-14,142.33,144.84,140.83,143.85,27690117,0.0
2018-11-15,141.07,141.77,136.56,139.55,36371720,0.0
2018-11-18,137.61,137.75,131.21,131.62,41718996,0.0
2018-11-19,127.03,134.1592,126.85,132.44,40042828,0.0
2018-11-20,134.4,137.19,134.13,134.79,24052557,0.0
2018-11-22,133.65,135.64,131.2551,131.73,11036941,0.0
2018-11-25,133,137,132.78,136.41,20900848,0.0
2018-11-26,135.75,136.6126,133.71,135,16874229,0.0
2018-11-27,136.28,136.7899,131.85,136.74,26515623,0.0
2018-11-28,135.92,139.99,135.66,138.68,22359837,0.0
2018-11-29,138.26,140.966,137.36,140.69,18248391,0.0
2018-12-02,143,143.6799,140.76,141.13,21213181,0.0
2018-12-03,140.73,143.39,137.16,137.9,26488493,0.0
2018-12-05,133.82,139.7,133.65,139.6,25719052,0.0
2018-12-06,139.25,140.87,136.6566,137.44,18595713,0.0
2018-12-09,139.6,143.05,139.01,141.82,24647519,0.0
2018-12-10,143.88,143.88,141.1,142.11,18589298,0.0
2018-12-11,143.08,147.19,142.51,144.55,20746670,0.0
2018-12-12,145.57,145.85,143.19,145.13,16415472,0.0
2018-12-13,143.34,146.01,142.51,144.05,19303910,0.0
2018-12-16,143.08,144.92,138.42,140.29,18315886,0.0
2018-12-17,141.08,145.93,139.8301,143.67,20912539,0.0
2018-12-18,141.21,144.91,132.5,133.35,54364716,0.0
2018-12-19,130.7,135.57,1.34,133.46,37322427,0.0
2018-12-20,133.39,134.9,123.42,124.95,51155133,0.0
2018-12-23,123.1,129.74,123.02,123.51,20142318,0.0
2018-12-25,126,134.24,125.89,134.16,35132659,0.0
2018-12-26,132.44,134.99,129.67,134.5,26402623,0.0
2018-12-27,135.34,135.92,132.2,132.9726,19158988,0.0
2018-12-30,134.45,134.64,129.95,130.29,20878888,0.0
2019-01-01,128.99,137.51,128.56,135.41,25465924,0.0
2019-01-02,134.69,137.17,131.12,131.8902,18011900,0.0
2019-01-03,134.01,138,133.75,137.94,23927539,0.0
2019-01-06,137.45,138.87,135.91,138.23,16261533,0.0
2019-01-07,139.89,143.14,139.54,142.5843,22239823,0.0
2019-01-08,142.95,144.7,141.27,144.25,18404347,0.0
2019-01-09,143.08,144.56,140.84,144.15,13885316,0.0
2019-01-10,143.15,145.36,142.57,143.7205,10819759,0.0
2019-01-13,142.08,146.57,141.27,145.63,17231093,0.0
2019-01-14,146.01,150.68,145.99,148.82,21340466,0.0
2019-01-15,149,149.6499,146.9975,147.43,15596801,0.0
2019-01-16,146.95,149,146.5,148.0684,13965026,0.0
2019-01-17,149.75,152.43,148.55,149.99,28961698,0.0
2019-01-21,149.2,151.53,146.37,147.245,18121895,0.0
2019-01-22,148.28,148.8,143.055,144.07,18612594,0.0
2019-01-23,144.64,146.44,142.52,145.74,19111339,0.0
2019-01-24,147.48,149.83,146.54,149.0944,17851615,0.0
2019-01-27,148.05,148.96,146.21,147.37,12571121,0.0
2019-01-28,148.09,148.1,143.43,144.115,16035997,0.0
2019-01-29,146.22,150.95,145.6953,150.3,27203498,0.0
2019-01-30,165.53,171.68,165,166.8,70441723,0.0
2019-01-31,165.84,169.1,165.66,165.83,27891288,0.0
2019-02-03,165.7,169.28,163.62,168.935,17419943,0.0
2019-02-04,169.15,171.98,168.69,170.9434,17737618,0.0
2019-02-05,171.2,172.47,169.27,170.48,11931265,0.0
2019-02-06,168.27,169.24,165.25,165.97,15099844,0.0
2019-02-07,164.47,167.25,164.21,167.2,10893793,0.0
2019-02-10,168,168.3,165.08,165.59,9543009,0.0
2019-02-11,166.86,168.34,164.5,164.94,14374841,0.0
2019-02-12,165.38,166.22,163.73,164.08,12848891,0.0
2019-02-13,163.19,164.8697,162.2468,163.97,10479806,0.0
2019-02-14,164.51,164.7,160.86,162.4101,14725469,0.0
2019-02-18,160.5,164.15,160.33,162.1166,12160154,0.0
2019-02-19,162.25,163.72,161.25,162.62,10528767,0.0
2019-02-20,162.01,162.24,159.59,160.09,13276948,0.0
2019-02-21,160.58,162.41,160.31,161.84,11588766,0.0
2019-02-24,163.07,166.07,162.9,164.63,15768987,0.0
2019-02-25,164.335,166.24,163.8,164.05,12423077,0.0
2019-02-26,162.9,163.93,160.41,162.81,11253373,0.0
2019-02-27,162.37,163.5,160.86,161.5,9056941,0.0
2019-02-28,162.6,163.132,161.69,162.28,9311399,0.0
2019-03-03,163.9,167.5,163.83,167.47,17156727,0.0
2019-03-04,167.31,171.88,166.55,171.25,24266138,0.0
2019-03-05,172.9,173.57,171.27,172.51,18843395,0.0
2019-03-06,171.5,171.74,167.61,169.14,15649857,0.0
2019-03-07,166.2,169.62,165.97,169.6,11357699,0.0
2019-03-10,171.6,174.3,171.58,171.98,15351838,0.0
2019-03-11,172.09,173.8,171.2178,171.94,10609535,0.0
2019-03-12,172.63,174.03,172.12,173.37,9607015,0.0
2019-03-13,169.76,171.15,168.16,170.26,14802757,0.0
2019-03-14,163.1612,166.71,163.14,166.01,19314509,0.0
2019-03-17,163.57,163.9,159.28,160.47,32864620,0.0
2019-03-18,161.48,163.82,160.82,161.63,21550291,0.0
2019-03-19,161.27,166.12,161.24,165.47,17364616,0.0
2019-03-20,164.89,166.39,163.75,166.08,13641827,0.0
2019-03-21,165.65,167.42,164.09,164.34,14302290,0.0
2019-03-24,163.14,166.54,162,166.27,11009299,0.0
2019-03-25,167.35,169.45,166.3499,167.68,13876298,0.0
2019-03-26,167.73,168.94,164.79,165.84,9279826,0.0
2019-03-27,164.57,166.72,163.33,165.51,9376259,0.0
2019-03-28,166.39,167.19,164.81,166.66,8777694,0.0
2019-03-31,167.83,168.74,167.2789,168.69,4353507,0.0
2019-04-01,170.14,174.9,169.55,174.23,21471600,0.0
2019-04-02,174.5,177.96,172.95,173.51,25558252,0.0
2019-04-03,176.02,178,175.5301,176.01,16318218,0.0
2019-04-04,176.94,177,175.1,175.7,8490747,0.0
2019-04-07,175.21,175.5,174.23,174.91,6560427,0.0
2019-04-08,175.62,179.19,175.55,177.66,16740865,0.0
2019-04-09,178.18,178.79,176.54,177.83,9819134,0.0
2019-04-10,178.24,178.4,177,177.5,7085392,0.0
2019-04-11,178,179.63,177.95,179.08,10343203,0.0
2019-04-14,178.5,180.5,176.87,179.66,9367040,0.0
2019-04-15,179.17,180.17,178.3,178.85,10138634,0.0
2019-04-16,179.6,180.74,178.36,178.78,7589562,0.0
2019-04-17,178.8,178.88,177.34,178.32,9740923,0.0
2019-04-21,178.25,181.665,178.25,181.49,11672646,0.0
2019-04-22,182.74,184.22,181.48,183.77,16649460,0.0
2019-04-23,184.49,185.14,181.65,182.63,23160514,0.0
2019-04-24,196.98,198.48,192.12,193.1705,47630063,0.0
2019-04-25,192.5,192.9,189.09,191.49,19839970,0.0
2019-04-28,190.88,195.41,190.65,194.78,18176943,0.0
2019-04-29,194.19,197.39,192.28,193.37,20556973,0.0
2019-04-30,194.78,196.1769,193.01,193.04,14421521,0.0
2019-05-01,192.99,194,189.75,192.51,11924746,0.0
2019-05-02,194.38,196.16,193.71,195.47,12960175,0.0
2019-05-05,191.24,194.28,190.55,193.88,12373433,0.0
2019-05-06,192.59,192.9,187.85,189.88,13420057,0.0
2019-05-07,189.49,190.72,188.55,189.54,10830015,0.0
2019-05-08,187.2,189.77,186.26,188.64,11318407,0.0
2019-05-09,188.25,190,184.59,188.46,11658033,0.0
2019-05-12,183.5,185.43,180.84,181.45,14165709,0.0
2019-05-13,182.52,183.49,178.1,180.73,16491357,0.0
2019-05-14,180.42,187.28,180.02,186.27,14925589,0.0
2019-05-15,185.05,188.575,185.05,186.98,11157151,0.0
2019-05-16,184.84,187.58,184.28,185.24,9400823,0.0
2019-05-19,182.03,184.23,181.37,182.69,8985873,0.0
2019-05-20,184.57,185.7,183.885,184.79,6479835,0.0
2019-05-21,184.73,186.74,183.61,185.29,7343786,0.0
2019-05-22,182.42,183.9,179.67,180.87,11158349,0.0
2019-05-23,182.33,183.63,180.83,181.07,7042655,0.0
2019-05-27,181.54,184.7119,181.4537,184.31,10084904,0.0
2019-05-28,183.5,184.56,181.35,182.19,11666484,0.0
2019-05-29,183.08,183.48,180.89,183.01,7960501,0.0
2019-05-30,180.44,180.54,177.16,177.4,13135682,0.0
2019-06-02,175,175.05,161.01,164.01,51883512,0.0
2019-06-03,163.71,168.28,160.84,167.52,42643617,0.0
2019-06-04,167.48,168.72,164.63,168.15,17442338,0.0
2019-06-05,168.3,169.7,167.23,168.32,11004943,0.0
2019-06-06,170.17,173.87,168.84,173.34,14548549,0.0
2019-06-09,174.75,177.86,173.8,174.83,13236390,0.0
2019-06-10,178.48,179.98,176.79,178.12,13789793,0.0
2019-06-11,178.38,179.27,172.88,175.05,15583770,0.0
2019-06-12,175.53,178.03,174.606,177.49,20905225,0.0
2019-06-13,180.51,181.8398,180,181.33,29782487,0.0
2019-06-16,185.01,189.5,184.4105,189.04,26879135,0.0
2019-06-17,194,194.53,187.28,188.52,34182419,0.0
2019-06-18,187,188.1,184.55,187.44,18783398,0.0
2019-06-19,190.95,191.16,187.64,189.31,12742652,0.0
2019-06-20,188.75,192,188.75,191.15,17047055,0.0
2019-06-23,192.42,193.98,191.57,192.57,13295230,0.0
2019-06-24,192.88,193.14,188.13,188.84,14685612,0.0
2019-06-25,189.54,190.76,187.31,187.6,10716173,0.0
2019-06-26,189.88,198.88,188.27,189.5,9578567,0.0
2019-06-27,191.07,193.2,189.94,192.98,12058722,0.0
2019-06-30,195.21,195.28,191.93,193,12916924,0.0
2019-07-01,193,195,192.71,195,8237009,0.0
2019-07-02,194.16,197.4,194.16,197.17,8944096,0.0
2019-07-04,196.18,197.07,194.17,196.49,9933861,0.0
2019-07-07,195.19,196.68,193.64,195.77,8506461,0.0
2019-07-08,194.97,199.46,194.89,199.19,12634658,0.0
2019-07-09,199.99,202.96,199.67,202.71,18455644,0.0
2019-07-10,203.26,203.8,200.21,201.23,12479954,0.0
2019-07-11,199.68,205.3,199.465,204.9,13111381,0.0
2019-07-14,204.25,205.33,201.82,203.93,14535697,0.0
2019-07-15,203.89,205.4707,203.1,203.84,11166309,0.0
2019-07-16,204.18,204.36,201.59,201.82,10611530,0.0
2019-07-17,200.15,202.47,199.38,200.77,10174234,0.0
2019-07-18,202.18,202.33,198.07,198.37,10173742,0.0
2019-07-21,199.87,202.57,198.81,202.3,12053884,0.0
2019-07-22,202.84,204.242,200.9625,202.39,13145395,0.0
2019-07-23,197.63,204.81,197.22,204.65,22221694,0.0
2019-07-24,206.7,208.66,198.26,200.69,36432956,0.0
2019-07-25,200.19,202.88,196.25,199.58,21614871,0.0
2019-07-28,199,199.63,195.3,195.92,14273422,0.0
2019-07-29,195.39,198.71,193.5,197.06,10873486,0.0
2019-07-30,196.95,198.76,192.68,194.24,12905728,0.0
2019-07-31,194.17,198.47,190.88,192.72,16559050,0.0
2019-08-01,191.1,192.62,188.1695,189.01,11961203,0.0
2019-08-04,184.69,185.67,179.34,181.7,20466148,0.0
2019-08-05,183.6,185.789,183.09,184.5329,14358198,0.0
2019-08-06,183.6,186.37,181.22,185.12,12959896,0.0
2019-08-07,186.62,190.34,184.05,190.18,12308152,0.0
2019-08-08,190,190.98,187.12,187.88,9227083,0.0
2019-08-11,186.85,187.59,184.46,185.35,8755710,0.0
2019-08-12,185.52,191.38,185.37,188.5,12147452,0.0
2019-08-13,185.8,185.99,179.31,179.708,16233474,0.0
2019-08-14,180.95,183.2,180.03,182.61,11760685,0.0
2019-08-15,183.75,185.1,182.36,183.63,11496992,0.0
2019-08-18,186.01,187.5,184.85,186.21,8711621,0.0
2019-08-19,185.45,186,182.39,183.77,9081215,0.0
2019-08-20,185,185.9,183.14,183.545,7328708,0.0
2019-08-21,183.43,184.11,179.91,182.04,9507702,0.0
2019-08-22,180.84,183.13,176.66,177.76,13949062,0.0
2019-08-25,179.37,180.5,178.24,180.48,7223854,0.0
2019-08-26,181.93,184.04,181.01,181.29,11230780,0.0
2019-08-27,180.53,181.95,178.92,181.77,8387458,0.0
2019-08-28,183.77,186.0752,183.47,185.56,8777027,0.0
2019-08-29,186.78,186.8017,183.4585,185.68,8495029,0.0
2019-09-02,184,185.67,182.11,182.38,7949386,0.0
2019-09-03,184.65,187.7494,183.89,187.16,10100921,0.0
2019-09-04,188.53,191.36,187.94,190.89,12527214,0.0
2019-09-05,190.21,190.21,186.35,187.54,13784806,0.0
2019-09-08,187.73,188.98,185.8466,188.77,12436289,0.0
2019-09-09,187.44,188.1,184.55,186.32,13028570,0.0
2019-09-10,186.46,189.44,186.08,188.56,10374268,0.0
2019-09-11,189.86,190.93,187.23,187.48,9952948,0.0
2019-09-12,187.325,187.97,186.54,187.12,9562595,0.0
2019-09-15,186.93,187.7943,185.765,186.24,7207620,0.0
2019-09-16,186.66,188.32,185.54,188.12,8453971,0.0
2019-09-17,188.04,189.08,186.012,188.13,8654495,0.0
2019-09-18,188.66,191.1,188.15,190.15,9366457,0.0
2019-09-19,190.66,193.1,188.12,189.9,18671461,0.0
2019-09-22,189.34,190.1,185.2062,186.85,11074636,0.0
2019-09-23,187.98,188.04,180.39,181.2906,15323237,0.0
2019-09-24,181.45,183.42,177.87,182.78,15796839,0.0
2019-09-25,181.33,181.4,177.67,180.16,14202760,0.0
2019-09-26,180.5,180.755,175.66,177.07,13156288,0.0
2019-09-29,177.87,178.67,176.85,178.07,8886101,0.0
2019-09-30,179.15,179.84,174.88,175.79,15821576,0.0
2019-10-01,174.84,176.53,173.09,174.6,14322684,0.0
2019-10-02,175.57,179.84,173.63,179.42,14706025,0.0
2019-10-03,179.55,180.98,178.1,180.4,18008184,0.0
2019-10-06,180,181.18,178.09,179.68,15310362,0.0
2019-10-07,178.26,180.37,177.72,177.73,16806524,0.0
2019-10-08,179.16,180.72,177.94,179.83,13268798,0.0
2019-10-09,180.32,181.61,179.17,180.19,14880819,0.0
2019-10-10,182.24,186.49,182.14,184.11,27162518,0.0
2019-10-13,184.2,184.62,182.5735,183.29,12331878,0.0
2019-10-14,183.8,190.38,183.66,188.83,27710318,0.0
2019-10-15,188.32,189.7,186.9002,189.61,18318801,0.0
2019-10-16,190.29,190.84,188.765,190.4,17418890,0.0
2019-10-17,190.23,191.49,183.9239,185.86,29021855,0.0
2019-10-20,186.9,189.91,186.9,189.75,6617879,0.0
2019-10-21,190,190.65,181.5,182.31,17844142,0.0
2019-10-22,182.01,186.38,182,186.17,10854128,0.0
2019-10-23,184.62,186.73,182.8,186.38,10028450,0.0
2019-10-24,185.83,189,185.0876,187.87,6891050,0.0
2019-10-27,187.2,189.53,185.08,189.46,11722063,0.0
2019-10-28,191.69,192.53,188.47,189.32,12514972,0.0
2019-10-29,189.56,190.45,185.98,188.18,20020339,0.0
2019-10-30,196.7,198.09,188.25,191.68,38226966,0.0
2019-10-31,192.85,194.11,189.91,193.69,19278486,0.0
2019-11-03,194.55,197.3672,193.8119,194.72,15532371,0.0
2019-11-04,195.37,195.75,193.6,194.33,8464929,0.0
2019-11-05,194.03,194.37,191.35,191.54,9013854,0.0
2019-11-06,191.91,193.44,189.47,190.42,11424516,0.0
2019-11-07,190,192.34,189.7,190.88,9819379,0.0
2019-11-10,189.93,190.08,188.54,189.6,7915131,0.0
2019-11-11,190.1,195.06,189.74,194.54,16163287,0.0
2019-11-12,194.7,195.7,192.74,193.21,9726545,0.0
2019-11-13,192.93,194.03,191.45,193.12,7665115,0.0
2019-11-14,194.23,195.3,193.38,195.0895,10040438,0.0
2019-11-17,194.56,198.63,193.05,197.46,14489833,0.0
2019-11-18,197.4,200,196.86,199.33,16970875,0.0
2019-11-19,198.58,199.59,195.43,197.5,10748544,0.0
2019-11-20,197.42,199.09,196.86,197.93,10477726,0.0
2019-11-21,198.38,199.3,197.62,198.88,7930358,0.0
2019-11-24,199.515,200.97,199.25,199.75,13337281,0.0
2019-11-25,200,200.15,198.0387,198.8,7717611,0.0
2019-11-26,199.79,203.14,199.42,202,11592729,0.0
2019-11-28,201.58,203.8,201.25,201.66,6818030,0.0
2019-12-01,202.13,202.18,198.05,199.69,9914187,0.0
2019-12-02,197.6,198.93,195.08,198.83,10543904,0.0
2019-12-03,200,200.0288,198.05,198.7,7647338,0.0
2019-12-04,199.86,201.29,198.2126,199.37,8290537,0.0
2019-12-05,200.5,201.57,200.06,201.04,10470491,0.0
2019-12-08,200.65,203.1418,200.21,201.33,9900507,0.0
2019-12-09,201.66,202.05,200.15,200.9,8273906,0.0
2019-12-10,200.57,202.63,200.28,202.21,6790583,0.0
2019-12-11,202.35,203.66,194.1,196.67,21774628,0.0
2019-12-12,196.31,196.8,193.17,194.21,17060438,0.0
2019-12-15,195.27,199.12,194.81,197.92,11211461,0.0
2019-12-16,198.84,199,196.13,198.38,8689927,0.0
2019-12-17,200.09,204.3,200.09,202.36,18952124,0.0
2019-12-18,202.86,206.3,202.51,206.06,14359765,0.0
2019-12-19,207.48,207.71,203.43,206.29,22032010,0.0
2019-12-22,206.7,208.59,205.68,206.18,9744492,0.0
2019-12-23,206.3,206.79,205,205.15,3999834,0.0
2019-12-25,205.51,207.82,205.31,207.79,7525951,0.0
2019-12-26,208.6697,208.93,206.5875,208.1,8717172,0.0
2019-12-29,207.96,207.96,203.9001,204.41,9184949,0.0
2019-12-30,203.995,205.56,203.6001,205.09,7032528,0.0
2020-01-01,206.75,209.79,206.27,209.78,10718923,0.0
2020-01-02,207.2135,210.4,206.95,208.51,10045001,0.0
2020-01-05,206.7,212.78,206.52,212.5855,14622198,0.0
2020-01-06,212.82,214.58,211.75,213.05,12505490,0.0
2020-01-07,213,216.24,212.6121,215.3,10538308,0.0
2020-01-08,217.54,218.38,216.278,218.31,10775476,0.0
2020-01-09,219.2,219.88,217.42,218.07,10917555,0.0
2020-01-12,219.5965,221.97,219.21,221.96,12719407,0.0
2020-01-13,221.61,222.38,218.63,219.06,10970123,0.0
2020-01-14,220.61,221.68,220.14,221.21,8292745,0.0
2020-01-15,222.57,222.63,220.39,221.86,8272426,0.0
2020-01-16,221.93,222.29,220.53,222.13,12596882,0.0
2020-01-20,222.155,222.37,219.12,221.47,22381418,0.0
2020-01-21,222.31,222.75,221.28,221.29,21016884,0.0
2020-01-22,220.75,221.485,219.27,219.67,16366956,0.0
2020-01-23,220.7,221.78,216.11,217.929,20550870,0.0
2020-01-26,213.1,216.06,212.5,214.87,10849409,0.0
2020-01-27,216.15,218.74,213.52,217.79,11092215,0.0
2020-01-28,221.44,224.2,218.45,223.31,23664436,0.0
2020-01-29,206.53,211.43,204.75,209.58,45513307,0.0
2020-01-30,208.43,208.69,201.06,201.89,28269569,0.0
2020-02-02,203.44,205.14,202.5,204.19,13665236,0.0
2020-02-03,206.6165,210.6,205.2025,209.87,16696516,0.0
2020-02-04,212.51,212.73,208.71,210.23,10556870,0.0
2020-02-05,210.47,211.19,209.338,210.87,9388014,0.0
2020-02-06,210.3,212.82,209.93,212.34,10289554,0.0
2020-02-09,211.52,213.8,210.66,213.1,8937162,0.0
2020-02-10,210.19,210.86,206.5102,207.15,23868172,0.0
2020-02-11,207.85,211.22,207.4,210.755,12022419,0.0
2020-02-12,209.5235,214.3259,209.18,213.12,13708195,0.0
2020-02-13,214,214.93,212.65,214.18,8864827,0.0
2020-02-17,213.55,217.975,213.4,217.76,14599279,0.0
2020-02-18,217.99,218.32,216.11,217.5,10661511,0.0
2020-02-19,216.52,218.765,212.945,214.58,11865419,0.0
2020-02-20,213.48,214.237,208.8305,210.16,12739985,0.0
2020-02-23,201.8,203.65,198.17,200.73,20406271,0.0
2020-02-24,202.47,203.5,195.9537,196.64,18833578,0.0
2020-02-25,197.19,201.21,195.49,197.18,15234727,0.0
2020-02-26,191.99,195.88,189.5,189.69,19313106,0.0
2020-02-27,182.61,192.74,181.82,192.74,28054197,0.0
2020-03-01,194.1,196.57,188.85,196.54,21795546,0.0
2020-03-02,196.22,197.24,183.97,185.89,24693345,0.0
2020-03-03,189.05,191.83,186.39,191.79,20486825,0.0
2020-03-04,186.78,188.99,183.8901,185.02,21975861,0.0
2020-03-05,178.33,183.78,176.26,181.11,21916170,0.0
2020-03-08,169.6,175,165.19,168.6,26168734,0.0
2020-03-09,174.67,178.29,169.5,178.19,42200790,0.0
2020-03-10,173.86,175.88,167.66,170.22,37010571,0.0
2020-03-11,159.54,166.6,154.34,154.46,39090919,0.0
2020-03-12,163.16,170.79,157.6,170.62,29428089,0.0
2020-03-15,152.32,159.13,143.1,145.96,72152076,0.0
2020-03-16,150.74,153.94,140,149.42,31562530,0.0
2020-03-17,139.75,148.18,137.1006,147.05,29590793,0.0
2020-03-18,146.62,159.9294,144.8,153.03,70865214,0.0
2020-03-19,156.02,159.27,148,149.73,30645720,0.0
2020-03-22,149.66,152.31,142.25,147.8,26881306,0.0
2020-03-23,155.205,161.31,152.57,161.22,25999531,0.0
2020-03-24,158.92,162.99,153.06,156.16,62557455,0.0
2020-03-25,158.35,164,157.0201,163.35,23443636,0.0
2020-03-26,158.32,160.09,154.75,156.77,42910937,0.0
2020-03-29,159.18,166.75,158.06,165.85,20555939,0.0
2020-03-30,165.48,170.93,164.2,166.79,42024824,0.0
2020-03-31,161.615,164.15,158.035,159.6,17568762,0.0
2020-04-01,159.1,161.3509,155.92,158.2,36188716,0.0
2020-04-02,157.15,157.91,150.83,154.19,32151306,0.0
2020-04-05,160.15,166.2,158.51,165.55,23379664,0.0
2020-04-06,171.5,173.39,166.01,168.83,28489714,0.0
2020-04-07,171.16,175,167.74,174.28,38964830,0.0
2020-04-08,175.9,177.08,171.57,175.2,21496914,0.0
2020-04-12,173.67,175,169.45,174.79,17528292,0.0
2020-04-13,178.9765,181.225,176.62,178.14,38605489,0.0
2020-04-14,175.1865,178.19,172.82,176.91,47845841,0.0
2020-04-15,177.95,178.05,172.51,176.28,57355702,0.0
2020-04-16,179.2,180.28,176.66,179.25,53613756,0.0
2020-04-19,177.41,180.5,176.77,178.26,40954257,0.0
2020-04-20,175.25,175.38,168.3408,170.67,63386103,0.0
2020-04-21,178.45,184.78,178.14,182.31,57720085,0.0
2020-04-22,184.08,187.05,183.15,185.15,56756444,0.0
2020-04-23,183.23,190.41,180.825,190.1,79317274,0.0
2020-04-26,192.657,193.75,187.41,187.54,106374064,0.0
2020-04-27,188.66,189.2,182.56,182.86,35867080,0.0
2020-04-28,190.93,196.91,190,193.99,69449829,0.0
2020-04-29,206.92,209.69,201.5701,204.71,82242605,0.0
2020-04-30,201.6,207.28,199.0501,202.28,27688202,0.0
2020-05-03,200.2,205.91,198.7562,205.24,17168353,0.0
2020-05-04,207.02,210.38,206.5,207.08,39463915,0.0
2020-05-05,208.12,211.6,206.66,208.46,18415468,0.0
2020-05-06,211.16,211.6,209.04,211.3,24770066,0.0
2020-05-07,212.24,213.21,210.85,212.35,21628908,0.0
2020-05-10,210.8865,215,210.37,213.18,22461562,0.0
2020-05-11,213.29,215.275,210,210.02,26747124,0.0
2020-05-12,209.43,210.78,202.11,205.14,19071099,0.0
2020-05-13,202.56,206.93,200.69,206.85,14134233,0.0
2020-05-14,205.27,211.34,204.12,211.04,34047199,0.0
2020-05-17,212.15,214.6445,210.94,213.21,35909126,0.0
2020-05-18,213.27,220.49,212.83,216.88,30332973,0.0
2020-05-19,223.5,231.34,223.19,229.95,46541604,0.0
2020-05-20,234.72,237.2,231.2,231.37,87138160,0.0
2020-05-21,231.51,235.99,228.74,234.92,63611004,0.0
2020-05-25,239.77,240.9,231.67,232.16,30555905,0.0
2020-05-26,229.07,230.56,221.1347,229.15,64595801,0.0
2020-05-27,224.3,231.6332,224,225.33,27478541,0.0
2020-05-28,225.2,227.49,222.88,224.21,18706304,0.0
2020-05-31,224.59,232.44,223.5,231.94,33886754,0.0
2020-06-01,230.94,233,226.56,232.83,36197240,0.0
2020-06-02,232.11,232.65,228.53,230.06,28224941,0.0
2020-06-03,229.56,231.63,224.61,226.29,15405418,0.0
2020-06-04,226.71,231.35,225.3105,230.78,14358315,0.0
2020-06-07,229.03,231.55,227.41,231.42,27642194,0.0
2020-06-08,231.52,239.77,230.41,238.69,50558498,0.0
2020-06-09,240.96,241.21,235.28,236.68,18383287,0.0
2020-06-10,229.94,232.89,223.55,224.45,47636272,0.0
2020-06-11,229.9,231.66,227.3102,227.3401,6834224,0.0
2020-06-14,225.09,233.77,224.8,232.47,27221583,0.0
2020-06-15,237.14,238.46,233,235.81,26637700,0.0
2020-06-16,235,237.59,231.7268,235.53,36276677,0.0
2020-06-17,234.99,236.14,232.15,235.975,28476274,0.0
2020-06-18,237.79,240.83,235.55,238.65,22967089,0.0
2020-06-21,238.56,240.7,236.91,239.3,17497491,0.0
2020-06-22,241.28,245.1853,239.86,242.14,22512681,0.0
2020-06-23,241.2,243.22,232.68,234.08,19170135,0.0
2020-06-24,234.62,237.3,232.74,235.47,17150061,0.0
2020-06-25,232.64,233.09,215.4,215.86,69638977,0.0
2020-06-28,209.75,220.75,207.11,220.71,55040667,0.0
2020-06-29,220.59,227.5,218.47,227.05,30334236,0.0
2020-06-30,228.5,239,227.56,237.53,41842647,0.0
2020-07-01,239,240,232.61,233.46,28035447,0.0
2020-07-05,233.76,240.4,232.27,240.3,23995427,0.0
2020-07-06,239.41,247.65,238.82,240.86,25959274,0.0
2020-07-07,238.11,246.99,236.59,243.57,28709954,0.0
2020-07-08,245,246.525,239.24,244.46,21030418,0.0
2020-07-09,243.685,245.49,239.32,245.06,21257783,0.0
2020-07-12,247.005,250.15,238.42,239.02,22980602,0.0
2020-07-13,236.76,240.33,232.03,239.73,21476590,0.0
2020-07-14,241.55,244.82,238.05,240.29,17193831,0.0
2020-07-15,238,241.76,236.3306,240.32,16300379,0.0
2020-07-16,241,244.16,237.86,241.98,16202447,0.0
2020-07-19,240.06,246.05,235.635,245.42,19022783,0.0
2020-07-20,246.22,246.91,240.08,241.76,16203897,0.0
2020-07-21,240.26,241.9,238.12,239.8027,14188775,0.0
2020-07-22,239.63,242.42,231.75,232.61,12555488,0.0
2020-07-23,230.19,233.49,226.9,230.82,17260561,0.0
2020-07-26,231.46,234.95,230.83,233.5,11384975,0.0
2020-07-27,234.63,234.96,229.83,230.1,12989626,0.0
2020-07-28,231.14,233.7,230.31,233.27,12494364,0.0
2020-07-29,230.22,234.893,229,234.6,14231024,0.0
2020-07-30,255.82,255.85,249,253.71,48764250,0.0
2020-08-02,252.65,255.4,250.33,251.84,16564731,0.0
2020-08-03,251.56,252.8,247.43,249.83,15733319,0.0
2020-08-04,250.19,252.2698,247.77,249.13,11970264,0.0
2020-08-05,249.04,266.6,248.665,265.28,43852674,0.0
2020-08-06,264.08,278.89,263.43,268.5,71746335,0.0
2020-08-09,268.23,269.48,259.69,263,22372400,0.0
2020-08-10,260.185,265.915,255.13,256.11,26559786,0.0
2020-08-11,258.97,263.8973,258.1125,259.82,19905750,0.0
2020-08-12,261.55,265.16,259.57,261.3,16085121,0.0
2020-08-13,262.305,262.65,258.6801,261.24,13368191,0.0
2020-08-16,262.5,264.0973,259.4,261.23,11418578,0.0
2020-08-17,260.95,265.15,259.26,262.33,16917862,0.0
2020-08-18,261.388,267.908,261.35,262.72,21872596,0.0
2020-08-19,261.5,269.63,261.46,269.01,18689661,0.0
2020-08-20,268.69,270.49,266.42,267.01,13502829,0.0
2020-08-23,271.07,277.2478,268.7701,271.43,22664349,0.0
2020-08-24,272.41,283.09,270.2601,280.82,39797963,0.0
2020-08-25,284,304.67,284,303.91,65404754,0.0
2020-08-26,300.16,301.23,292.02,293.17,28654463,0.0
2020-08-27,295,297.23,290.98,293.67,15612909,0.0
2020-08-30,293.95,296.88,291.55,293.0901,15101967,0.0
2020-08-31,294.71,301.49,292.71,295.5,16279949,0.0
2020-09-01,298.88,303.6,293.05,302.5,21809532,0.0
2020-09-02,295.99,297.6,283.63,291.12,29320692,0.0
2020-09-03,287.25,289,271.14,282.625,28312149,0.0
2020-09-07,271.28,279.3,269.42,270.93,22385524,0.0
2020-09-08,275.77,278.48,271.35,273.7,20803210,0.0
2020-09-09,275.8,279.16,267.0319,268.0259,19386135,0.0
2020-09-10,270.06,271.39,262.64,266.6,17925051,0.0
2020-09-13,270.95,276.64,265.7,266.14,21907343,0.0
2020-09-14,270.67,274.52,269.3,272.46,17159921,0.0
2020-09-15,267.29,272.44,261.79,263.6,27814894,0.0
2020-09-16,258.28,261.5,250.19,254.87,28542348,0.0
2020-09-17,258.405,259.2,250.05,252.29,23650916,0.0
2020-09-20,247.54,249.95,244.13,248.04,21743576,0.0
2020-09-21,253.31,255.32,248.22,254.73,27665082,0.0
2020-09-22,255.26,257.9921,248.15,249.02,16687178,0.0
2020-09-23,246.5,252.24,245.62,249.52,17292547,0.0
2020-09-24,249.4,255.75,246.61,254.82,16333161,0.0
2020-09-27,259.4,259.6,254.8208,256.91,14348908,0.0
2020-09-28,257.81,263.27,256.9,261.79,17931000,0.0
2020-09-29,261.98,266.085,260.1,261.8,15143419,0.0
2020-09-30,265.35,268.33,264.8,266.63,17390516,0.0
2020-10-01,261.18,265.15,259.18,259.91,13078469,0.0
2020-10-04,262.2,264.865,260.8401,264.65,11134757,0.0
2020-10-05,262.01,265.69,258.24,258.53,15310065,0.0
2020-10-06,259.2,260.18,254.82,258.01,20736923,0.0
2020-10-07,259.63,264.62,259.1488,263.7051,14474701,0.0
2020-10-08,264.52,264.75,262.17,264.49,12400060,0.0
2020-10-11,270.2,280.18,267.87,275.75,27501400,0.0
2020-10-12,277.58,279.1,273.39,276.06,15300251,0.0
2020-10-13,277.62,278.75,271.5,271.73,12712456,0.0
2020-10-14,267.68,269.04,263.67,266.72,12984052,0.0
2020-10-15,267.375,271.37,265.3,265.93,13278027,0.0
2020-10-18,265.53,268.55,259.88,261.53,9328030,0.0
2020-10-19,263.09,269.7,262.88,267.58,15678260,0.0
2020-10-20,279.56,283.05,276.37,278.7,24005009,0.0
2020-10-21,279.87,282.45,275.04,278.12,14335259,0.0
2020-10-22,278.8024,285.24,276.82,284.83,15686476,0.0
2020-10-25,283.16,285.23,274.26,277.12,16801519,0.0
2020-10-26,278.76,284.51,276.31,283.29,13692570,0.0
2020-10-27,278.79,278.79,267.26,267.55,19025766,0.0
2020-10-28,276.55,283.6,273.78,279.82,24121501,0.0
2020-10-29,274.5,276.7,259.1,263.75,42184495,0.0
2020-11-01,264.7,270.47,257.34,261.48,23473725,0.0
2020-11-02,263.16,270.03,260.88,265.08,15396707,0.0
2020-11-03,281,288.94,278.62,287.45,29987921,0.0
2020-11-04,291.8965,297.38,288.95,294.715,21054834,0.0
2020-11-05,293.95,294.6,288.06,293.41,11926170,0.0
2020-11-08,290.1,292.58,278.53,278.58,20347744,0.0
2020-11-09,273.1,274,264,272.43,24003063,0.0
2020-11-10,273.48,278.4,272.48,276.35,12995178,0.0
2020-11-11,277.18,279.75,274.43,275.08,10765432,0.0
2020-11-12,277.73,277.76,273.1,277.27,7943494,0.0
2020-11-15,275.05,278.4895,274.63,276.44,5680297,0.0
2020-11-16,277.68,277.68,273.29,274.95,13735446,0.0
2020-11-17,274.52,277.3889,271.84,271.85,10310525,0.0
2020-11-18,271.025,273.47,269.19,272.83,11239019,0.0
2020-11-19,272.56,273,269.41,269.7,15376295,0.0
2020-11-22,270.89,270.9471,264.53,268.32,18118397,0.0
2020-11-23,268.49,277.8199,267.87,276.82,15502326,0.0
2020-11-24,278.14,280.18,272.65,275.59,11312163,0.0
2020-11-26,277.39,279.13,274.82,277.8,7178906,0.0
2020-11-29,276.03,277.7,271.01,277.46,12184623,0.0
2020-11-30,279.16,289.3,278.96,286.51,19113315,0.0
2020-12-01,285.36,291.78,280.825,287.56,15904492,0.0
2020-12-02,286.25,286.65,281.07,281.69,11226479,0.0
2020-12-03,280.3,283.46,279.3,279.7,8779114,0.0
2020-12-06,279.19,288.49,278.2,285.58,11324390,0.0
2020-12-07,286.01,286.4272,281.55,283.24,9029811,0.0
2020-12-08,283.66,287.63,271.75,277.92,22595403,0.0
2020-12-09,275.535,278.73,271.86,276.93,16372195,0.0
2020-12-10,274.53,276.48,270.25,273.58,13559723,0.0
2020-12-13,273.3722,277.22,271.56,273.92,12923540,0.0
2020-12-14,274.83,276.08,267.47,275.68,19709982,0.0
2020-12-15,274.76,277.86,272.51,275.7,12511476,0.0
2020-12-16,277.07,280.44,273.61,274.48,14041276,0.0
2020-12-17,275.775,278,271.14,276.15,16300000,0.0
2020-12-20,272.978,274.67,267.79,272.95,13200136,0.0
2020-12-21,271.5,271.5,264.63,267.17,15904410,0.0
2020-12-22,266.89,272.1699,266.23,268.05,13128242,0.0
2020-12-23,268.875,270.4,266.2,267.32,6222157,0.0
2020-12-27,268.74,277.27,265.66,277,21557606,0.0
2020-12-28,276.95,280.51,276.28,276.78,15723232,0.0
2020-12-29,277.95,278.08,271.71,271.88,10365805,0.0
2020-12-30,272,277.09,269.81,273.2,11199425,0.0
2021-01-03,274.78,275,265.2,268.94,12460207,0.0
2021-01-04,268.29,272.4,268.2111,270.97,8053296,0.0
2021-01-05,262,267.75,260.01,263.24,21446415,0.0
2021-01-06,265.9,271.61,264.78,268.63,13968342,0.0
2021-01-07,268.31,268.95,263.18,267.54,16730340,0.0
2021-01-10,260.48,263.47,255.9,256.81,27236030,0.0
2021-01-11,256.63,259.72,250.3,250.91,24074761,0.0
2021-01-12,251.55,253.95,249.2,251.64,16896303,0.0
2021-01-13,253.4,255.03,244.61,245.71,27927382,0.0
2021-01-14,247.9,253.86,247.16,251.36,22675147,0.0
2021-01-18,256.9,262.2,252.7201,261.08,25191870,0.0
2021-01-19,268.93,270.32,263.6,267.35,22539886,0.0
2021-01-20,269.26,273.6,267.4901,272.89,17034362,0.0
2021-01-21,272.01,278.47,272,274.53,19132340,0.0
2021-01-24,278.14,280.1,271.51,278,17646954,0.0
2021-01-25,278.1398,285.39,277.81,282.02,17018388,0.0
2021-01-26,282.53,283.45,268.1201,272.39,27484121,0.0
2021-01-27,277.18,286.79,264.7,265,35383730,0.0
2021-01-28,265.3,266.56,254.85,258.33,28139673,0.0
2021-01-31,259.52,264.17,254.91,261.98,19629047,0.0
2021-02-01,264,268.85,263.27,267,15002887,0.0
2021-02-02,265.62,269.2,263.84,266.68,13254318,0.0
2021-02-03,267.01,268.16,264,266.63,14013929,0.0
2021-02-04,266.8,269.17,265.67,268.1433,10059039,0.0
2021-02-07,268.75,269.86,265,266.58,12032922,0.0
2021-02-08,266.44,273.39,265.75,269.41,13778153,0.0
2021-02-09,272.4465,273.7999,267.72,271.94,12452712,0.0
2021-02-10,271.89,273.58,268.49,270.43,11926999,0.0
2021-02-11,270.52,271.18,268.34,270.56,7996772,0.0
2021-02-15,270.8,276.6,270.05,273.97,13233004,0.0
2021-02-16,271.24,273.97,269.58,273.51,11919218,0.0
2021-02-17,269.565,271.95,266.03,269.39,14223451,0.0
2021-02-18,269.86,270.27,260.15,261.6185,23008244,0.0
2021-02-21,257.95,263.07,257.53,260.33,15567869,0.0
2021-02-22,259.5,267.46,254.96,265.86,20722117,0.0
2021-02-23,262.325,266.38,258.39,264.34,14151577,0.0
2021-02-24,262.3,266.94,254.04,254.67,16971760,0.0
2021-02-25,256.47,265.55,256.47,257.2899,20820898,0.0
2021-02-28,260.82,266.65,257.9039,264.39,19336849,0.0
2021-03-01,265.78,266.71,258.65,258.95,12871564,0.0
2021-03-02,260.29,260.9899,255.1,255.44,13804129,0.0
2021-03-03,256.47,266.49,253.5,257.59,29890550,0.0
2021-03-04,260.67,265.45,255.61,264.28,24755187,0.0
2021-03-07,265.55,265.58,255.05,255.44,16231657,0.0
2021-03-08,261.175,268.53,259.81,265.74,18617900,0.0
2021-03-09,268.64,268.97,262.87,264.91,12775519,0.0
2021-03-10,268.11,277.9,267.82,273.87,19536393,0.0
2021-03-11,269.14,269.74,264.02,268.44,18935898,0.0
2021-03-14,269.08,275.96,268.5,273.75,14712652,0.0
2021-03-15,276.085,282.14,274.8,279.13,20483868,0.0
2021-03-16,275.705,286.23,275.41,284.02,19743048,0.0
2021-03-17,279.87,285.1899,278.28,278.55,17084257,0.0
2021-03-18,281.22,292.8,275,290.06,33858406,0.0
2021-03-21,290.45,299.705,286.7501,293.54,25013898,0.0
2021-03-22,293.15,298,289.81,290.59,20010583,0.0
2021-03-23,291,291.72,281.16,282.14,16929878,0.0
2021-03-24,281,288.06,277.75,278.74,21533420,0.0
2021-03-25,278.3018,284.5,277.77,283,14133814,0.0
2021-03-28,285.77,293.18,284.7,290.89,19470833,0.0
2021-03-29,289.83,292.47,286.7,287.94,15849800,0.0
2021-03-30,289.99,296.5,288.61,294.64,15651678,0.0
2021-03-31,298.4,302.4,296.6,298.7,16218811,0.0
2021-04-04,300.89,310.765,300.68,308.91,25379284,0.0
2021-04-05,308.52,311.35,305.25,306.27,15464495,0.0
2021-04-06,306.34,314.25,305.5,313.15,21333544,0.0
2021-04-07,314.86,315.88,310.05,313.02,19282040,0.0
2021-04-08,311.4,314.74,310.33,312.47,14110225,0.0
2021-04-11,311.23,312,307.93,311.55,9338144,0.0
2021-04-12,312.21,314.428,309.32,309.74,11265985,0.0
2021-04-13,307.3,308.03,301.95,302.87,14408863,0.0
2021-04-14,306.34,310.14,304.1,307.785,12897242,0.0
2021-04-15,308.17,308.95,304.61,306.18,10673574,0.0
2021-04-18,304.93,307.7,300.56,302.24,12761325,0.0
2021-04-19,302.09,305.1,297.21,302.64,15642647,0.0
2021-04-20,301.93,301.98,297.39,301.4,13197516,0.0
2021-04-21,301.33,302.92,296.04,296.51,15034448,0.0
2021-04-22,298.69,302.59,297.15,301.1,15426387,0.0
2021-04-25,303.21,305.8,301.56,303.19,14725830,0.0
2021-04-26,304.35,305.34,301.11,303.38,13562102,0.0
2021-04-27,307.52,310.92,305.37,307.11,25602124,0.0
2021-04-28,330.17,331.81,321.61,329.51,52346724,0.0
2021-04-29,326.18,329.82,324.5,325.25,22944241,0.0
2021-05-02,326.17,328.55,321.84,322.6,16636436,0.0
2021-05-03,320.02,322.19,313.12,318.43,21035430,0.0
2021-05-04,318.17,321.06,314.49,315.02,13467768,0.0
2021-05-05,314.52,320.24,313.275,320.02,17416190,0.0
2021-05-06,322.39,322.935,318.75,318.96,13943099,0.0
2021-05-09,314.35,314.67,304.83,306.04,22090334,0.0
2021-05-10,300.75,306.84,299.69,306.48,17062241,0.0
2021-05-11,301.11,304.96,298.19,302.55,21332919,0.0
2021-05-12,306.01,308.86,302.7701,305.2,15451189,0.0
2021-05-13,309.5,316.85,309.08,315.895,17649336,0.0
2021-05-16,313.69,315.68,311.58,315.47,12309921,0.0
2021-05-17,315.69,316.5,309.81,310.01,13330570,0.0
2021-05-18,304,314.66,303.57,313.71,16375463,0.0
2021-05-19,313.57,319.25,313.16,318.61,14704455,0.0
2021-05-20,318.96,319.93,315.8101,316.23,12082957,0.0
