Date,Open,High,Low,Close,Volume,OpenInterest
2017-05-30,168.13,169.23,166.725,168.39,351498,0.0
2017-05-31,166.88,169.06,165.19,168.25,651433,0.0
2017-06-01,168.56,170.18,168,169.86,385038,0.0
2017-06-04,170.55,171.508,169.5349,169.98,267421,0.0
2017-06-05,170.09,172.25,169.34,170.87,305844,0.0
2017-06-06,171.24,173.01,170.9,171.93,396513,0.0
2017-06-07,172.02,172.86,170.32,171.34,292323,0.0
2017-06-08,171.71,172.26,164.2301,164.55,625361,0.0
2017-06-11,164.35,164.56,156.02,158.18,1036218,0.0
2017-06-12,159.35,161.63,158.22,161.29,708021,0.0
2017-06-13,162.31,164.26,160.25,160.62,456386,0.0
2017-06-14,159.77,160.99,157.877,160.57,581176,0.0
2017-06-15,160.01,162.75,159.51,160.71,771712,0.0
2017-06-18,161.4,164.62,161.19,164.37,418452,0.0
2017-06-19,163.9,167.29,163.84,166.009,494094,0.0
2017-06-20,166.02,167.0707,165.83,166.62,332118,0.0
2017-06-21,166.5,167.98,165.44,166.5,282022,0.0
2017-06-22,166.5,168.6,165.98,167.35,542844,0.0
2017-06-25,168.28,168.63,165.79,165.91,305433,0.0
2017-06-26,165.57,165.785,162.28,162.45,267805,0.0
2017-06-27,162.92,164.93,162.44,164.68,361367,0.0
2017-06-28,164.22,164.22,159,160.53,371349,0.0
2017-06-29,161.47,162.845,160.58,161.42,369131,0.0
2017-07-02,162.39,163.76,159.17,159.29,199551,0.0
2017-07-04,159.51,161.97,159.25,161.39,490800,0.0
2017-07-05,160.23,160.99,157.76,159.25,368926,0.0
2017-07-06,159.82,162.36,159.55,161.44,242283,0.0
2017-07-09,161.02,162.74,160.42,161.52,271439,0.0
2017-07-10,161.76,162.36,160,161.75,378323,0.0
2017-07-11,162.89,165.25,162.01,164.63,357217,0.0
2017-07-12,164.62,165.06,162.53,163.61,271740,0.0
2017-07-13,164.02,167.58,163.85,166.5,303899,0.0
2017-07-16,166.54,167.42,165.17,166.02,272652,0.0
2017-07-17,165.84,166.96,164.77,165.5,243255,0.0
2017-07-18,165.85,168.2,165.08,167.7797,235433,0.0
2017-07-19,168.2,168.2,166.73,167.31,184101,0.0
2017-07-20,166.59,168.24,166.25,166.63,227115,0.0
2017-07-23,166.78,170.56,166.73,170.26,246358,0.0
2017-07-24,170.56,171.37,166.11,166.54,393419,0.0
2017-07-25,165.93,167.64,165.93,166.83,201291,0.0
2017-07-26,166.81,167.4,162.5,164.41,233824,0.0
2017-07-27,165.6,168,164.56,167.52,333686,0.0
2017-07-30,168.07,169.24,165.81,166.46,384922,0.0
2017-07-31,163.84,165.41,153.39,154.67,1064291,0.0
2017-08-01,154.52,156.57,150.49,151.19,823581,0.0
2017-08-02,151.44,155.33,151.19,154.05,556835,0.0
2017-08-03,154.73,155.2,151.56,152.6,330963,0.0
2017-08-06,152.9,155.56,152.59,155.47,342645,0.0
2017-08-07,154.83,156.47,153.662,154.81,337498,0.0
2017-08-08,154.33,155.39,153.52,154.52,261549,0.0
2017-08-09,154.28,154.69,150.35,151.06,370421,0.0
2017-08-10,151.71,153.92,151.4,153,311142,0.0
2017-08-13,152.98,155.83,152.98,155.27,524133,0.0
2017-08-14,156.15,157.09,154.22,154.67,448195,0.0
2017-08-15,154.99,156.27,154.78,155.24,262261,0.0
2017-08-16,155,155.7058,151.83,151.9,297056,0.0
2017-08-17,151.26,152.88,150.25,150.415,388164,0.0
2017-08-20,151.28,151.28,148.8,150.41,442894,0.0
2017-08-21,151,153.02,150.7725,152.8,293564,0.0
2017-08-22,155,155.15,152.83,153.62,384416,0.0
2017-08-23,153.5,154.55,152.29,152.57,268404,0.0
2017-08-24,153,153,150.95,151.07,235852,0.0
2017-08-27,151.28,152.12,149.45,150.44,314097,0.0
2017-08-28,149.32,150.94,149.32,150.35,334537,0.0
2017-08-29,150.1,154.23,150.1,152.71,371506,0.0
2017-08-30,153.46,155.99,152.31,155.45,369227,0.0
2017-08-31,155.72,155.8,153.6,154.99,175138,0.0
2017-09-04,154.16,156.46,152.96,155.78,325554,0.0
2017-09-05,156.71,157.22,154.87,156.89,358266,0.0
2017-09-06,157.18,159.32,155.87,157.99,383786,0.0
2017-09-07,157.64,159.04,156.9,157.49,200054,0.0
2017-09-10,158.2,160.55,157.61,160.23,241826,0.0
2017-09-11,160.13,160.4172,158.29,158.95,140363,0.0
2017-09-12,158.97,159.3599,157,159,163189,0.0
2017-09-13,158.19,159.71,157.89,158.83,216451,0.0
2017-09-14,159.07,159.4,157.36,158.97,340883,0.0
2017-09-17,159.37,162.4889,159.0458,162.1,262262,0.0
2017-09-18,162.09,162.2,160.13,160.53,276204,0.0
2017-09-19,160.89,161.63,157.77,158.5,216937,0.0
2017-09-20,158.51,158.68,154.82,155.76,423128,0.0
2017-09-21,155.75,157.76,155.39,157.47,269925,0.0
2017-09-24,157.14,157.61,154.12,154.54,314945,0.0
2017-09-25,154.5,154.98,153.09,153.23,361925,0.0
2017-09-26,153.41,156.82,153.25,156.46,254449,0.0
2017-09-27,156.02,156.1,153.51,154.39,240859,0.0
2017-09-28,154.35,155.6,153.97,155.47,227593,0.0
2017-10-01,156.13,157.83,155.98,157.17,196532,0.0
2017-10-02,157.15,157.8,153.45,154.4,370722,0.0
2017-10-03,153.96,157.52,153.96,157.4,220251,0.0
2017-10-04,157.81,158.55,156.68,158.13,204177,0.0
2017-10-05,158.16,159.839,157.4,158.97,228701,0.0
2017-10-08,158.8,159.7,158.0458,158.3,188780,0.0
2017-10-09,159.19,159.19,156.9,157.35,162089,0.0
2017-10-10,156.9,158.25,156.8307,158.08,169316,0.0
2017-10-11,157.53,163.085,157.53,161.77,319952,0.0
2017-10-12,161.26,162.64,159.19,159.64,244766,0.0
2017-10-15,159.97,160.43,158.24,158.55,185103,0.0
2017-10-16,158.09,160.07,158.09,160.02,168779,0.0
2017-10-17,159.83,163.27,159.28,163.06,319094,0.0
2017-10-18,162.98,162.98,160.84,161.62,209031,0.0
2017-10-19,162.3,165.79,161.45,164.68,282701,0.0
2017-10-22,165.54,167.55,163.91,164.43,189924,0.0
2017-10-23,163.66,164.6061,161.62,162.7,245624,0.0
2017-10-24,162.03,162.94,160.2401,162.04,272281,0.0
2017-10-25,162.78,164.46,162.181,164.24,209889,0.0
2017-10-26,163.61,168.66,162.9,168.32,277049,0.0
2017-10-29,167.76,168.63,163.23,164.41,374050,0.0
2017-10-30,163.76,168.09,161.01,166.18,677904,0.0
2017-10-31,167.79,167.79,159.15,159.21,376646,0.0
2017-11-01,159.23,159.23,151.13,151.83,1150049,0.0
2017-11-02,150.69,155.82,150.6,155.48,599159,0.0
2017-11-05,154.81,154.95,149,151.49,642197,0.0
2017-11-06,149.81,151.48,147.05,150.08,576234,0.0
2017-11-07,149.83,151.41,149.13,150.06,296946,0.0
2017-11-08,149.45,150.74,149,150.19,290341,0.0
2017-11-09,149.15,149.83,146.76,147.68,341418,0.0
2017-11-12,146.91,148.04,146.09,147.79,436315,0.0
2017-11-13,146.91,149.73,146.91,149.54,453341,0.0
2017-11-14,149.49,151.91,148.5,151.41,435204,0.0
2017-11-15,151.77,154.79,151.53,154.09,495744,0.0
2017-11-16,153.61,155.66,153.36,154.85,328135,0.0
2017-11-19,154.7,155.84,154.24,155.4,265826,0.0
2017-11-20,156.48,156.48,154.41,155.59,232641,0.0
2017-11-21,155.93,157.065,153.95,154.06,186242,0.0
2017-11-23,153.72,155.19,153.7,154.77,93426,0.0
2017-11-26,154.75,156.54,153.87,155.45,219861,0.0
2017-11-27,156.06,156.45,154.1764,155.02,237832,0.0
2017-11-28,155.25,155.68,153.42,153.99,264374,0.0
2017-11-29,154.01,156.78,152.891,156.4,297408,0.0
2017-11-30,156.14,156.88,151.7359,155.02,301581,0.0
2017-12-03,155.74,160,155.61,159.31,703166,0.0
2017-12-04,159.92,165.77,158.6,159.78,774969,0.0
2017-12-05,160.36,162.21,158.95,160.02,370250,0.0
2017-12-06,159.69,160.705,158.03,159.77,228763,0.0
2017-12-07,160.57,161.19,159.2,160.57,170136,0.0
2017-12-10,160.5,160.57,157.8464,159.7,239747,0.0
2017-12-11,159.76,159.97,157.11,159.3,206745,0.0
2017-12-12,159.54,160.24,158.08,158.2,290874,0.0
2017-12-13,158.35,158.72,155.14,155.28,233690,0.0
2017-12-14,156.37,157.99,155.16,156.6,479086,0.0
2017-12-17,157.53,158.12,156.32,157.33,264840,0.0
2017-12-18,157.29,158.94,156.13,157.4,247144,0.0
2017-12-19,157.57,159.09,156.06,158.7,184904,0.0
2017-12-20,159.58,159.95,157.01,157.25,166797,0.0
2017-12-21,156.81,158.07,154.88,157.69,180192,0.0
2017-12-25,157.28,157.65,156.02,157.07,202337,0.0
2017-12-26,157.47,158.55,156.39,156.68,195713,0.0
2017-12-27,156.79,158.99,155.33,158.77,188360,0.0
2017-12-28,158.87,159.65,156.25,156.39,146435,0.0
2018-01-01,157.59,160.53,157.53,157.76,258417,0.0
2018-01-02,157.9,162.37,157.7291,161.98,280928,0.0
2018-01-03,162.91,165.7,162.51,163.97,325381,0.0
2018-01-04,165.05,166.74,163.26,166.58,353707,0.0
2018-01-07,166.5,167.72,164.78,165.08,310065,0.0
2018-01-08,165.38,166.08,164.07,165.79,269950,0.0
2018-01-09,165.53,166.42,163.46,166.15,365390,0.0
2018-01-10,166.69,171.55,166.26,171.49,396986,0.0
2018-01-11,171.35,173.82,170.035,173.22,464947,0.0
2018-01-15,174.5,177.25,173.41,176.1,429862,0.0
2018-01-16,177.14,180.205,175.99,179.39,379987,0.0
2018-01-17,178.7,180.3,177.44,179,350324,0.0
2018-01-18,179.5,180.88,178.78,180.63,445655,0.0
2018-01-21,181,181.37,179.21,180.95,284899,0.0
2018-01-22,180.65,183.13,179.49,182.16,284344,0.0
2018-01-23,183.23,185.76,181.77,184.13,378063,0.0
2018-01-24,184.7,187.11,183.8925,185.74,292773,0.0
2018-01-25,186.4,187.24,184.335,187.03,222214,0.0
2018-01-28,186.7,187.43,185.5,186.78,300199,0.0
2018-01-29,186.26,187.66,185.301,186.61,346272,0.0
2018-01-30,186.66,188.55,185.0993,186.99,441829,0.0
2018-01-31,189.53,198.73,185.7,194.03,643207,0.0
2018-02-01,193.53,195.66,186.23,186.35,535059,0.0
2018-02-04,182.5,184.37,179.56,180.4,912369,0.0
2018-02-05,177.3,180.44,173.4,180.17,1054726,0.0
2018-02-06,179.58,180.43,175.71,176.86,465200,0.0
2018-02-07,175.7,176.52,169.2,169.28,574878,0.0
2018-02-08,170.41,174.43,166.7,172.95,500848,0.0
2018-02-11,174.42,177.01,172.34,175.08,292243,0.0
2018-02-12,173.93,176.46,172.3,175.39,410795,0.0
2018-02-13,174.35,179.87,173.626,178.3,806576,0.0
2018-02-14,179.22,181.52,178.0416,181.45,258831,0.0
2018-02-15,181.13,183.782,180.84,182.48,293208,0.0
2018-02-19,182.43,185.17,182.43,183.17,288257,0.0
2018-02-20,183.36,187.6752,183.36,183.94,234428,0.0
2018-02-21,184.15,187.18,183.25,183.88,310933,0.0
2018-02-22,185.12,187.63,183.48,187.61,241668,0.0
2018-02-25,187.6,188.78,185.51,186.13,291995,0.0
2018-02-26,186.38,188.809,186.21,187.98,270050,0.0
2018-02-27,188.8,191.899,187.19,187.23,382296,0.0
2018-02-28,187.39,188.45,181.06,182.51,454362,0.0
2018-03-01,181.34,186.12,180.331,185.76,386028,0.0
2018-03-04,184.37,191.63,183.39,191.13,443897,0.0
2018-03-05,191.14,191.94,187.65,190.51,447910,0.0
2018-03-06,189.64,194.93,184.5358,194.42,303956,0.0
2018-03-07,195,198.71,193.67,197.44,350683,0.0
2018-03-08,198.31,203.26,197.81,203.17,466762,0.0
2018-03-11,203.44,205.9,202.32,204.33,334592,0.0
2018-03-12,205.14,206.49,202.56,204.55,314474,0.0
2018-03-13,205.74,205.74,202.51,203.62,290571,0.0
2018-03-14,203.38,205.79,201.7041,203.38,304745,0.0
2018-03-15,203.76,207.14,203.32,204.73,369673,0.0
2018-03-18,203.47,204.2348,197.82,199.06,423345,0.0
2018-03-19,199.96,201.45,198.72,200.71,200243,0.0
2018-03-20,200.49,201.82,198.3,200.27,289919,0.0
2018-03-21,198.21,199.07,193.7,193.88,362813,0.0
2018-03-22,194.02,196.69,190.16,190.32,437040,0.0
2018-03-25,192.93,197.48,191.59,197.3,401746,0.0
2018-03-26,199.18,199.42,189.73,190.97,338050,0.0
2018-03-27,191.26,192.55,187.93,188.79,415585,0.0
2018-03-28,189.7,193.63,188.37,191.39,467527,0.0
2018-04-01,191.29,191.95,184.48,186.58,306877,0.0
2018-04-02,187.61,189.35,186.04,188.77,444339,0.0
2018-04-03,186.4,191.59,185.29,190.82,253936,0.0
2018-04-04,192.3,192.99,189.75,190.87,236349,0.0
2018-04-05,189.76,191.1,183.86,185.55,222562,0.0
2018-04-08,186.37,190.2,185.67,187.09,227755,0.0
2018-04-09,189.3,194.56,189.065,193.25,274631,0.0
2018-04-10,191.26,193.87,190.92,192.4,170137,0.0
2018-04-11,193.13,195.51,192.886,194.18,151648,0.0
2018-04-12,194.76,195.33,190.74,191.8,140482,0.0
2018-04-15,193.44,197,191.32,195.62,170112,0.0
2018-04-16,196.92,200.51,196.155,199.62,289517,0.0
2018-04-17,199.66,202.26,199,200.89,174185,0.0
2018-04-18,200.38,200.5699,196.43,197.83,230767,0.0
2018-04-19,198.27,199.71,195.81,196.76,229657,0.0
2018-04-22,197.7,200.37,196.78,197.63,136683,0.0
2018-04-23,199.08,201.15,192.34,193.84,296736,0.0
2018-04-24,193.69,195.25,191.54,194.62,205903,0.0
2018-04-25,195.15,199.56,194.741,199.09,206464,0.0
2018-04-26,199.59,199.87,195.78,197.19,202163,0.0
2018-04-29,197.82,199,194.09,194.49,205792,0.0
2018-04-30,194.02,195.48,193.36,195.01,226984,0.0
2018-05-01,194.69,195.92,192.07,193.16,384428,0.0
2018-05-02,191.97,195.65,189.415,195.46,354274,0.0
2018-05-03,200,212.47,198.31,212.22,732377,0.0
2018-05-06,215.75,217.89,206,207.58,609371,0.0
2018-05-07,205.48,207,203.15,204.98,350786,0.0
2018-05-08,205.82,207.95,203.7401,206.42,192689,0.0
2018-05-09,206.79,209.98,206.15,209.13,316530,0.0
2018-05-10,209.6,211.8,209.37,211.44,211623,0.0
2018-05-13,211,212.7,209.865,210.9,144317,0.0
2018-05-14,209.28,209.569,205.63,208.92,239278,0.0
2018-05-15,206,206,196,199.41,1275862,0.0
2018-05-16,199.3,200,194.04,195.59,568892,0.0
2018-05-17,195.87,201.25,195.15,200.77,376526,0.0
2018-05-20,202.43,203.39,200.49,201.2,311215,0.0
2018-05-21,201.51,202,199.73,199.99,179438,0.0
2018-05-22,199.44,204.56,199.44,204.15,332762,0.0
2018-05-23,203.93,205.11,202,202.41,163946,0.0
2018-05-24,202.42,204.01,202.3901,203.68,181170,0.0
2018-05-28,201.94,205.48,201.541,205.26,327279,0.0
2018-05-29,206.05,212.27,206,209.06,425527,0.0
2018-05-30,208.53,211.92,207.83,208.21,337096,0.0
2018-05-31,210.51,216.96,210.51,215.36,332736,0.0
2018-06-03,215.89,219.35,215.7144,218.81,366304,0.0
2018-06-04,219.96,220.9,217.3,217.44,261946,0.0
2018-06-05,217.44,219.62,216.25,219.51,178885,0.0
2018-06-06,220.13,221.1,214.07,218.02,254850,0.0
2018-06-07,218.23,219.97,216.99,219.72,155783,0.0
2018-06-10,219.72,222.4265,218.655,221.07,130789,0.0
2018-06-11,221.17,223.88,220.53,222.34,255797,0.0
2018-06-12,222.74,224.5,221.52,222.58,243082,0.0
2018-06-13,224.2,226.2,222.43,226.12,198362,0.0
2018-06-14,227.25,229.01,225.38,227.91,358983,0.0
2018-06-17,226.17,227,224.7046,226.24,243643,0.0
2018-06-18,224.51,226.635,223.56,225.38,213678,0.0
2018-06-19,225.55,227.39,224.5,225,152121,0.0
2018-06-20,225.11,226.535,220.71,221.95,153701,0.0
2018-06-21,222.48,224.165,220.64,222.91,284253,0.0
2018-06-24,222.03,223.75,216.11,217.48,269499,0.0
2018-06-25,217.78,219.94,216.76,217.33,239694,0.0
2018-06-26,218.31,219.43,211.66,212.73,281963,0.0
2018-06-27,212.33,218.702,212.33,217.47,201598,0.0
2018-06-28,217.94,220.86,217.325,217.94,249024,0.0
2018-07-01,216.83,221.5,215.11,221.28,191447,0.0
2018-07-02,222.09,222.73,218.0002,218.83,150962,0.0
2018-07-04,220.26,222.36,217.25,221.79,262583,0.0
2018-07-05,222.18,225.94,222.15,225.53,217881,0.0
2018-07-08,226.43,229.98,226.43,229.52,279770,0.0
2018-07-09,230.48,237.94,230.35,234.11,490867,0.0
2018-07-10,232.95,235.9285,231.561,234.2,283578,0.0
2018-07-11,235.31,237.52,234.59,237.4,218998,0.0
2018-07-12,237.46,238.8662,235.971,238.09,118286,0.0
2018-07-15,238.98,239.6675,236.54,237.92,166242,0.0
2018-07-16,236.63,240.5,236.63,239.83,233702,0.0
2018-07-17,239.81,241.61,238.4115,239.1,196885,0.0
2018-07-18,239.15,243.74,238.15,242.83,222970,0.0
2018-07-19,243.18,248.65,242.27,248.14,366846,0.0
2018-07-22,248.29,248.719,243.44,248.55,253895,0.0
2018-07-23,249.8,252.395,247.02,248.06,313388,0.0
2018-07-24,247.67,251.41,247.54,251.13,336619,0.0
2018-07-25,252.49,252.49,247.62,247.97,210769,0.0
2018-07-26,248.72,249,239.35,241.26,318215,0.0
2018-07-29,240.64,242.49,235.67,237.82,342351,0.0
2018-07-30,238.17,245.25,237,244.93,324215,0.0
2018-07-31,244.93,244.93,227.7861,236.27,771550,0.0
2018-08-01,234.69,243.04,234.2503,240.78,339758,0.0
2018-08-02,241,243.37,238.38,242.64,289600,0.0
2018-08-05,242.06,244.31,240.56,242.94,176768,0.0
2018-08-06,243.99,246.205,243.78,245.53,250588,0.0
2018-08-07,246.26,246.77,243.49,246.16,171862,0.0
2018-08-08,246.73,249.18,244.27,244.62,251504,0.0
2018-08-09,242.92,245.83,242.04,243.52,165323,0.0
2018-08-12,243.65,245.47,240.32,240.62,246475,0.0
2018-08-13,242.05,244.91,239.88,243.47,184671,0.0
2018-08-14,241.48,242.81,238.4356,241.67,138686,0.0
2018-08-15,242.99,244.04,241.61,243.3,200442,0.0
2018-08-16,242.98,243.89,240.89,243.47,192805,0.0
2018-08-19,244.83,245.57,240.73,242.47,328837,0.0
2018-08-20,242.7,245.41,242.33,242.52,280273,0.0
2018-08-21,242,246.535,241.311,245.89,208784,0.0
2018-08-22,245.86,248.99,245.34,245.97,260679,0.0
2018-08-23,246.71,251.2999,245.74,249.5,340174,0.0
2018-08-26,250.67,255.085,248.64,251.34,337212,0.0
2018-08-27,251.62,253.46,250.8433,251.69,170040,0.0
2018-08-28,251.7,256.22,251.7,254.51,225563,0.0
2018-08-29,253.75,254.77,252.11,253.49,183961,0.0
2018-08-30,253.37,255.15,252.21,254.01,198306,0.0
2018-09-03,253.37,254.28,249.64,251.09,317978,0.0
2018-09-04,251.09,251.7,243.64,245.65,441765,0.0
2018-09-05,245.43,247.3,242.84,244.26,311600,0.0
2018-09-06,244.17,246.4,241.92,242.58,202685,0.0
2018-09-09,244.5,247.99,243.55,246.12,320625,0.0
2018-09-10,246.48,248.09,241.32,242.41,456255,0.0
2018-09-11,242.4,246.06,241.695,245.66,188001,0.0
2018-09-12,246.14,249.75,245.71,249.29,222716,0.0
2018-09-13,248.94,249.89,247.07,247.94,223953,0.0
2018-09-16,247.72,248.855,242.11,242.97,292440,0.0
2018-09-17,243.67,247.7,242,245.22,335501,0.0
2018-09-18,244.93,245.73,240.0212,240.88,383915,0.0
2018-09-19,241.96,243.7225,239.26,242.02,502412,0.0
2018-09-20,242.92,244.13,240.79,241.13,381862,0.0
2018-09-23,239.66,243.21,239.0107,242.72,238689,0.0
2018-09-24,243.37,245.97,242.73,245.84,217440,0.0
2018-09-25,246.69,247.98,243.48,244.41,252337,0.0
2018-09-26,244.28,249.83,244.28,248.67,282417,0.0
2018-09-27,248.46,250.68,248.135,249.66,230053,0.0
2018-09-30,250,252.69,247.78,248.89,225731,0.0
2018-10-01,249.11,249.92,241.63,242.39,342598,0.0
2018-10-02,243.6,245.15,238.805,239.36,376626,0.0
2018-10-03,237.9,238.198,229.82,231.08,470293,0.0
2018-10-04,231.11,233.5,226.28,229.24,349297,0.0
2018-10-07,228.44,229.94,220.51,224.28,344460,0.0
2018-10-08,223.69,227.1198,222,223.99,360918,0.0
2018-10-09,223.6,224.91,216.64,217.21,347962,0.0
2018-10-10,216.41,219.99,212.55,214.11,334208,0.0
2018-10-11,219.6,223.33,216.41,222.44,540364,0.0
2018-10-14,221.9,222.04,216.86,216.96,200809,0.0
2018-10-15,219.3,226.25,219.3,225.74,259407,0.0
2018-10-16,225.04,229.1,223.62,228.52,332705,0.0
2018-10-17,228.3,228.71,223.035,224.27,320325,0.0
2018-10-18,226.4,227.97,217.35,218.41,272938,0.0
2018-10-21,218.3,220.9899,214.4,219.78,258576,0.0
2018-10-22,216.64,219.54,211.01,218.15,305708,0.0
2018-10-23,218,220.63,206.4,206.95,381411,0.0
2018-10-24,208.25,213.665,205.572,210.76,361046,0.0
2018-10-25,204.56,207.99,200.85,203.38,881513,0.0
2018-10-28,206.75,209.1,199.86,203.94,423446,0.0
2018-10-29,204.21,210.46,203.75,210.17,392852,0.0
2018-10-30,213.49,216.11,210.89,211.89,494374,0.0
2018-10-31,196.88,207.8,190.0001,205.08,1202030,0.0
2018-11-01,206,209.87,195.01,204.91,739268,0.0
2018-11-04,205.44,205.53,198.4,201.45,500785,0.0
2018-11-05,201.83,204.085,200.13,202.25,427147,0.0
2018-11-06,203.98,210.15,203.12,209.73,441728,0.0
2018-11-07,209.65,212.18,208.35,209.66,216952,0.0
2018-11-08,208.72,209.4,203.42,207.18,261387,0.0
2018-11-11,206.24,207.23,198,198.85,289414,0.0
2018-11-12,198,202.245,196.5,198.85,291908,0.0
2018-11-13,200.5,202.24,195.17,196.73,342366,0.0
2018-11-14,195.63,200.9729,193.37,200.57,368861,0.0
2018-11-15,199.91,203.12,198.45,201.44,496190,0.0
2018-11-18,201.3,201.3,191.06,193.52,505182,0.0
2018-11-19,190.62,194.33,188.75,192.17,488068,0.0
2018-11-20,193.18,195.47,190.08,193.49,384624,0.0
2018-11-22,192.18,195.83,192.16,192.83,120118,0.0
2018-11-25,194.05,196.99,192.59,196.71,341946,0.0
2018-11-26,196.26,198.01,193.17,194.39,342898,0.0
2018-11-27,194.55,202.73,194.55,202.41,415614,0.0
2018-11-28,200.7,202.41,198.985,201.1,348959,0.0
2018-11-29,201.36,204.3725,200.49,203.7,391770,0.0
2018-12-02,206.25,207.28,204.37,206.38,425185,0.0
2018-12-03,206.68,207.75,194.64,196.86,748375,0.0
2018-12-05,194.07,199.97,189.46,199.69,743381,0.0
2018-12-06,198.4,199.55,188.56,190.01,520207,0.0
2018-12-09,190.17,196.24,188.99,196.01,466144,0.0
2018-12-10,198.4,199.655,195.01,196.49,402646,0.0
2018-12-11,199.72,202.8,198.88,199.71,298684,0.0
2018-12-12,200.74,201.02,193.19,195.02,370124,0.0
2018-12-13,192.98,193.75,189.58,190.32,421356,0.0
2018-12-16,189.47,189.66,182.42,183.81,678013,0.0
2018-12-17,185.6,190.02,183.77,187.58,486319,0.0
2018-12-18,188.34,192.98,181.53,183.91,519513,0.0
2018-12-19,182.5,187.82,180,185.06,1001375,0.0
2018-12-20,184.9,188.98,182.9,185.01,1137407,0.0
2018-12-23,183.82,184.38,176.17,176.22,396978,0.0
2018-12-25,176.15,185.63,176.15,185.6,391283,0.0
2018-12-26,182.76,187.92,180.5,187.92,527162,0.0
2018-12-27,189.06,189.35,182.92,185.84,400241,0.0
2018-12-30,187.45,187.97,183.38,184.93,494041,0.0
2019-01-01,182.49,184.17,180.75,182.2544,433817,0.0
2019-01-02,181.31,181.91,176.11,178.15,432104,0.0
2019-01-03,180.34,188.99,180.34,187.735,533555,0.0
2019-01-06,187.92,190,185.25,186.92,469985,0.0
2019-01-07,188.84,189.61,184.52,189.19,359956,0.0
2019-01-08,190.27,194.5,190.24,192.11,491792,0.0
2019-01-09,191.42,193.12,190.1,192.84,171998,0.0
2019-01-10,191.86,193.01,190.77,192.84,269701,0.0
2019-01-13,191.89,192.6,189.69,189.97,336196,0.0
2019-01-14,190.59,196.29,190.515,195.85,459322,0.0
2019-01-15,196.08,199.68,195.07,197.09,837819,0.0
2019-01-16,196.27,199.21,196.08,196.94,379672,0.0
2019-01-17,198.9,200.64,196.29,200.63,735590,0.0
2019-01-21,199.64,201.21,198.82,200.64,339291,0.0
2019-01-22,201.89,204.04,198.47,201.54,309697,0.0
2019-01-23,202.1,206.45,200.49,206.27,539786,0.0
2019-01-24,207.88,209.49,206.86,208.78,401721,0.0
2019-01-27,207.85,207.87,204.05,205.6,339681,0.0
2019-01-28,205.18,207.11,203.37,204.19,401063,0.0
2019-01-29,204.84,209.53,204.245,207.58,440502,0.0
2019-01-30,208.11,212.81,207.11,212.78,556244,0.0
2019-01-31,214.03,214.5,201.59,205.37,1156148,0.0
2019-02-03,205.5,207.85,202.18,203.03,454038,0.0
2019-02-04,203.51,209,203.28,208.07,449720,0.0
2019-02-05,207.72,209.745,207.1928,208.77,382546,0.0
2019-02-06,207.27,207.65,204.29,206.68,372823,0.0
2019-02-07,206.02,207.38,204.81,207.38,259830,0.0
2019-02-10,208.41,209.885,206.405,206.63,229978,0.0
2019-02-11,208.04,210.06,206.78,209.5015,233213,0.0
2019-02-12,210.32,211.4695,209.1,210.55,322371,0.0
2019-02-13,209.49,209.86,205.21,207.01,480239,0.0
2019-02-14,208.58,210.32,207.005,210.18,354342,0.0
2019-02-20,210.77,210.77,204.78,205.94,573286,0.0
2019-02-21,206.49,209.51,206.28,209.13,337523,0.0
2019-02-24,210.44,212.75,209.94,210.1,321556,0.0
2019-02-25,210.07,210.07,207.03,207.73,338359,0.0
2019-02-26,207.08,209.2299,206.355,208.92,214348,0.0
2019-02-27,208.85,212.14,208,211.04,430697,0.0
2019-02-28,213.25,216.85,213.16,215.83,439930,0.0
2019-03-03,217.75,217.8899,212.15,213.43,582809,0.0
2019-03-04,213.1,213.86,210.26,210.765,536897,0.0
2019-03-05,211.67,212.29,207.3,207.79,431747,0.0
2019-03-06,207.35,207.705,203.24,203.79,307663,0.0
2019-03-07,202.63,203.4,198.745,201.78,495417,0.0
2019-03-10,202.93,205.96,201.67,204.72,439831,0.0
2019-03-11,205.77,205.98,203.61,205.98,336816,0.0
2019-03-12,206.62,211.07,206.31,209.92,392149,0.0
2019-03-13,209.82,210.96,208.02,210.88,302270,0.0
2019-03-14,213.19,216.35,212.92,216.21,468333,0.0
2019-03-17,216.65,217.97,213.34,215.75,439831,0.0
2019-03-18,216.99,219,216.48,218.37,325497,0.0
2019-03-19,217.35,220.81,216.44,219.28,309854,0.0
2019-03-20,219.04,226.15,219.04,225.7,567743,0.0
2019-03-21,225.23,225.5766,219.32,219.48,377125,0.0
2019-03-24,219.31,220.81,217.89,219.33,275953,0.0
2019-03-25,221.06,222.59,219.09,219.98,276664,0.0
2019-03-26,220.71,220.71,215.39,218.84,290140,0.0
2019-03-27,218.92,220.77,217.59,220.58,281080,0.0
2019-03-28,222,224.195,220.82,223.53,243458,0.0
2019-03-31,225.52,228.18,223.99,225.12,153099,0.0
2019-04-01,225.49,225.95,223.505,224.92,384780,0.0
2019-04-02,226.72,228.205,225.2,227.58,392081,0.0
2019-04-03,227.78,227.8,222.84,225.99,375668,0.0
2019-04-04,226.45,228.98,226.39,227.69,242354,0.0
2019-04-07,226.83,228,224.38,227.75,358755,0.0
2019-04-08,227.13,228.5938,224.15,224.85,324304,0.0
2019-04-09,224.68,226.14,223.68,224.61,361585,0.0
2019-04-10,225.48,225.89,221.5,223.76,392724,0.0
2019-04-11,225.22,227.34,223.71,225.32,258233,0.0
2019-04-14,225.84,226.27,223.83,225.15,184602,0.0
2019-04-15,227.1,228.195,221,222.24,286467,0.0
2019-04-16,223.43,223.83,214.821,215.61,435484,0.0
2019-04-17,216.89,219.08,214.25,218.57,397155,0.0
2019-04-21,216.82,222.79,216.82,221.48,297947,0.0
2019-04-22,221,226.3,220.66,224.44,407919,0.0
2019-04-23,225.01,226.4775,223.47,224.65,317385,0.0
2019-04-24,223.98,228.32,222.25,227.59,349624,0.0
2019-04-25,227.79,233.06,227.05,232.45,350419,0.0
2019-04-28,231.67,233.21,229.01,230.67,323772,0.0
2019-04-29,230.99,232.94,230.04,232.16,442590,0.0
2019-04-30,231.63,240.865,230,234.06,613862,0.0
2019-05-01,234.63,242.51,234.13,242.34,597387,0.0
2019-05-02,242.42,251.38,242.42,250.46,761010,0.0
2019-05-05,245.33,252.335,244.05,251.83,426089,0.0
2019-05-06,248.44,250.22,243.59,245.45,560297,0.0
2019-05-07,243.93,247.41,242.5,245.91,335876,0.0
2019-05-08,243.57,246.71,241.79,246.35,436229,0.0
2019-05-09,245.41,248.93,240.84,247.87,470766,0.0
2019-05-12,242.9,244.55,240.56,242.62,411850,0.0
2019-05-13,243.24,247.57,242.72,246.17,342054,0.0
2019-05-14,243.79,250.35,243.79,249.55,313142,0.0
2019-05-15,250.54,255.295,249.78,252.05,407351,0.0
2019-05-16,249.85,252.13,248.68,249.56,477545,0.0
2019-05-19,247.92,250.27,245.84,248.56,203600,0.0
2019-05-20,250.56,252.75,249.16,249.33,238617,0.0
2019-05-21,249.12,251.09,247.52,250.35,300562,0.0
2019-05-22,252.58,253.64,248.03,253.59,387282,0.0
2019-05-23,254.47,258.42,254.47,256.06,337376,0.0
2019-05-27,256.1,258.45,246.72,246.84,513833,0.0
2019-05-28,245.79,249.1,243.8625,247.36,539591,0.0
2019-05-29,248.07,251.32,247.48,249.67,216652,0.0
2019-05-30,247.64,251.87,245.86,249.65,231821,0.0
2019-06-02,250.05,252.665,245,245.55,328029,0.0
2019-06-03,249.65,253.21,248.03,253.02,390482,0.0
2019-06-04,253.64,257.63,253.64,256.61,230682,0.0
2019-06-05,256.76,261.37,256.39,259.75,247786,0.0
2019-06-06,261.3,265.9,261.3,264.93,300920,0.0
2019-06-09,266.04,269.52,266.04,268.39,247117,0.0
2019-06-10,269.86,271.34,261.55,263.93,304279,0.0
2019-06-11,264.47,266.22,262.36,265.09,274362,0.0
2019-06-12,265.82,267.32,262.53,267.07,396577,0.0
2019-06-13,267.12,268.85,266.06,267.87,411837,0.0
2019-06-16,267.85,270.5,265.5,268.25,175349,0.0
2019-06-17,271.45,272.44,268.03,269.86,249395,0.0
2019-06-18,269.2,275.19,268.17,274.36,181705,0.0
2019-06-19,277.57,278.61,272.48,272.77,315585,0.0
2019-06-20,272.74,275,270.2,273.93,401470,0.0
2019-06-23,274.81,275.94,272.82,275,216878,0.0
2019-06-24,275.59,276,270.68,271.38,206361,0.0
2019-06-25,272.33,272.665,268.53,269.82,233840,0.0
2019-06-26,270.46,273.83,270.01,272.05,197766,0.0
2019-06-27,273.1,275.97,270.59,275.31,382414,0.0
2019-06-30,278.25,281.3,276.445,280.16,454622,0.0
2019-07-01,279.91,280.7,275.46,277.01,375643,0.0
2019-07-02,278,279.91,276.72,278.74,162254,0.0
2019-07-04,276.57,278.735,273.39,278.61,215054,0.0
2019-07-07,277.58,277.68,274.815,276.75,226441,0.0
2019-07-08,275.41,280.18,274.54,279.67,318574,0.0
2019-07-09,280.51,284.37,280.3,282.54,437945,0.0
2019-07-10,283.07,285.86,280.56,285.46,255871,0.0
2019-07-11,283.51,285.33,282.865,284.13,259306,0.0
2019-07-14,284.47,284.47,282.18,284.07,196904,0.0
2019-07-15,284.08,285.4,282.59,283.66,169180,0.0
2019-07-16,283.76,286.79,283.76,284.72,207699,0.0
2019-07-17,283.36,290.3947,283.36,289.85,312950,0.0
2019-07-18,291.16,292.17,284.27,284.69,342879,0.0
2019-07-21,285.88,289.83,285.02,287.07,213780,0.0
2019-07-22,288.06,288.6994,284.94,286.64,177401,0.0
2019-07-23,288.64,289.47,283.65,285.35,339220,0.0
2019-07-24,284.21,285.15,282.2,283.53,250296,0.0
2019-07-25,285.22,285.65,282.68,283.74,172208,0.0
2019-07-28,284.33,285.07,281.04,284.74,275480,0.0
2019-07-29,283.44,286.41,283.19,286.2,231715,0.0
2019-07-30,286.49,286.88,278.68,282.04,332753,0.0
2019-07-31,268.51,281.28,259.7343,268.17,992911,0.0
2019-08-01,268.89,272.515,265.02,268.6,315670,0.0
2019-08-04,264.13,266.2139,256.27,260.05,499284,0.0
2019-08-05,262.21,270.9,262.2,270.36,515486,0.0
2019-08-06,267.34,269.75,262.91,267.84,326179,0.0
2019-08-07,269.89,276.03,269.89,275.68,295206,0.0
2019-08-08,277.78,280.5534,274.13,278.97,331214,0.0
2019-08-11,278.12,279.48,274.11,275.83,248293,0.0
2019-08-12,274.29,281.13,274.08,280.91,268612,0.0
2019-08-13,276.97,278.3822,269.76,270.07,341598,0.0
2019-08-14,272.36,276.56,270.51,273.07,245332,0.0
2019-08-15,276.29,279.24,274.225,275.31,286147,0.0
2019-08-18,278.77,280.22,276.26,279.66,169079,0.0
2019-08-19,279.92,283.41,277.31,281.42,269698,0.0
2019-08-20,282.88,284.155,280.13,280.95,147912,0.0
2019-08-21,282.26,282.47,276.09,279.71,138504,0.0
2019-08-22,279.25,281.925,269.23,270.65,282857,0.0
2019-08-25,273.84,277.28,272.5,277.25,201515,0.0
2019-08-26,279.04,285.14,277.07,284.76,478404,0.0
2019-08-27,282.62,287.075,281.0103,285.62,399149,0.0
2019-08-28,288.1,290.8479,286.06,289.07,282773,0.0
2019-08-29,291.05,291.05,287.22,289.74,228024,0.0
2019-09-02,288.89,290.42,283.53,286.09,251166,0.0
2019-09-03,288.21,289.24,284.73,288.88,198317,0.0
2019-09-04,291.21,291.64,287.765,289.93,265909,0.0
2019-09-05,289.95,290.98,288.21,288.46,210592,0.0
2019-09-08,289.05,289.05,266.315,267.2,580336,0.0
2019-09-09,265.04,267.76,257.01,267.55,487202,0.0
2019-09-10,270.04,274.55,268,270.98,346237,0.0
2019-09-11,272.6,274.445,270.87,271.03,308269,0.0
2019-09-12,270.59,271.6857,264.945,265.48,332701,0.0
2019-09-15,262.91,267.35,261.86,265.64,215030,0.0
2019-09-16,266.27,272.47,266.27,271.87,295957,0.0
2019-09-17,271.58,275.35,269.01,272.89,259098,0.0
2019-09-18,273.63,276.3677,272.76,273.76,151610,0.0
2019-09-19,272.42,276.54,272.2309,273.98,468072,0.0
2019-09-22,272.4,277.06,271.21,275.9,333941,0.0
2019-09-23,277.76,279.44,271.34,272.06,373639,0.0
2019-09-24,272.5,275.7,270.65,274.79,220725,0.0
2019-09-25,274.63,277.24,272.02,275.05,221076,0.0
2019-09-26,276.38,276.38,270.57,272.3,183805,0.0
2019-09-29,272.48,274.79,270.21,271.91,352167,0.0
2019-09-30,273.4,275.45,265.7928,268.98,324415,0.0
2019-10-01,266.84,270.08,264.07,268.71,646950,0.0
2019-10-02,267.53,271.485,265.18,270.03,246366,0.0
2019-10-03,272.09,277.175,270.61,276.53,424781,0.0
2019-10-06,274.92,276.42,271.4,272.15,438922,0.0
2019-10-07,270.69,271.6,265.9,267.56,428900,0.0
2019-10-08,268.91,273.085,268.4,271.88,337786,0.0
2019-10-09,270.28,274.075,268.45,272.16,290009,0.0
2019-10-10,276.38,279.04,275,276.8,395635,0.0
2019-10-13,279.12,279.2,275.02,275.79,217762,0.0
2019-10-14,277.58,282.6,276.82,282.19,373253,0.0
2019-10-15,280.06,281.46,277.05,279.76,458297,0.0
2019-10-16,281.05,282.8181,278.61,282.14,249859,0.0
2019-10-17,282.45,283.44,280.48,282.83,489676,0.0
2019-10-20,283.41,283.41,278.1,278.81,159618,0.0
2019-10-21,279.07,281.59,270.72,270.8,192770,0.0
2019-10-22,270.76,273.65,266.72,267.86,298780,0.0
2019-10-23,267.99,271.855,266.71,268.33,345138,0.0
2019-10-24,268.63,271.13,268.11,268.28,320860,0.0
2019-10-27,267.91,269.235,265.31,266.38,452579,0.0
2019-10-28,265.56,273.46,264.48,270.83,664876,0.0
2019-10-29,270.88,274.06,270,273.64,278443,0.0
2019-10-30,272.25,294.57,270.5,285.16,655338,0.0
2019-10-31,285.56,287.92,276.5,276.86,513878,0.0
2019-11-03,278.86,282.29,277.52,278.74,479198,0.0
2019-11-04,277.95,278.57,263.22,264.16,661873,0.0
2019-11-05,263.74,266,261.24,261.45,446756,0.0
2019-11-06,261.86,264.99,261.82,263.18,364801,0.0
2019-11-07,263,264.2029,254.42,254.74,613615,0.0
2019-11-10,253.58,256.245,251.6,252.66,394662,0.0
2019-11-11,252.25,258.965,252.25,257.51,413655,0.0
2019-11-12,258.02,260.19,257.09,259.32,347575,0.0
2019-11-13,258.53,262.07,256.01,257.31,394854,0.0
2019-11-14,258,261.11,256.49,259.72,591181,0.0
2019-11-17,259.79,262.34,258.41,260.56,452043,0.0
2019-11-18,261.66,265.96,259.95,264.6,388475,0.0
2019-11-19,264.13,266.45,257.55,260.48,551243,0.0
2019-11-20,260.37,261.54,257.78,260.7,392397,0.0
2019-11-21,260.88,261,255.36,257.02,395295,0.0
2019-11-24,256.87,259.09,251.14,251.87,570035,0.0
2019-11-25,251,255.635,250.5,252.88,596547,0.0
2019-11-26,254.3,255.37,249.81,250.72,437482,0.0
2019-11-28,249.36,254.28,249.36,251.58,290441,0.0
2019-12-01,251.33,252.63,248.01,251.43,367042,0.0
2019-12-02,250.08,255.71,246.74,248.73,410461,0.0
2019-12-03,249.98,253.24,248.13,251.81,387776,0.0
2019-12-04,251.8,253.3,250.88,251.72,271454,0.0
2019-12-05,253.91,254.52,251.05,251.5,222921,0.0
2019-12-08,251.1,253.02,248.55,249.01,263545,0.0
2019-12-09,249.62,252.94,249.52,252.85,459964,0.0
2019-12-10,252.28,254.71,249.72,250.34,354135,0.0
2019-12-11,250.87,252.9536,249.53,251.86,341589,0.0
2019-12-12,251.77,256.35,251.12,252.77,434559,0.0
2019-12-15,253.82,257.48,253.3215,255.48,302092,0.0
2019-12-16,255.31,257.9,253.25,257.08,349001,0.0
2019-12-17,257.38,258.59,252.515,252.98,317074,0.0
2019-12-18,255,256.62,252.59,256.24,347702,0.0
2019-12-19,257.58,261.92,253.65,261.73,709557,0.0
2019-12-22,263.34,265.31,260.58,263.97,442253,0.0
2019-12-23,265.13,265.93,261.46,263.25,175312,0.0
2019-12-25,263.1,263.1,259.78,261.34,147370,0.0
2019-12-26,261.9,264.29,259.67,263.98,235033,0.0
2019-12-29,264.12,265.54,260.52,261.65,205742,0.0
2019-12-30,262.07,262.93,259.9,261.01,239640,0.0
2020-01-01,261.53,265.26,260.49,265.02,344709,0.0
2020-01-02,260.87,266.39,259.994,264.85,333177,0.0
2020-01-05,263.9,267.18,261.3234,266.98,374503,0.0
2020-01-06,267.29,269.46,265.37,266.21,337067,0.0
2020-01-07,267.89,274.65,266.11,271.68,591946,0.0
2020-01-08,273.94,278.19,271.99,278.01,497513,0.0
2020-01-09,279.53,283.735,277.33,281.64,496136,0.0
2020-01-12,281.75,284.35,280.02,282.29,423418,0.0
2020-01-13,281.55,285.445,278.48,283.95,370930,0.0
2020-01-14,285.13,288.92,282.66,288.52,438058,0.0
2020-01-15,289.03,291.5,287.19,289.82,288307,0.0
2020-01-16,290.88,290.88,285.205,285.7,521529,0.0
2020-01-20,284.64,287.43,283.71,284.84,991838,0.0
2020-01-21,285.15,290.14,285.15,287.62,527568,0.0
2020-01-22,287.86,287.985,283.45,285.88,635550,0.0
2020-01-23,288.21,289.25,279.18,280.77,585381,0.0
2020-01-26,277.15,279.25,275.02,277.29,279386,0.0
2020-01-27,277.35,279.81,276.48,278.64,353325,0.0
2020-01-28,280.9385,283.14,276.99,280.77,273097,0.0
2020-01-29,278.8,283.99,276.52,283.99,439647,0.0
2020-01-30,280.14,289.96,269.49,271.01,798226,0.0
2020-02-02,276.08,281.52,274.25,275.77,470239,0.0
2020-02-03,280.58,285.96,277.82,278.95,359812,0.0
2020-02-04,281.87,282.04,272.81,274.4,404475,0.0
2020-02-05,275.27,281.37,274.43,280.62,362605,0.0
2020-02-06,280.59,281.08,277.7,278.41,180734,0.0
2020-02-09,277.94,279.645,276.94,279.07,242542,0.0
2020-02-10,280.33,284.36,280.04,283.49,241091,0.0
2020-02-11,284.21,285.875,280.34,283.15,226988,0.0
2020-02-12,283.11,286.5,281.85,285.13,241414,0.0
2020-02-13,285.27,289.01,283.4,288.89,239184,0.0
2020-02-17,288.38,289.35,285.76,286.75,290289,0.0
2020-02-18,288,296.25,288,290.96,648453,0.0
2020-02-19,290.22,292.97,278.5,281.45,475169,0.0
2020-02-20,280.64,281.49,276.79,277.98,310767,0.0
2020-02-23,274.47,275.61,267.36,269.92,457785,0.0
2020-02-24,270.22,272.0168,255.35,256.88,540088,0.0
2020-02-25,258.65,265.775,258.24,259.34,480974,0.0
2020-02-26,255.94,261.72,250,250,469960,0.0
2020-02-27,242.22,254.94,238.04,254.56,1423505,0.0
2020-03-01,254.93,262.33,247.67,261.9,563618,0.0
2020-03-02,259.25,263.73,247.63,251.02,613269,0.0
2020-03-03,256.07,263.34,251,263.02,476446,0.0
2020-03-04,258.17,260.01,250.97,255.23,398452,0.0
2020-03-05,245.44,250.83,242.75,249.89,452118,0.0
2020-03-08,236.1,246.34,230.5574,242.89,805613,0.0
2020-03-09,251.99,256,241.35,255.35,1015446,0.0
2020-03-10,245.59,252.64,243.37,245.57,1191872,0.0
2020-03-11,230.16,246.67,225.75,241.03,1263772,0.0
2020-03-12,243.51,255.54,230.33,254.19,1155284,0.0
2020-03-15,231.94,240.23,223.705,223.78,2392238,0.0
2020-03-16,228.93,236.88,208.41,215.39,1127946,0.0
2020-03-17,204.34,213.29,199.18,206.2,1135426,0.0
2020-03-18,204.02,207.95,185.03,193.25,3013380,0.0
2020-03-19,193.95,196.94,180.19,182.54,2748218,0.0
2020-03-22,181.96,187.25,168.65,182.95,2576012,0.0
2020-03-23,190.38,207.06,186.73,205.16,921692,0.0
2020-03-24,204.78,223.85,200.66,213.64,752954,0.0
2020-03-25,213.06,232.48,212.2,230.38,631266,0.0
2020-03-26,223.54,237.05,223.54,231.75,742654,0.0
2020-03-29,235.9,244.28,230.505,241,707572,0.0
2020-03-30,239.37,256.645,239.16,242.23,1954686,0.0
2020-03-31,237.81,239.275,227.7,230.65,1711402,0.0
2020-04-01,226.02,240.76,226.02,239.24,685578,0.0
2020-04-02,237.88,244,233.25,234.55,1115834,0.0
2020-04-05,246.26,255.64,243.37,254.43,1193426,0.0
2020-04-06,260.66,264.99,247.64,251.74,561578,0.0
2020-04-07,249.42,256.25,244.98,254.7,701981,0.0
2020-04-08,256.02,261.06,252.865,258.74,537996,0.0
2020-04-12,254.73,257.155,246.4,254.39,664296,0.0
2020-04-13,256.54,264.98,254.4,262.77,799072,0.0
2020-04-14,255.02,260.97,251.22,257.99,908028,0.0
2020-04-15,261.13,266.3323,258,260.97,1278165,0.0
2020-04-16,268.29,268.29,260.625,265.12,956252,0.0
2020-04-19,263.38,273.28,262.01,267.33,1695300,0.0
2020-04-20,263,265.3752,256.425,259.24,963904,0.0
2020-04-21,261.72,269.53,261.19,268.615,1083320,0.0
2020-04-22,268.14,274.6,267.23,268.42,978402,0.0
2020-04-23,271.55,274.32,268.18,271.8,541763,0.0
2020-04-26,271.97,278.85,269.03,275.85,1272472,0.0
2020-04-27,275,276.95,263.95,264.24,511095,0.0
2020-04-28,267.76,274.67,265.04,273.24,553485,0.0
2020-04-29,276.98,289,272.74,277.17,1293126,0.0
2020-04-30,277.51,278.94,268.57,271.09,449172,0.0
2020-05-03,269.1122,274.9,266,273.33,393552,0.0
2020-05-04,272.91,284.95,271.01,282.09,399477,0.0
2020-05-05,283.67,288.54,282.1,283.69,495202,0.0
2020-05-06,288,295.595,286.65,294.4,1254442,0.0
2020-05-07,296.28,298.64,287.52,287.9,898900,0.0
2020-05-10,287,300.576,286.9,299.55,493825,0.0
2020-05-11,298.62,299.674,289.16,289.16,798704,0.0
2020-05-12,288.58,292.75,282.63,285.99,777632,0.0
2020-05-13,281.55,295.97,280.531,294.99,1051694,0.0
2020-05-14,290.01,297.93,290,294.67,452279,0.0
2020-05-17,297.18,302.99,294.22,295.9,742610,0.0
2020-05-18,296.55,299.245,292.6,295.01,715731,0.0
2020-05-19,295.04,297.91,292.59,295.87,384225,0.0
2020-05-20,292.24,294.91,288.5,292.9,303372,0.0
2020-05-21,290.44,295.04,289.1,294.78,569544,0.0
2020-05-25,298.63,298.63,290.18,290.92,406112,0.0
2020-05-26,291.17,301.11,291.0001,300.85,1100392,0.0
2020-05-27,302.56,311.97,301.285,306.25,1079644,0.0
2020-05-28,307.76,310.55,303.05,309.37,642002,0.0
2020-05-31,308.65,314.99,307.19,312.03,371625,0.0
2020-06-01,313.83,316.9,309.41,316.48,827350,0.0
2020-06-02,315.44,319,314.59,318.01,402912,0.0
2020-06-03,318.15,319.28,308.32,310.03,1057256,0.0
2020-06-04,310.62,317.6617,306.69,311.53,513098,0.0
2020-06-07,308.57,312.725,306.26,309.43,1063816,0.0
2020-06-08,309.32,311.07,302.41,303.185,750062,0.0
2020-06-09,305.46,324.295,304.98,321.74,579064,0.0
2020-06-10,320.2,320.89,294.37,298.9,608884,0.0
2020-06-11,304.96,311.6465,303.03,303.635,172602,0.0
2020-06-14,296.62,310.3,294.17,309.21,698026,0.0
2020-06-15,315.15,315.73,307.8,312.32,565316,0.0
2020-06-16,314.86,318.74,313.11,316.425,254755,0.0
2020-06-17,313.69,316.59,311.86,313.38,303055,0.0
2020-06-18,315.5021,320.305,310.1,314.23,1025701,0.0
2020-06-21,314.92,327,311.485,325.51,593629,0.0
2020-06-22,326.89,330.29,323.46,327.95,398574,0.0
2020-06-23,323.3,328.61,315.52,319.47,450356,0.0
2020-06-24,319.71,327.79,314.57,327.22,418491,0.0
2020-06-25,328.45,331.01,323,325.01,375497,0.0
2020-06-28,328.19,328.35,322,327.85,312522,0.0
2020-06-29,327.61,332.68,324.375,329.92,562178,0.0
2020-06-30,331.74,337.16,329.9,334.71,317594,0.0
2020-07-01,338.76,339.805,333.015,334.57,335782,0.0
2020-07-05,339.45,344.81,337.625,339.47,282605,0.0
2020-07-06,338.28,343,336.84,337.36,174496,0.0
2020-07-07,337.93,339.65,333.55,336.39,232458,0.0
2020-07-08,337.56,343.73,333.7,341.29,278579,0.0
2020-07-09,341.01,341.55,334.42,338.24,214163,0.0
2020-07-12,340.74,345.4,333.67,335.31,358754,0.0
2020-07-13,332.82,339.07,329.69,338.47,302406,0.0
2020-07-14,340.56,342.99,336.62,340.78,215549,0.0
2020-07-15,339.37,340.68,334.5886,339.17,174863,0.0
2020-07-16,339.782,352.715,339.13,349.86,270725,0.0
2020-07-19,353.51,363,352.575,361,355607,0.0
2020-07-20,364.16,366.04,360.41,363.45,234589,0.0
2020-07-21,366.82,372.33,362.37,364.99,270525,0.0
2020-07-22,366.32,368.7062,358.72,361.02,258611,0.0
2020-07-23,359.54,361.2299,353.17,359.32,242083,0.0
2020-07-26,359,368.64,359,366.81,289529,0.0
2020-07-27,365.84,367.995,360.65,362.06,238447,0.0
2020-07-28,363.35,369.69,361.94,366.91,260763,0.0
2020-07-29,363.8,375.48,361.26,374.3,380295,0.0
2020-07-30,382.92,407.86,382.5,397.76,664918,0.0
2020-08-02,398.02,399.84,390.17,391.99,446218,0.0
2020-08-03,393.77,394.705,385.22,390.47,588646,0.0
2020-08-04,393.12,396.41,388.82,395.67,522047,0.0
2020-08-05,394.01,395.74,384.19,389.7528,384076,0.0
2020-08-06,387.96,392.305,377.72,381.6,463245,0.0
2020-08-09,381.65,381.65,376.16,377,445535,0.0
2020-08-10,376.2,379.39,372.18,373.88,353104,0.0
2020-08-11,375.02,387.84,375.02,384.84,320145,0.0
2020-08-12,385.98,389.5,382.7,385.25,335359,0.0
2020-08-13,384.78,386,377.4,379.34,424407,0.0
2020-08-16,381.91,385.47,381.67,384.23,421579,0.0
2020-08-17,384.01,387.745,381.56,386.64,278570,0.0
2020-08-18,389.32,390.08,380.91,381.82,246842,0.0
2020-08-19,381.5,385.28,379.5,383.49,226727,0.0
2020-08-20,382.7,384.03,377.01,383.45,325370,0.0
2020-08-23,384.2283,386.68,378.1,380.57,256697,0.0
2020-08-24,380,386.35,377.61,383.55,279356,0.0
2020-08-25,382.41,386.7827,376.61,385.72,219706,0.0
2020-08-26,387.62,389.35,379.745,386.51,221432,0.0
2020-08-27,387.79,389.06,381.07,383.98,186533,0.0
2020-08-30,382.68,393.4,382.525,390.95,256232,0.0
2020-08-31,393.95,398.59,391.25,398.21,306478,0.0
2020-09-01,399,407.45,398.38,406.17,381728,0.0
2020-09-02,406.1,406.1,377.1901,381.54,404075,0.0
2020-09-03,382.11,383.03,363.83,370.64,470596,0.0
2020-09-07,367.9,370.22,361.48,364.19,330744,0.0
2020-09-08,366.37,376.275,365.045,374.21,380965,0.0
2020-09-09,376.22,378.69,365.67,367.6,198744,0.0
2020-09-10,369.44,371.78,360.27,364.66,248938,0.0
2020-09-13,370.25,370.25,364.27,365.57,183234,0.0
2020-09-14,367,372.61,366.95,369.14,245209,0.0
2020-09-15,372.75,372.8,360.32,362.37,391101,0.0
2020-09-16,357.58,360.455,350.64,354.37,552729,0.0
2020-09-17,355.34,359.33,347.54,354.76,620142,0.0
2020-09-20,351.33,365.24,348.685,364.8,301426,0.0
2020-09-21,364.9,369.68,359.21,368.28,260792,0.0
2020-09-22,367.78,372.3,362.65,364.06,260013,0.0
2020-09-23,363.1,368.8,361.1732,365.45,211026,0.0
2020-09-24,364.95,380.65,364.58,377.82,301463,0.0
2020-09-27,381.81,387.68,380.16,386.52,337967,0.0
2020-09-28,388.22,395.21,385,385.03,222234,0.0
2020-09-29,383.45,397.26,383.45,393.28,346846,0.0
2020-09-30,396.29,398.155,391.88,394.71,260692,0.0
2020-10-01,389.7,393.82,382.68,383.84,212489,0.0
2020-10-04,385.27,392.83,385.27,391.94,173268,0.0
2020-10-05,391.3382,393.54,383.12,384.51,190649,0.0
2020-10-06,388.02,391.55,385.26,386.12,197584,0.0
2020-10-07,388.94,394.39,385.81,393.54,144870,0.0
2020-10-08,395,401.96,393.02,400.8275,204430,0.0
2020-10-11,404.88,424.87,404.88,419.74,357622,0.0
2020-10-12,421.81,424.8,415.03,421.85,234296,0.0
2020-10-13,420.82,430.86,416.03,420.47,154352,0.0
2020-10-14,416.42,423.94,414.68,422.91,168764,0.0
2020-10-15,423.76,429.695,420.81,423.76,172769,0.0
2020-10-18,424.99,430.34,417.54,419.61,141766,0.0
2020-10-19,423.81,426.42,419.8738,420,127419,0.0
2020-10-20,422.67,426.42,416.48,419.51,133570,0.0
2020-10-21,421.34,427.826,417.565,423.29,278844,0.0
2020-10-22,429.67,429.73,423.55,429.43,154565,0.0
2020-10-25,427.67,434.93,426.23,429.39,289595,0.0
2020-10-26,430.27,444.96,430.27,442.85,286177,0.0
2020-10-27,434.5,437.37,422.1125,422.86,364560,0.0
2020-10-28,440,453.2,433.085,441.8,461178,0.0
2020-10-29,438.47,441.72,419.12,424.83,441995,0.0
2020-11-01,430.48,446.74,428.08,431.03,430988,0.0
2020-11-02,437.32,448.29,437.32,444.46,299828,0.0
2020-11-03,455.26,482.5,451.58,468.61,604766,0.0
2020-11-04,473.99,480.185,462.68,467.71,345469,0.0
2020-11-05,469.99,479.12,466.36,478.26,387552,0.0
2020-11-08,485,485,435.58,436.35,697680,0.0
2020-11-09,431.89,443.72,421.15,441.68,679593,0.0
2020-11-10,445.34,455.74,443.69,455.73,354733,0.0
2020-11-11,459.62,462.56,445.06,449.53,288912,0.0
2020-11-12,452.99,458.35,448.67,454.935,163537,0.0
2020-11-15,452.09,459.43,448.815,455.88,283857,0.0
2020-11-16,454.62,457,450.54,456.38,262969,0.0
2020-11-17,451.36,455,443.65,444.06,237849,0.0
2020-11-18,444.77,457.81,444.77,456.84,257334,0.0
2020-11-19,456.23,469.13,455,464.29,317430,0.0
2020-11-22,467.26,467.26,449.71,459.15,351433,0.0
2020-11-23,459.49,466.77,446.46,446.85,301940,0.0
2020-11-24,449.24,454.82,443.14,447.14,226058,0.0
2020-11-26,452.05,455.97,446.68,454.24,124229,0.0
2020-11-29,454.77,461.09,451.31,461.05,294120,0.0
2020-11-30,461.99,468.975,452.22,467.09,301457,0.0
2020-12-01,465.51,467.5,461.5,462.32,269887,0.0
2020-12-02,463.85,467.825,458.38,460.5,271459,0.0
2020-12-03,462.96,463.26,455.8701,457.2,301955,0.0
2020-12-06,455.92,462.7,454.2,459.33,225412,0.0
2020-12-07,461.92,461.92,453.24,460.76,376184,0.0
2020-12-08,458.91,462.45,449.11,449.7,312135,0.0
2020-12-09,450.49,456.05,449.04,454.27,361558,0.0
2020-12-10,455.57,457.62,447.82,455.94,219019,0.0
2020-12-13,458.84,477.365,457.275,457.57,359061,0.0
2020-12-14,460.66,467.3977,453.795,464.9,215767,0.0
2020-12-15,466.53,474.3,463.455,467.6,296834,0.0
2020-12-16,471.69,477.8,468.35,477.8,271828,0.0
2020-12-17,478.49,486.99,474,485.26,359295,0.0
2020-12-20,480.06,490.44,470.26,489.98,278849,0.0
2020-12-21,488.01,499.62,487.76,499.31,242163,0.0
2020-12-22,499.06,502,492.82,493.67,169217,0.0
2020-12-23,495.82,499.12,493.16,496.87,44427,0.0
2020-12-27,503.63,503.83,490.25,495.0504,146947,0.0
2020-12-28,497.97,501.04,490.045,493.84,149916,0.0
2020-12-29,497.7,501.29,494.505,497.36,134028,0.0
2020-12-30,495.51,500.41,492,499.98,124073,0.0
2021-01-03,503,504.6599,483.125,491.93,300559,0.0
2021-01-04,488.91,498.93,487.51,497.25,238595,0.0
2021-01-05,489.05,491.67,479.36,483.64,536349,0.0
2021-01-06,483.49,497.49,483.49,495.19,369872,0.0
2021-01-07,499.79,513.56,499.29,513.21,324065,0.0
2021-01-10,515.57,516.865,503.83,506.05,246529,0.0
2021-01-11,507.09,509.47,491.22,497.6,270413,0.0
2021-01-12,496.18,501.5601,494.22,497.55,203732,0.0
2021-01-13,497.31,499.75,487.89,488.9,249820,0.0
2021-01-14,487.93,494.24,480.93,489.47,234689,0.0
2021-01-18,489.24,489.3,481.35,484.68,238838,0.0
2021-01-19,486.41,496.7795,485.84,495.42,218602,0.0
2021-01-20,493,498.56,487.4853,496.71,184471,0.0
2021-01-21,490.73,498.98,490.0038,492.42,266748,0.0
2021-01-24,492.47,495.97,482.09,489.21,225062,0.0
2021-01-25,488.35,488.35,476.3255,478.48,304830,0.0
2021-01-26,474.86,475.81,455.23,465.22,518641,0.0
2021-01-27,465.31,492.81,465.31,482.92,441730,0.0
2021-01-28,481.05,491.88,471.75,478.23,379125,0.0
2021-01-31,483.02,497.65,479.37,492.42,496488,0.0
2021-02-01,504.344,522.9,502,506.65,622592,0.0
2021-02-02,504.17,507.63,484.15,485.605,487912,0.0
2021-02-03,487.91,495.115,486.03,494.43,365379,0.0
2021-02-04,496.29,506,495.01,502.64,235402,0.0
2021-02-07,504.31,510.25,491.44,495.76,336906,0.0
2021-02-08,497.31,506.28,493.3,505.07,343988,0.0
2021-02-09,509.26,521.49,505.31,516.54,457644,0.0
2021-02-10,519.3,529.45,515.18,528.5,343970,0.0
2021-02-11,530.74,545.85,528,544.08,269583,0.0
2021-02-15,545,548.58,531.19,538.15,323239,0.0
2021-02-16,535.9,544.56,532.0619,540.16,269180,0.0
2021-02-17,537.04,573.99,535.17,551.79,1535178,0.0
2021-02-18,561.21,563.56,542.755,544,573151,0.0
2021-02-21,547.12,547.12,534.01,537.44,396748,0.0
2021-02-22,534.82,535.085,508.11,525.23,514502,0.0
2021-02-23,526.23,534.75,517.27,533.65,319157,0.0
2021-02-24,530.08,535.38,509.45,518.29,314914,0.0
2021-02-25,522.9,526.37,507.34,519.81,373553,0.0
2021-02-28,529.68,541.29,521.35,538.75,330575,0.0
2021-03-01,542.08,543.2836,527.17,528.83,209627,0.0
2021-03-02,524.76,526.305,495.58,497.8797,428260,0.0
2021-03-03,494.9,497.525,480.51,486.29,517373,0.0
2021-03-04,486,504.53,478.195,499.945,623371,0.0
2021-03-07,498.53,504.37,481.2901,482.57,507684,0.0
2021-03-08,500.33,507.16,493.09,493.57,507719,0.0
2021-03-09,494.01,505.2,488.28,488.53,438816,0.0
2021-03-10,495.7,505.0048,493.01,502.94,297273,0.0
2021-03-11,498.91,498.91,486.74,498.18,246049,0.0
2021-03-14,499.89,513.23,498.61,512.52,195859,0.0
2021-03-15,520,521.11,502.47,507.2,218085,0.0
2021-03-16,503.57,509.14,497.48,504.28,251325,0.0
2021-03-17,493.52,499.16,483.42,484.47,402275,0.0
2021-03-18,482.58,487.22,479.281,484.88,588985,0.0
2021-03-21,486.34,493.94,485.61,490.76,442002,0.0
2021-03-22,490.09,492.4492,485.12,487.43,311138,0.0
2021-03-23,489.1,489.1,471.35,473.31,362820,0.0
2021-03-24,471.5,474.16,462,471.86,370745,0.0
2021-03-25,473.03,481.13,465.23,480.22,440432,0.0
2021-03-28,480.02,482.7924,469.41,479.22,319061,0.0
2021-03-29,474.13,477.57,469.1019,476.34,311960,0.0
2021-03-30,481.52,495.19,479.68,489.82,386920,0.0
2021-03-31,487.49,495.2,484.37,486.1,377422,0.0
2021-04-04,488.96,492.61,482.9,491.29,254344,0.0
2021-04-05,493.21,499.07,489.67,493.23,233944,0.0
2021-04-06,492.54,493.79,487,489.54,175061,0.0
2021-04-07,494.87,500,493.24,499.62,175212,0.0
2021-04-08,500.08,504.16,496.56,502.92,277177,0.0
2021-04-11,499.82,509.97,498.13,506.82,251296,0.0
2021-04-12,509,517.68,508.51,516.94,242938,0.0
2021-04-13,519.99,523.2,512.83,514.24,188335,0.0
2021-04-14,520,530.27,518.4701,528.36,290490,0.0
2021-04-15,532.48,536.025,526,535.45,248489,0.0
2021-04-18,533.28,535.395,526.676,528.35,237683,0.0
2021-04-19,525.31,538.19,528.24,532.42,193894,0.0
2021-04-20,531.53,546.305,530.93,540.85,252326,0.0
2021-04-21,539.23,554.3192,538.65,546.26,299010,0.0
2021-04-22,551.23,561.07,549.32,558.79,219094,0.0
2021-04-25,557.99,561.52,554.12,557.77,218523,0.0
2021-04-26,556.85,559.67,552.56,557.37,149876,0.0
2021-04-27,555,560,551.975,558.47,155751,0.0
2021-04-28,560.43,561.22,548,552.51,223206,0.0
2021-04-29,549,552.5,544.75,548.87,236940,0.0
2021-05-02,550.17,558.54,546.7901,549.645,355314,0.0
2021-05-03,557.68,559.42,517.5,527.43,509234,0.0
2021-05-04,532.6,538.955,527.99,530.03,310106,0.0
2021-05-05,524.31,535.08,522.89,533.52,335901,0.0
2021-05-06,539.16,553.75,538.11,544.25,280883,0.0
2021-05-09,541.01,542.25,525.25,525.25,311226,0.0
2021-05-10,524.48,534.37,517.78,528.13,365928,0.0
2021-05-11,520,520.72,507.6601,512.36,360505,0.0
2021-05-12,515.43,522.19,513.305,517.55,208277,0.0
2021-05-13,518.12,532.4,517.03,530.18,192849,0.0
2021-05-16,529.39,527.92,520.8,523.51,181879,0.0
2021-05-17,525.2,531.34,519.475,524.76,206485,0.0
2021-05-18,517.75,528.86,514.35,527.91,205751,0.0
2021-05-19,528.46,541.61,528.11,539.68,183934,0.0
2021-05-20,542.42,547.46,538.31,539.48,170029,0.0
