Date,Open,High,Low,Close,Volume,OpenInterest
2017-06-01,36.33,36.34,36,36.32,15969680,0.0
2017-06-04,36.3,36.5,36.2,36.34,9296877,0.0
2017-06-05,36.16,36.45,35.98,36.13,15372176,0.0
2017-06-06,36.14,36.57,36.1,36.25,12262627,0.0
2017-06-07,36.34,36.53,36.16,36.48,13219190,0.0
2017-06-08,36.5,36.56,35.31,35.71,28011634,0.0
2017-06-11,35.59,36.01,35.41,35.73,18984547,0.0
2017-06-12,35.68,35.95,35.53,35.88,17802158,0.0
2017-06-13,35.99,36.05,35.22,35.53,16169084,0.0
2017-06-14,35.21,35.48,35.14,35.31,14927768,0.0
2017-06-15,35.28,35.33,35.01,35.2,21096374,0.0
2017-06-18,35.61,35.68,35.32,35.5,13820669,0.0
2017-06-19,35.45,35.45,34.84,34.86,18091704,0.0
2017-06-20,34.37,34.6,34.09,34.58,21670124,0.0
2017-06-21,34.56,34.63,34.29,34.36,17822279,0.0
2017-06-22,34.22,34.55,34.095,34.19,18067250,0.0
2017-06-25,34.26,34.51,34.03,34.08,16603269,0.0
2017-06-26,34,34.145,33.65,33.66,23379545,0.0
2017-06-27,33.77,34.24,33.74,34.19,15667253,0.0
2017-06-28,33.92,34.1,33.34,33.55,20442850,0.0
2017-06-29,33.87,33.93,33.535,33.74,19768768,0.0
2017-07-02,33.51,34.03,33.43,33.45,9758384,0.0
2017-07-04,33.52,34.43,33.485,34.34,24603500,0.0
2017-07-05,34.12,34.29,33.56,33.63,17578745,0.0
2017-07-06,33.7,34.12,33.7,33.89,14729040,0.0
2017-07-09,33.25,33.74,33.23,33.645,21574062,0.0
2017-07-10,33.64,33.93,33.4311,33.91,15789219,0.0
2017-07-11,34.28,34.39,33.94,34.25,19394885,0.0
2017-07-12,34.33,34.4,34.12,34.25,10185222,0.0
2017-07-13,34.46,34.71,34.265,34.67,12004657,0.0
2017-07-16,34.74,34.74,34.36,34.48,11423067,0.0
2017-07-17,34.43,34.58,34.25,34.53,11720185,0.0
2017-07-18,34.68,34.68,34.46,34.56,9766932,0.0
2017-07-19,34.54,34.84,34.475,34.76,10640454,0.0
2017-07-20,34.6,34.82,34.395,34.73,14555325,0.0
2017-07-23,34.76,34.8,34.38,34.5,12440846,0.0
2017-07-24,34.55,34.735,34.4,34.66,13661932,0.0
2017-07-25,34.7,34.97,34.59,34.75,13341457,0.0
2017-07-26,34.78,35.25,34.67,34.95,28387136,0.0
2017-07-27,35.11,35.86,35,35.3,31476271,0.0
2017-07-30,35.46,35.74,35.32,35.48,17505101,0.0
2017-07-31,35.64,36.43,35.57,36.3532,34263136,0.0
2017-08-01,36.29,36.67,36.055,36.64,28615787,0.0
2017-08-02,36.5,36.59,36.15,36.48,21711335,0.0
2017-08-03,36.55,36.56,36.1,36.29,16449568,0.0
2017-08-06,36.4,36.55,36.22,36.41,13864084,0.0
2017-08-07,36.37,36.7,36.3,36.41,18814709,0.0
2017-08-08,36.28,36.66,36.02,36.59,20202367,0.0
2017-08-09,36.4,36.56,36.11,36.12,19433989,0.0
2017-08-10,36.17,36.4,35.79,35.86,15587192,0.0
2017-08-13,36.12,36.47,36.08,36.34,13547103,0.0
2017-08-14,36.3,36.32,35.815,35.99,16073136,0.0
2017-08-15,36.03,36.07,35.56,35.81,17771226,0.0
2017-08-16,35.6,35.68,35.17,35.17,15922932,0.0
2017-08-17,35.29,35.31,34.99,35.01,13269284,0.0
2017-08-20,35.09,35.28,34.7,34.92,15753469,0.0
2017-08-21,35.01,35.19,34.62,34.65,21677288,0.0
2017-08-22,34.54,34.81,34.38,34.66,13962574,0.0
2017-08-23,34.7,34.89,34.55,34.7,10944646,0.0
2017-08-24,34.82,34.93,34.58,34.68,10229422,0.0
2017-08-27,34.78,34.8,34.59,34.65,11390032,0.0
2017-08-28,34.51,34.75,34.455,34.73,13769490,0.0
2017-08-29,34.74,34.96,34.63,34.9,11153147,0.0
2017-08-30,34.94,35.18,34.87,35.07,11909873,0.0
2017-08-31,35.24,35.39,35.07,35.09,9258119,0.0
2017-09-04,35.02,35.33,34.93,35.03,15950738,0.0
2017-09-05,35.22,35.94,35.11,35.77,21157284,0.0
2017-09-06,35.88,35.95,35.33,35.53,12676683,0.0
2017-09-07,35.42,35.54,35.08,35.18,11104446,0.0
2017-09-10,35.47,36,35.14,35.78,13209444,0.0
2017-09-11,35.84,36.34,35.74,36.09,14123265,0.0
2017-09-12,36,36.4,35.97,36.33,11576921,0.0
2017-09-13,36.19,36.695,36.16,36.48,11541745,0.0
2017-09-14,36.53,37.08,36.22,36.96,23127520,0.0
2017-09-17,37,37.33,36.8,37.01,15449704,0.0
2017-09-18,37.24,37.295,37.02,37.23,16561193,0.0
2017-09-19,37.23,37.29,36.655,37.06,14084112,0.0
2017-09-20,36.99,37.27,36.85,37.21,14900284,0.0
2017-09-21,36.95,37.22,36.95,37.16,17335526,0.0
2017-09-24,37.05,37.23,36.85,37.17,14886960,0.0
2017-09-25,37.23,37.64,37,37.505,23961595,0.0
2017-09-26,37.62,37.69,37.1,37.53,21791118,0.0
2017-09-27,37.32,37.88,37.29,37.85,14954180,0.0
2017-09-28,37.83,38.15,37.7,38.08,17836855,0.0
2017-10-01,38.12,39.09,38.08,39.07,31961256,0.0
2017-10-02,38.95,39.7,38.95,39.38,28466051,0.0
2017-10-03,39.39,39.4,38.8606,39.33,24168331,0.0
2017-10-04,39.51,39.65,39.21,39.54,13390279,0.0
2017-10-05,39.56,39.89,39.42,39.62,14205402,0.0
2017-10-08,39.68,39.88,39.52,39.86,11179329,0.0
2017-10-09,39.93,39.95,39.38,39.65,21302130,0.0
2017-10-10,39.52,39.67,39.06,39.29,24728224,0.0
2017-10-11,39.35,39.39,38.98,39.19,13074877,0.0
2017-10-12,39.44,39.81,39.28,39.68,12591740,0.0
2017-10-15,39.71,39.79,39.44,39.76,9907438,0.0
2017-10-16,39.56,39.865,39.37,39.78,12046047,0.0
2017-10-17,39.8,40.29,39.6,40.26,17282338,0.0
2017-10-18,39.98,40.33,39.83,40.11,15047035,0.0
2017-10-19,40.34,40.45,40.1,40.42,13057849,0.0
2017-10-22,40.49,41.04,40.395,40.83,20960868,0.0
2017-10-23,40.97,41.05,40.72,40.98,15633324,0.0
2017-10-24,40.87,41.055,40.49,40.78,19389606,0.0
2017-10-25,40.98,41.575,40.71,41.38,29247427,0.0
2017-10-26,43.3,45,43.1,44.4,72370180,0.0
2017-10-29,44.48,45.19,43.88,44.37,37448406,0.0
2017-10-30,45.2,45.8,44.65,45.49,38277201,0.0
2017-10-31,45.97,46.71,45.59,46.71,39420425,0.0
2017-11-01,46.61,47.23,46.213,47.09,29467372,0.0
2017-11-02,47.23,47.3,45.6,46.34,30098839,0.0
2017-11-05,46.6,46.74,46.09,46.71,24402950,0.0
2017-11-06,46.7,47.09,46.39,46.78,16629723,0.0
2017-11-07,46.62,46.7,46.28,46.7,13925592,0.0
2017-11-08,46.05,46.39,45.65,46.29,20597187,0.0
2017-11-09,46.08,46.09,45.38,45.58,19404311,0.0
2017-11-12,45.26,45.94,45.25,45.75,13461557,0.0
2017-11-13,45.7,45.92,45.32,45.87,14060852,0.0
2017-11-14,45.39,45.805,45.1725,45.47,13392672,0.0
2017-11-15,45.64,46.07,45.46,45.64,16243506,0.0
2017-11-16,45.63,45.63,44.62,44.63,29044695,0.0
2017-11-19,44.73,45.115,44.5,44.62,18214932,0.0
2017-11-20,44.72,45.22,44.71,44.94,13027092,0.0
2017-11-21,44.94,44.95,44.535,44.64,11061111,0.0
2017-11-23,44.55,44.775,44.43,44.73,4677036,0.0
2017-11-26,44.42,44.61,44.2736,44.49,10578446,0.0
2017-11-27,44.65,44.84,44.32,44.73,15847438,0.0
2017-11-28,44.85,45.09,43.77,43.95,22060796,0.0
2017-11-29,44.36,45.2,44.33,44.83,21283045,0.0
2017-11-30,44.66,44.84,43.53,44.67,20382942,0.0
2017-12-03,45.02,45.3,44.33,44.49,22207078,0.0
2017-12-04,44.6,44.9,43.23,43.43,22772126,0.0
2017-12-05,43.14,43.72,42.67,43.45,16620708,0.0
2017-12-06,43.46,43.6,42.78,43.08,19395176,0.0
2017-12-07,43.35,43.58,43.11,43.35,15423341,0.0
2017-12-10,43.28,43.78,43.25,43.66,14199873,0.0
2017-12-11,43.47,43.62,43.08,43.33,12247261,0.0
2017-12-12,43.65,43.66,43.24,43.34,14389628,0.0
2017-12-13,43.43,43.57,43.015,43.27,14160238,0.0
2017-12-14,43.41,44.84,43.07,44.59,31648888,0.0
2017-12-17,45.1,46.35,45.04,46.28,36067415,0.0
2017-12-18,46.24,47.26,45.89,47.05,31521965,0.0
2017-12-19,47.47,47.64,46.66,47.64,31887041,0.0
2017-12-20,47.54,47.59,46.56,46.81,31878953,0.0
2017-12-21,46.33,47.02,46.02,46.75,28156189,0.0
2017-12-25,46.28,46.47,45.95,46.08,11004176,0.0
2017-12-26,46.11,46.36,46,46.1,8001708,0.0
2017-12-27,46.36,46.36,45.95,46.22,7297523,0.0
2017-12-28,46.21,46.49,46.09,46.19,10118572,0.0
2018-01-01,46.41,46.9,46.21,46.83,14092948,0.0
2018-01-02,45.47,46.21,43.65,45.25,102910969,0.0
2018-01-03,43.58,44.65,42.69,44.43,79696923,0.0
2018-01-04,44.5,45.15,43.9,44.7,36328289,0.0
2018-01-07,44.27,44.84,43.96,44.72,23813059,0.0
2018-01-08,44.69,44.84,43.49,43.62,34473425,0.0
2018-01-09,43.37,43.6,42.44,42.5,39016832,0.0
2018-01-10,42.8,43.58,42.45,43.42,24169302,0.0
2018-01-11,43.45,43.6,43.01,43.22,23979770,0.0
2018-01-15,43.55,43.79,42.885,43.14,22583325,0.0
2018-01-16,43.54,44.45,43.51,44.4,23083202,0.0
2018-01-17,44.4,44.735,44.17,44.485,17247850,0.0
2018-01-18,44.56,44.89,44.25,44.81,18590708,0.0
2018-01-21,44.8,45.79,44.79,45.74,19781745,0.0
2018-01-22,45.81,46.09,45.63,46.07,14799140,0.0
2018-01-23,45.9,46.13,44.96,45.51,22935817,0.0
2018-01-24,45.88,46.37,45.17,45.31,26811638,0.0
2018-01-25,48.38,50.15,47.47,50.08,69943223,0.0
2018-01-28,49.63,50.85,49.37,49.98,34508840,0.0
2018-01-29,49.48,50.06,48.74,48.79,25374593,0.0
2018-01-30,49.22,49.25,47.56,48.16,31189441,0.0
2018-01-31,47.695,48.47,47.45,47.64,20430019,0.0
2018-02-01,47.32,47.79,46.1,46.15,21737781,0.0
2018-02-04,46.35,47.26,44.5,44.52,38930903,0.0
2018-02-05,44.02,44.93,43.0302,44.9,49316570,0.0
2018-02-06,44.58,46.3,44.34,45.2,32176478,0.0
2018-02-07,45.28,45.42,42.74,42.76,35854784,0.0
2018-02-08,43.5,44.28,42.04,43.9,40491115,0.0
2018-02-11,44.16,45.16,44.09,44.84,23065104,0.0
2018-02-12,44.59,44.775,44.255,44.42,15465015,0.0
2018-02-13,44.07,45.51,44.04,45.38,16127699,0.0
2018-02-14,45.87,45.99,44.95,45.92,16044950,0.0
2018-02-15,45.83,46.59,45.51,45.54,18044580,0.0
2018-02-19,45.46,46.71,45.39,46.32,20277868,0.0
2018-02-20,46.67,47.06,45.92,45.94,19701883,0.0
2018-02-21,46.14,46.56,45.62,45.82,13923609,0.0
2018-02-22,46.34,47.79,46.305,47.76,20614698,0.0
2018-02-25,48.22,49.13,48.1,49.12,20918552,0.0
2018-02-26,49.36,50.9,49.31,49.92,34541505,0.0
2018-02-27,50.18,50.34,49.28,49.3,23727249,0.0
2018-02-28,49.5,49.715,47.47,47.83,30863346,0.0
2018-03-01,47.2,49.05,46.96,48.99,28344714,0.0
2018-03-04,48.49,49.795,48.041,49.75,24227368,0.0
2018-03-05,50.16,51.33,50.15,50.71,32894661,0.0
2018-03-06,50.18,51.485,50.1,51.32,25181632,0.0
2018-03-07,51.76,52.08,50.47,50.73,23778508,0.0
2018-03-08,51.23,52.3,51,52.1801,25067229,0.0
2018-03-11,51.86,51.95,50.5,51.53,25202070,0.0
2018-03-12,52.52,53.78,51.39,51.76,36014704,0.0
2018-03-13,52.06,52.175,51.31,51.87,19757397,0.0
2018-03-14,52.21,52.3,50.88,50.88,19721545,0.0
2018-03-15,50.99,51.7,50.99,51.14,24155285,0.0
2018-03-18,50.75,51.23,49.93,50.84,22681646,0.0
2018-03-19,50.88,51.81,50.85,51.55,17416328,0.0
2018-03-20,51.55,52.17,51.17,51.57,18088320,0.0
2018-03-21,50.73,51.96,50.6,50.83,25874213,0.0
2018-03-22,50.59,50.99,49.36,49.36,31727865,0.0
2018-03-25,50.74,52.49,50.32,52.47,31560563,0.0
2018-03-26,52.99,53.25,50.78,51.2,32158666,0.0
2018-03-27,50.6,50.7,49.01,49.6,32494536,0.0
2018-03-28,49.97,52.039,49.87,51.82,27747927,0.0
2018-04-01,51.69,52.04,47.29,48.9,56803268,0.0
2018-04-02,49,49.96,48.41,49.75,31544246,0.0
2018-04-03,48.1,50.16,48.01,49.99,24845675,0.0
2018-04-04,50.01,50.7199,49.97,50.3765,19876280,0.0
2018-04-05,49.79,50.4,48.5,48.79,21895118,0.0
2018-04-08,49.16,51.11,49.16,49.54,20816985,0.0
2018-04-09,51.13,51.49,50.34,51.26,20143190,0.0
2018-04-10,50.99,51.73,50.82,51.11,13078125,0.0
2018-04-11,51.49,53.2689,51.45,52.73,23148783,0.0
2018-04-12,53.06,53.21,51.6,51.85,17517814,0.0
2018-04-15,52.29,52.53,51.79,52.39,12722847,0.0
2018-04-16,52.92,53.7,52.9,53.54,15598574,0.0
2018-04-17,53.52,54.355,53.34,53.61,17866427,0.0
2018-04-18,52.95,52.96,51.61,52.22,21049632,0.0
2018-04-19,52.17,53.6105,50.88,51.53,21617193,0.0
2018-04-22,51.689,51.89,50.85,51.1,15596621,0.0
2018-04-23,51.87,53.65,51.14,51.46,37886235,0.0
2018-04-24,51.86,52.1,50.6,51.39,21098600,0.0
2018-04-25,52.26,53.27,52.07,53.05,26672333,0.0
2018-04-26,55.35,55.79,52.23,52.74,60067017,0.0
2018-04-29,52.56,53.37,51.21,51.63,28052717,0.0
2018-04-30,51.64,53.42,51.44,53.33,23699243,0.0
2018-05-01,53.08,53.2,52.15,52.31,19833427,0.0
2018-05-02,51.9,52.56,51.21,52.28,20684035,0.0
2018-05-03,51.65,52.84,51,52.78,19028582,0.0
2018-05-06,52.95,53.58,52.83,53.34,15655541,0.0
2018-05-07,53.27,53.63,52.8,53.62,13868614,0.0
2018-05-08,53.76,54.37,53.19,54.345,15241955,0.0
2018-05-09,54.57,55,54.1,54.975,14801771,0.0
2018-05-10,54.62,55.19,54.43,54.68,11388298,0.0
2018-05-13,54.88,55.2401,54.74,54.93,11924894,0.0
2018-05-14,54.59,54.75,53.56,53.92,16186326,0.0
2018-05-15,54.17,54.7,53.955,54.64,12027616,0.0
2018-05-16,54.55,55.44,54.42,54.81,13005878,0.0
2018-05-17,54.39,54.54,53.47,53.49,18921157,0.0
2018-05-20,54.36,55.22,53.86,54.31,20286021,0.0
2018-05-21,54.73,55.05,54.05,54.46,15866047,0.0
2018-05-22,54,55.23,53.84,55.22,15972716,0.0
2018-05-23,55.14,55.3,54.13,54.78,16502627,0.0
2018-05-24,54.72,55.5,54.54,55.44,14576880,0.0
2018-05-28,55.12,55.81,54.81,55.32,19688593,0.0
2018-05-29,55.89,56.2,55.615,55.675,20452164,0.0
2018-05-30,55.68,55.86,55.06,55.21,16224280,0.0
2018-05-31,55.82,57.1,55.8,57.08,22280743,0.0
2018-06-03,57.16,57.5995,56.775,56.82,18541057,0.0
2018-06-04,56.9,57.12,56.215,56.53,16772675,0.0
2018-06-05,56.53,57.06,56.08,57.05,17144814,0.0
2018-06-06,56.92,57,55.62,55.88,21234784,0.0
2018-06-07,55.52,55.7,54.66,55.045,25090088,0.0
2018-06-10,54.75,55.09,54.26,54.51,21496622,0.0
2018-06-11,54.88,55.04,54.22,54.82,18365968,0.0
2018-06-12,54.98,55.7,54.91,55.03,16910520,0.0
2018-06-13,55.42,55.86,55.18,55.55,16006277,0.0
2018-06-14,55.18,55.38,54.58,55.11,25007609,0.0
2018-06-17,54.21,54.3,52.34,53.21,32139606,0.0
2018-06-18,52.12,52.95,51.88,52.93,22978054,0.0
2018-06-19,53.19,53.745,52.69,53.46,16982921,0.0
2018-06-20,54.38,54.53,51.94,52.19,36702484,0.0
2018-06-21,52.59,53.09,52.3,52.45,22292377,0.0
2018-06-24,51.14,51.75,49.91,50.72,35279080,0.0
2018-06-25,49.95,50.41,49.36,49.67,31455689,0.0
2018-06-26,49.19,50.06,48.75,48.76,27827897,0.0
2018-06-27,48.59,49.49,48.5,49.25,24074776,0.0
2018-06-28,49.5,50.11,49.5,49.73,22537881,0.0
2018-07-01,49.16,50.27,48.83,50.22,19870895,0.0
2018-07-02,50.54,50.86,49.43,49.47,13811585,0.0
2018-07-04,49.98,50.96,49.75,50.76,21875349,0.0
2018-07-05,50.79,51.5,50.4,51.38,16231851,0.0
2018-07-08,51.78,51.89,51,51.86,17078464,0.0
2018-07-09,52.07,52.26,51.84,52.15,13271670,0.0
2018-07-10,51.56,51.87,51.19,51.2,15355603,0.0
2018-07-11,52.02,52.48,51.73,52.35,15647609,0.0
2018-07-12,52.4,52.42,51.76,52.22,10480322,0.0
2018-07-15,52.15,52.32,51.87,52.01,8093002,0.0
2018-07-16,51.05,51.8785,51.01,51.775,11323173,0.0
2018-07-17,51.87,51.97,51.465,51.72,9936507,0.0
2018-07-18,51.57,52.01,51.05,52,11920630,0.0
2018-07-19,51.83,52.07,51.33,51.92,12155272,0.0
2018-07-22,51.76,52.495,51.33,52.3,13023875,0.0
2018-07-23,52.76,53.3,52.075,52.19,13386608,0.0
2018-07-24,52.21,52.45,51.09,52.44,14980743,0.0
2018-07-25,52.41,53.18,51.87,52.17,18800765,0.0
2018-07-26,48.82,49.2,47.48,47.67,57501365,0.0
2018-07-29,47.63,47.99,46.43,47.7,29233165,0.0
2018-07-30,48.26,48.6757,47.69,48.11,28392374,0.0
2018-07-31,48.055,48.91,48,48.81,23075181,0.0
2018-08-01,48.48,49.52,48.2,49.48,21997554,0.0
2018-08-02,49.49,49.78,49.1701,49.62,16063251,0.0
2018-08-05,48.7,49.31,48.32,49.29,21611813,0.0
2018-08-06,49.43,49.83,49.41,49.76,20505873,0.0
2018-08-07,49.6,50.13,49.44,49.96,18535650,0.0
2018-08-08,49.86,50.6,49.72,50.14,20053890,0.0
2018-08-09,48.51,49.17,48.3,48.86,23290397,0.0
2018-08-12,49.03,49.24,48.38,48.44,13109274,0.0
2018-08-13,48.67,48.76,47.65,48.12,18746112,0.0
2018-08-14,47.74,48,46.9,47.46,21884533,0.0
2018-08-15,47.84,47.95,47.05,47.17,19746181,0.0
2018-08-16,47,47.39,46.33,47.1,21796741,0.0
2018-08-19,47.05,47.12,46.19,46.5,20466890,0.0
2018-08-20,46.66,47.85,46.64,47.62,15097992,0.0
2018-08-21,47.18,47.35,46.92,47.06,17983155,0.0
2018-08-22,46.86,47.17,46.71,46.97,20203002,0.0
2018-08-23,47.29,47.89,47.08,47.67,12981725,0.0
2018-08-26,48,48.39,47.63,48.35,12676498,0.0
2018-08-27,48.55,48.79,48.31,48.58,10686815,0.0
2018-08-28,48.7,48.86,48.4,48.74,10057978,0.0
2018-08-29,48.52,48.83,48.09,48.24,13052472,0.0
2018-08-30,47.96,48.56,47.92,48.42,11275929,0.0
2018-09-03,48.38,48.4267,47.5601,47.96,12549790,0.0
2018-09-04,47.75,48.12,47.47,47.72,12579561,0.0
2018-09-05,47.76,47.96,47.21,47.26,14710633,0.0
2018-09-06,46.91,47.48,46.36,46.48,17750854,0.0
2018-09-09,46.56,46.76,46.23,46.3025,15182114,0.0
2018-09-10,46,46.03,44.89,44.89,26068388,0.0
2018-09-11,44.56,44.98,44.06,44.92,24760908,0.0
2018-09-12,45.66,45.85,45.11,45.57,14072380,0.0
2018-09-13,45.79,45.965,45.35,45.53,15812802,0.0
2018-09-16,45.29,45.9,45.19,45.42,12525413,0.0
2018-09-17,45.58,46.53,45.41,46.1,15260155,0.0
2018-09-18,46.09,46.44,45.89,46.15,11850412,0.0
2018-09-19,46.73,47.36,46.52,47.2,16798907,0.0
2018-09-20,47.24,47.419,46.37,46.65,28141975,0.0
2018-09-23,46.31,47,46.15,46.91,11078751,0.0
2018-09-24,46.22,46.39,45.8,45.91,17689932,0.0
2018-09-25,46.04,46.3,45.58,45.71,17126176,0.0
2018-09-26,45.91,46.165,45.73,45.88,11000138,0.0
2018-09-27,45.62,47.75,45.46,47.29,37900621,0.0
2018-09-30,46.73,47.22,46.2,46.45,20010927,0.0
2018-10-01,47.51,48.88,47.32,48.1,34023506,0.0
2018-10-02,48.63,49.72,48.56,48.77,32111032,0.0
2018-10-03,48.84,48.86,47.62,48.12,20395802,0.0
2018-10-04,48.24,48.34,46.66,47.02,21773456,0.0
2018-10-07,46.96,47.35,46.52,47.02,14761557,0.0
2018-10-08,47.2,47.62,46.54,46.56,18366676,0.0
2018-10-09,46.06,46.12,44.8,44.81,32610137,0.0
2018-10-10,45.15,45.61,43.73,44.239,34916665,0.0
2018-10-11,45.27,45.3429,44.23,44.87,24062573,0.0
2018-10-14,44.63,45.14,44.44,44.51,14086512,0.0
2018-10-15,44.9,46.01,44.825,45.94,16229835,0.0
2018-10-16,46,46.33,45.54,45.9,14170442,0.0
2018-10-17,45.65,45.75,44.83,44.97,19996557,0.0
2018-10-18,45.25,45.25,43.86,43.99,22541322,0.0
2018-10-21,44.5,45.34,44.1,45,29487416,0.0
2018-10-22,44.19,45.09,43.91,44.5,33100127,0.0
2018-10-23,44.16,44.36,42.36,42.41,26370535,0.0
2018-10-24,43.55,44.94,43.28,44.41,35770776,0.0
2018-10-25,45.57,46.44,44.7,45.63,53531863,0.0
2018-10-28,46.49,46.75,44.44,45.45,29386674,0.0
2018-10-29,45.53,47.88,45.46,47.82,34447023,0.0
2018-10-30,48.29,48.56,46.83,46.87,25124042,0.0
2018-10-31,46.96,48.47,46.86,48.22,22111110,0.0
2018-11-01,48.14,48.25,46.75,47.09,25396746,0.0
2018-11-04,47.36,48.25,46.92,47.96,16725857,0.0
2018-11-05,47.7,47.92,47.03,47.24,19218450,0.0
2018-11-06,47.63,48.75,47.59,48.72,16739052,0.0
2018-11-07,48.49,49.29,48.46,48.99,18009629,0.0
2018-11-08,48.79,49.025,47.87,48.1,16344978,0.0
2018-11-11,47.71,47.8,46.6,46.66,17234364,0.0
2018-11-12,46.99,48.25,46.99,47.4,20970344,0.0
2018-11-13,47.85,47.965,46.89,47.09,21917756,0.0
2018-11-14,47.01,48.24,46.72,48.12,21692360,0.0
2018-11-15,47.77,49.05,47.69,48.84,27456675,0.0
2018-11-18,48.61,49.15,47.78,48.005,23388730,0.0
2018-11-19,47.4,48.12,47.09,47.37,25321023,0.0
2018-11-20,47.85,47.88,47.02,47.03,14865605,0.0
2018-11-22,46.69,47.07,46.52,46.54,7561909,0.0
2018-11-25,47.27,47.46,46.7,47.45,15442493,0.0
2018-11-26,46.94,48.22,46.59,48.04,22450003,0.0
2018-11-27,47.935,48.88,47.65,48.87,22760728,0.0
2018-11-28,48.49,48.56,47.63,47.69,20820432,0.0
2018-11-29,47.95,49.29,47.56,49.29,25936231,0.0
2018-12-02,50,50.84,49.53,50.13,25263427,0.0
2018-12-03,49.52,49.6,47.675,47.74,27200565,0.0
2018-12-05,46.8,48.38,46.52,48.37,27424006,0.0
2018-12-06,47.94,48.06,46.23,46.23,26938852,0.0
2018-12-09,46.28,47.46,46.01,47.21,20110551,0.0
2018-12-10,47.9,48.59,47.13,47.38,19177185,0.0
2018-12-11,48.58,48.64,47.41,47.82,20707027,0.0
2018-12-12,48.26,48.58,47.855,48.29,15264105,0.0
2018-12-13,47.89,48.76,47.85,47.86,19281826,0.0
2018-12-16,47.86,48.41,46.66,47.07,21352353,0.0
2018-12-17,47.47,48.45,47.36,47.73,23375187,0.0
2018-12-18,47.49,47.73,45.38,45.56,34068413,0.0
2018-12-19,45.41,46.31,45.01,45.561,30878583,0.0
2018-12-20,45.75,46.65,44.8,44.83,42245457,0.0
2018-12-23,44.63,45.17,43.54,43.58,16984258,0.0
2018-12-25,44,46.2,43.51,46.18,24299082,0.0
2018-12-26,45.62,46.36,44.67,46.36,22544257,0.0
2018-12-27,46.51,47.74,46.3,46.665,20936309,0.0
2018-12-30,47.09,47.48,46.55,46.625,14720618,0.0
2019-01-01,45.96,47.47,45.77,47.0194,14228698,0.0
2019-01-02,46.15,46.28,44.535,44.61,25762964,0.0
2019-01-03,45.835,47.57,45.54,47.18,28447250,0.0
2019-01-06,47.1,47.995,46.75,47.525,16202761,0.0
2019-01-07,47.8,48.03,46.78,47.725,18805775,0.0
2019-01-08,47.96,48.57,47.78,47.97,17386573,0.0
2019-01-09,47.75,48.65,47.41,48.51,18339139,0.0
2019-01-10,48.1,49.291,48.05,48.86,16742369,0.0
2019-01-13,48.55,48.83,48.3,48.4201,10953974,0.0
2019-01-14,48.71,49.13,48.44,48.54,19174034,0.0
2019-01-15,48.6,48.89,48.12,48.13,13183521,0.0
2019-01-16,48,48.84,47.905,48.46,13819492,0.0
2019-01-17,49.11,49.38,48.69,49.06,24295092,0.0
2019-01-21,48.96,48.98,47.87,48.16,17347373,0.0
2019-01-22,48.41,48.8,47.52,47.885,14951647,0.0
2019-01-23,48.7,50.035,48.6,49.8449,37960590,0.0
2019-01-24,46.85,47.43,45.75,47.02,75004898,0.0
2019-01-27,46.13,46.73,46.05,46.69,26940507,0.0
2019-01-28,46.78,46.97,46.33,46.52,15953335,0.0
2019-01-29,46.68,47.68,46.45,47.47,18590824,0.0
2019-01-30,46.7,47.18,46.1,47.09,33649329,0.0
2019-01-31,47.05,49.05,47.01,48.72,30437403,0.0
2019-02-03,48.62,49.22,48.24,49.175,16735013,0.0
2019-02-04,49.18,50.7159,49.18,50.005,26444761,0.0
2019-02-05,49.95,50.64,49.82,50.01,17590695,0.0
2019-02-06,49.5,49.85,48.68,49.255,22602745,0.0
2019-02-07,48.77,49.02,48.01,48.775,15512722,0.0
2019-02-10,49.02,49.32,48.58,48.79,14307322,0.0
2019-02-11,49.36,50.14,49.27,50.005,13770858,0.0
2019-02-12,50.13,50.81,50,50.42,14587710,0.0
2019-02-13,50.41,51.04,50.35,50.8699,14968810,0.0
2019-02-14,51.25,51.67,51.09,51.615,19038425,0.0
2019-02-18,51.35,51.71,51.35,51.375,12630835,0.0
2019-02-19,51.63,51.73,51.06,51.41,16811274,0.0
2019-02-20,51.32,51.84,51.21,51.41,13927120,0.0
2019-02-21,52.7,52.975,52.055,52.5,27841915,0.0
2019-02-24,53.06,53.61,52.86,53.1,18099838,0.0
2019-02-25,53.06,53.37,52.91,53.22,13488254,0.0
2019-02-26,52.76,53.38,52.51,53.24,15077956,0.0
2019-02-27,52.92,53.18,52.81,52.98,12478199,0.0
2019-02-28,53.44,53.68,52.89,53.3,14749894,0.0
2019-03-03,53.75,54.1,53.205,53.94,17934389,0.0
2019-03-04,53.85,53.99,53.11,53.68,18038517,0.0
2019-03-05,53.63,53.65,52.94,52.96,12946575,0.0
2019-03-06,52.77,52.985,52.36,52.61,14625548,0.0
2019-03-07,51.97,52.56,51.7,52.49,14401580,0.0
2019-03-10,52.88,53.65,52.57,53.33,14177739,0.0
2019-03-11,53.34,53.96,53.175,53.58,15087344,0.0
2019-03-12,54,54.57,53.65,54.37,20692158,0.0
2019-03-13,54.3,54.45,53.33,53.39,20635150,0.0
2019-03-14,54.325,54.69,54.16,54.3,17076940,0.0
2019-03-17,54.42,54.505,53.87,54.09,12939541,0.0
2019-03-18,54.47,54.645,54,54.19,13300523,0.0
2019-03-19,54.1,54.4,53.61,53.8,20156842,0.0
2019-03-20,53.81,54.99,53.81,54.62,13735924,0.0
2019-03-21,54.4,54.615,53.21,53.26,16912214,0.0
2019-03-24,52.97,53.545,52.375,52.78,14270770,0.0
2019-03-25,53.32,53.77,53.04,53.44,15585786,0.0
2019-03-26,53.59,53.86,52.94,53.16,16770807,0.0
2019-03-27,53.25,53.44,52.77,53.11,11266736,0.0
2019-03-28,53.8,54.04,53.48,53.71,13757686,0.0
2019-03-31,54.34,54.57,54.1,54.51,5960765,0.0
2019-04-01,54.53,54.8,54.225,54.35,10973298,0.0
2019-04-02,55.03,55.99,54.89,55.46,20886904,0.0
2019-04-03,55.27,56.14,55.27,55.93,13801310,0.0
2019-04-04,55.75,55.95,54.87,55.61,16317864,0.0
2019-04-07,55.28,55.74,55.2,55.67,9785690,0.0
2019-04-08,55.35,55.43,54.9,55.32,11159243,0.0
2019-04-09,55.32,55.86,55.32,55.76,11153085,0.0
2019-04-10,55.76,56.07,55.63,55.79,9102520,0.0
2019-04-11,56.21,56.49,55.84,56.41,10098533,0.0
2019-04-14,56.46,56.555,55.92,56.28,8940187,0.0
2019-04-15,56.66,57.47,56.07,56.73,26932164,0.0
2019-04-16,58.44,59.59,58.12,58.57,32837837,0.0
2019-04-17,58.71,58.88,58.1238,58.51,18451305,0.0
2019-04-21,58.15,58.83,57.88,58.83,9814041,0.0
2019-04-22,58.89,58.98,58.5,58.77,14395646,0.0
2019-04-23,58.52,59.2899,58.14,58.71,14637329,0.0
2019-04-24,58.3,58.38,57.23,57.59,20452844,0.0
2019-04-25,52.74,53.09,51.52,52.43,65533631,0.0
2019-04-28,52.17,52.43,51,51.11,35269308,0.0
2019-04-29,51,51.43,50.87,51.03,20683417,0.0
2019-04-30,51.1,51.6,50.74,50.76,17763562,0.0
2019-05-01,50.8,51.325,50.12,50.56,20129326,0.0
2019-05-02,51.08,51.82,50.73,51.74,22468297,0.0
2019-05-05,50.25,51.28,50.19,51.23,19901942,0.0
2019-05-06,50.6,50.88,49.93,50.5,25434260,0.0
2019-05-07,50.2,50.79,49.07,49.2,31424925,0.0
2019-05-08,47.9,48.29,46.05,46.62,55013197,0.0
2019-05-09,46.44,46.8,45.1,46.22,38284231,0.0
2019-05-12,45.33,45.64,44.7,44.76,33329201,0.0
2019-05-13,45.18,45.485,44.87,45.18,21635551,0.0
2019-05-14,44.92,45.75,44.76,45.61,20669205,0.0
2019-05-15,45.47,45.95,45.42,45.54,17461451,0.0
2019-05-16,45.18,45.73,44.7637,44.89,18317027,0.0
2019-05-19,44,44.52,43.4538,43.57,25114845,0.0
2019-05-20,44.34,44.78,44.175,44.47,22052350,0.0
2019-05-21,44.22,44.46,43.845,44,15144752,0.0
2019-05-22,43.37,44.74,42.86,44.52,31485473,0.0
2019-05-23,44.59,45.05,44.49,44.58,25135680,0.0
2019-05-27,44.66,44.69,43.3,43.58,22658722,0.0
2019-05-28,43.35,44.53,43.3333,44.21,24963501,0.0
2019-05-29,44.3,45.03,44.23,44.75,18679953,0.0
2019-05-30,44.18,44.9695,43.93,44.02,20724189,0.0
2019-06-02,44.23,44.585,43.2,43.44,25631558,0.0
2019-06-03,44.16,44.855,43.77,44.79,24297098,0.0
2019-06-04,45.11,45.18,44.19,44.56,18288543,0.0
2019-06-05,44.75,45.17,44.505,45.1,15360707,0.0
2019-06-06,45.25,46.12,45.1,46.03,19643976,0.0
2019-06-09,46.23,47.19,46.2,46.8,17773623,0.0
2019-06-10,47.26,47.32,46.52,46.865,16027378,0.0
2019-06-11,46.67,46.67,46.25,46.33,13450505,0.0
2019-06-12,46.6,46.955,46.53,46.71,19829955,0.0
2019-06-13,45.83,46.42,45.5459,46.18,24459899,0.0
2019-06-16,46.14,46.53,45.8,46.14,9930467,0.0
2019-06-17,46.75,48,46.6,47.37,21845375,0.0
2019-06-18,47.48,47.58,47,47.07,14294442,0.0
2019-06-19,47.87,48.05,46.87,47.17,16530420,0.0
2019-06-20,46.95,47.73,46.8,47.46,23955803,0.0
2019-06-23,47.4,47.8455,47.17,47.63,12146697,0.0
2019-06-24,47.56,47.68,46.8,46.86,12719624,0.0
2019-06-25,47.65,48.48,47.56,48.18,17313631,0.0
2019-06-26,48.15,48.42,47.24,47.46,19988745,0.0
2019-06-27,47.845,48.2,47.76,47.87,16797983,0.0
2019-06-30,49.29,49.45,47.745,48.07,23416717,0.0
2019-07-01,47.91,48.22,47.69,48.12,13592935,0.0
2019-07-02,48.18,48.56,47.995,48.52,8344006,0.0
2019-07-04,48.03,48.175,47.44,48.1,11294860,0.0
2019-07-07,47.62,47.95,47.07,47.83,13638651,0.0
2019-07-08,47.36,47.8,47.13,47.75,15539431,0.0
2019-07-09,47.92,48.61,47.9,48.21,13386807,0.0
2019-07-10,48.56,48.78,48.31,48.6,14199216,0.0
2019-07-11,49,49.93,48.81,49.92,16646503,0.0
2019-07-14,50,50.25,49.7693,50.12,11922949,0.0
2019-07-15,49.91,50,48.96,49.18,14552529,0.0
2019-07-16,49.5,49.7,49.24,49.39,9550464,0.0
2019-07-17,49.28,49.99,48.89,49.94,12355146,0.0
2019-07-18,49.96,50.66,49.91,50.26,26200143,0.0
2019-07-21,50.005,51.515,49.89,51.35,17424381,0.0
2019-07-22,52,52,51.3,51.75,15421019,0.0
2019-07-23,51.98,52.97,51.8,52.92,17187410,0.0
2019-07-24,52.51,52.6,51.88,52.16,20601074,0.0
2019-07-25,52.69,53.5,51.53,51.58,31799155,0.0
2019-07-28,51.53,52.5599,50.78,52.51,18208376,0.0
2019-07-29,51.71,52.31,51.56,51.7,14366487,0.0
2019-07-30,51.51,51.72,50.05,50.55,20313891,0.0
2019-07-31,50.45,51.89,49.47,49.5,30744022,0.0
2019-08-01,49.09,49.36,48.5,48.68,21836320,0.0
2019-08-04,47.76,47.9599,46.57,46.97,31274595,0.0
2019-08-05,47.15,47.56,46.765,46.95,21346278,0.0
2019-08-06,46.3,46.88,45.97,46.73,26053591,0.0
2019-08-07,46.16,47.365,45.91,47.17,25748555,0.0
2019-08-08,46.89,46.91,45.78,45.98,20363230,0.0
2019-08-11,45.76,46.07,45.44,45.6,15556877,0.0
2019-08-12,45.4,47.045,45.36,46.84,24855752,0.0
2019-08-13,46.06,46.625,45.65,45.87,20708508,0.0
2019-08-14,46.1,46.18,45.435,45.69,19917680,0.0
2019-08-15,46.34,46.68,46.06,46.5,19682448,0.0
2019-08-18,47.46,47.6,47.04,47.23,18509504,0.0
2019-08-19,47.03,47.12,46.46,46.6,20022626,0.0
2019-08-20,47.11,47.29,46.8901,47.15,14035669,0.0
2019-08-21,47.28,47.43,46.69,46.76,16882575,0.0
2019-08-22,46.35,46.63,44.8,44.97,26877085,0.0
2019-08-25,45.82,45.82,45.25,45.57,19347062,0.0
2019-08-26,45.87,46.12,45.5,45.78,13102111,0.0
2019-08-27,45.7,45.91,45.37,45.79,12263562,0.0
2019-08-28,46.36,47.22,46.36,46.87,15342145,0.0
2019-08-29,47.24,47.79,47.16,47.41,12545456,0.0
2019-09-02,47.12,47.22,46.495,46.98,12835825,0.0
2019-09-03,47.56,48.95,47.54,48.93,17232918,0.0
2019-09-04,49.925,51.17,49.87,50.1,26089117,0.0
2019-09-05,50.25,50.99,50.07,50.94,14464172,0.0
2019-09-08,51.06,52.03,51.02,51.59,17458720,0.0
2019-09-09,51.33,51.84,50.825,51.84,16149127,0.0
2019-09-10,51.6,52.79,51.38,52.79,15069086,0.0
2019-09-11,53,53.33,52.065,53,17535047,0.0
2019-09-12,52.76,53,52.2349,52.54,14433161,0.0
2019-09-15,51.9,52.285,51.7011,52.22,11085747,0.0
2019-09-16,52.05,52.144,51.35,51.95,16859280,0.0
2019-09-17,52.13,52.13,51.16,51.74,12702953,0.0
2019-09-18,51.7,51.99,51.5,51.58,9519749,0.0
2019-09-19,51.6,51.88,50.6,50.6,27009865,0.0
2019-09-22,50.83,51.225,50.39,50.9,14721790,0.0
2019-09-23,51.1,51.18,49.64,49.81,22325714,0.0
2019-09-24,49.75,51.21,49.42,51.03,15907126,0.0
2019-09-25,50.98,51.145,50.34,50.93,9690202,0.0
2019-09-26,50.63,51.22,50.34,50.78,11638212,0.0
2019-09-29,51.19,51.595,50.9384,51.53,10334602,0.0
2019-09-30,51.97,52.24,50.43,50.77,15555451,0.0
2019-10-01,50.31,50.37,48.98,49.38,16397339,0.0
2019-10-02,49.5,50.07,48.532,50.04,13168131,0.0
2019-10-03,50.39,50.97,50.03,50.92,20295486,0.0
2019-10-06,50.7,51.23,50.56,50.62,19021078,0.0
2019-10-07,50.16,50.48,49.61,49.73,28820986,0.0
2019-10-08,50.47,50.79,50.15,50.49,19418591,0.0
2019-10-09,50.41,51.775,50.4,51.11,23236836,0.0
2019-10-10,52,52.79,51.82,52.06,36164796,0.0
2019-10-13,51.89,51.93,51.44,51.65,20654871,0.0
2019-10-14,51.93,53.07,51.83,52.64,31830558,0.0
2019-10-15,52.35,52.56,52.12,52.445,24386408,0.0
2019-10-16,52.635,52.84,51.38,51.89,29122213,0.0
2019-10-17,51.75,51.82,51.0291,51.345,30996483,0.0
2019-10-20,51.4,52.17,51.39,52.12,9104684,0.0
2019-10-21,51.9,52.32,51.88,52,11496563,0.0
2019-10-22,51.37,51.96,51.2,51.72,13427923,0.0
2019-10-23,52.09,52.43,51.43,52.18,17233155,0.0
2019-10-24,54.19,56.61,53.92,56.46,54140125,0.0
2019-10-27,56.38,56.81,56.06,56.77,23939427,0.0
2019-10-28,56.37,57.24,56.24,56.33,15657903,0.0
2019-10-29,56.32,56.63,55.615,56.61,13608858,0.0
2019-10-30,56.33,56.6,55.62,56.54,14897501,0.0
2019-10-31,55.94,56.6465,55.75,56.495,14289497,0.0
2019-11-03,56.9303,57.8,56.85,57.61,15617599,0.0
2019-11-04,57.47,58.35,57.21,57.56,16769856,0.0
2019-11-05,57.49,57.71,56.98,57.62,14085618,0.0
2019-11-06,58,58.55,57.855,58.06,14068800,0.0
2019-11-07,57.85,58.3,57.31,58.28,9923602,0.0
2019-11-10,57.97,58.5,57.9,58.35,9947160,0.0
2019-11-11,58.4,58.8,58.03,58.21,10147393,0.0
2019-11-12,57.87,57.97,57.35,57.9,11596009,0.0
2019-11-13,57.61,58.04,57.57,57.82,10676444,0.0
2019-11-14,58.13,58.7,57.62,57.96,13668982,0.0
2019-11-17,57.7,58.48,57.57,58.26,13433412,0.0
2019-11-18,58.48,58.65,57.75,58.38,11969993,0.0
2019-11-19,58.26,58.36,57.3664,57.91,14554949,0.0
2019-11-20,57.49,58.3,57.41,58.23,13431255,0.0
2019-11-21,58.34,58.65,57.49,57.62,12656899,0.0
2019-11-24,58,58.84,58,58.815,11808567,0.0
2019-11-25,58.95,59.13,58.45,58.91,17816551,0.0
2019-11-26,58.53,58.59,57.905,58.53,12181040,0.0
2019-11-28,58.15,58.295,57.79,58.06,5903127,0.0
2019-12-01,58.55,58.69,57.47,57.66,15624865,0.0
2019-12-02,56.86,56.86,55.75,56.08,23454324,0.0
2019-12-03,56.66,56.66,55.86,56,16732316,0.0
2019-12-04,56.41,56.41,55.76,56.08,15513968,0.0
2019-12-05,56.66,56.99,56.42,56.8,14045959,0.0
2019-12-08,56.54,56.96,56.5,56.52,10775639,0.0
2019-12-09,56.71,56.83,56.44,56.61,14252195,0.0
2019-12-10,56.91,57.17,56.58,57.06,18162254,0.0
2019-12-11,56.75,58.05,56.61,57.55,25540361,0.0
2019-12-12,57.55,58.34,57.38,57.79,19219099,0.0
2019-12-15,58.21,58.57,57.65,57.68,14587549,0.0
2019-12-16,58,58.1,57.13,57.3,18164596,0.0
2019-12-17,57.39,57.455,56.94,57.18,17918366,0.0
2019-12-18,57.17,57.99,56.965,57.97,13846331,0.0
2019-12-19,58.32,59.05,57.89,58.95,30377567,0.0
2019-12-22,59.06,59.78,59.04,59.23,13796264,0.0
2019-12-23,59.25,59.48,59.16,59.42,4810194,0.0
2019-12-25,59.41,59.85,59.35,59.82,7963604,0.0
2019-12-26,59.91,60.48,59.9,60.09,11551294,0.0
2019-12-29,59.99,60.05,59.38,59.63,10443425,0.0
2019-12-30,59.62,59.93,59.36,59.82,10484152,0.0
2020-01-01,60.24,60.97,60.22,60.84,14521740,0.0
2020-01-02,59.81,60.7,59.81,60.09,12172717,0.0
2020-01-05,59.59,60.195,59.33,59.93,13443716,0.0
2020-01-06,59.78,59.8,58.89,58.925,18231493,0.0
2020-01-07,58.89,59.32,58.52,58.97,19049106,0.0
2020-01-08,59.05,59.51,58.83,59.3,14900195,0.0
2020-01-09,59.57,60.075,58.87,58.94,13748198,0.0
2020-01-12,59.16,59.775,59.08,59.58,14129559,0.0
2020-01-13,59.49,59.74,59.185,59.44,13526802,0.0
2020-01-14,59.3,59.65,58.75,58.93,14914625,0.0
2020-01-15,59.26,59.84,59.07,59.615,16618911,0.0
2020-01-16,59.99,60,59.2403,59.6,18338667,0.0
2020-01-20,59.81,61.25,59.77,60.54,47667929,0.0
2020-01-21,61.04,62.85,60.97,62.78,51550760,0.0
2020-01-22,62.86,63.705,62.81,63.31,62898455,0.0
2020-01-23,66.57,69.29,66.46,68.47,156695459,0.0
2020-01-26,66.72,67.42,65.6,65.69,25971956,0.0
2020-01-27,66.5,67.58,65.94,67.3,25435691,0.0
2020-01-28,67.63,68.06,66.17,66.34,15644632,0.0
2020-01-29,65.64,66.5,64.93,66.47,15502550,0.0
2020-01-30,65.8,65.98,63.67,63.9,21386180,0.0
2020-02-02,64.455,65.04,64.3,64.42,13388475,0.0
2020-02-03,65.76,66.06,64.92,65.47,18116439,0.0
2020-02-04,66.69,67.6,66.13,67.37,20115439,0.0
2020-02-05,67.3,67.4,66.77,67.09,15009047,0.0
2020-02-06,66.86,67.3,66.01,66.02,13237568,0.0
2020-02-09,65.56,66.4,65.44,66.4,13545828,0.0
2020-02-10,66.83,67.71,66.57,67.41,13642134,0.0
2020-02-11,67.6,68.09,67.31,67.46,12020447,0.0
2020-02-12,66.99,67.65,66.739,67.46,9551596,0.0
2020-02-13,67.52,67.865,66.82,67.29,11073964,0.0
2020-02-17,66.66,66.69,65.88,66.14,11020057,0.0
2020-02-18,66.39,67.2,66.18,67.12,10993235,0.0
2020-02-19,67.04,67.29,64.56,65.43,23462950,0.0
2020-02-20,65.18,65.25,64.04,64.32,15464151,0.0
2020-02-23,61.75,62.77,61.32,61.74,22245575,0.0
2020-02-24,62.1,62.28,59.46,59.72,29762432,0.0
2020-02-25,60.11,60.82,59.27,59.65,22362889,0.0
2020-02-26,57.93,58.51,55.8,55.81,35348801,0.0
2020-02-27,54.3,56.38,53.6,55.66,52024406,0.0
2020-03-01,55.79,58.22,54.52,58.19,36442418,0.0
2020-03-02,58.03,59.02,55.4,55.96,43167487,0.0
2020-03-03,57.01,58.71,56.16,58.69,22972836,0.0
2020-03-04,57.06,58.66,56.61,56.95,24040937,0.0
2020-03-05,55.18,56.01,54.54,55.77,32356295,0.0
2020-03-08,51.92,52.71,50,50.82,46872860,0.0
2020-03-09,52.76,54,50.43,53.97,61716254,0.0
2020-03-10,52,53.54,51.01,51.62,66051640,0.0
2020-03-11,47.99,50.091,45.37,45.525,44223134,0.0
2020-03-12,48.26,55,47.74,54.43,41345197,0.0
2020-03-15,47.54,52.25,43.63,44.545,92695518,0.0
2020-03-16,45.755,51.63,45.2,50.075,43094498,0.0
2020-03-17,46.71,50.05,45.2,48.77,38914145,0.0
2020-03-18,47.84,49.23,45.16,45.94,77562584,0.0
2020-03-19,46.51,49.42,45.47,45.79,95698270,0.0
2020-03-22,46.13,50.49,45.9132,49.6,83776780,0.0
2020-03-23,53.14,54.64,51.35,52.4,41888928,0.0
2020-03-24,52.48,53.785,49.91,51.26,34819505,0.0
2020-03-25,51.74,55.95,51.66,55.61,31377030,0.0
2020-03-26,53.42,54.64,52.065,52.35,25162095,0.0
2020-03-29,52.99,56.1,52.83,55.49,27006249,0.0
2020-03-30,55.06,55.795,53.22,54.13,64044196,0.0
2020-03-31,52.5,54.69,51.43,51.86,47328496,0.0
2020-04-01,51.29,54.56,51.22,54.355,23408120,0.0
2020-04-02,53.85,55.13,52.73,54.15,27536209,0.0
2020-04-05,56.63,58.77,56.12,58.43,51062824,0.0
2020-04-06,59.94,61.49,58.21,58.39,32897100,0.0
2020-04-07,58.99,59.51,57.91,59,23268390,0.0
2020-04-08,59.36,59.72,56.06,57.15,35778707,0.0
2020-04-12,56.57,58.77,56.57,58.74,41176080,0.0
2020-04-13,60.0378,60.9,59.51,60.67,41059286,0.0
2020-04-14,59.74,59.83,58.385,58.86,51601621,0.0
2020-04-15,59.61,60.96,58.81,60.8,75409867,0.0
2020-04-16,62.02,62.13,59.825,60.34,61017498,0.0
2020-04-19,59.279,60.04,58.89,59.17,68986654,0.0
2020-04-20,58.11,58.6,55.93,56.33,64007149,0.0
2020-04-21,58.27,60.4,57.81,60.12,52971329,0.0
2020-04-22,59.6735,60.1,58.81,59.04,67306915,0.0
2020-04-23,56.2,59.4,56.1,59.27,91108389,0.0
2020-04-26,59.72,59.83,58.385,59.48,65451464,0.0
2020-04-27,59.99,60.22,58.26,58.73,21620833,0.0
2020-04-28,59.44,62.03,59.32,61.79,25617313,0.0
2020-04-29,61.3666,61.54,59.75,59.96,34236642,0.0
2020-04-30,58.83,59.32,57.31,57.51,16979476,0.0
2020-05-03,57.12,58.07,56.31,57.99,15845138,0.0
2020-05-04,58.79,59.3,58.35,58.76,15003611,0.0
2020-05-05,59.04,59.95,58.94,59.19,13787971,0.0
2020-05-06,59.93,60.0969,58.92,59.19,24819917,0.0
2020-05-07,59.6694,59.78,59.05,59.67,25224510,0.0
2020-05-10,59.74,60.84,59.71,60.11,16187545,0.0
2020-05-11,60.22,60.64,58.35,58.355,26624918,0.0
2020-05-12,58.45,59.23,56.9,57.74,35441610,0.0
2020-05-13,57.32,59.15,56.1,59.1,37304628,0.0
2020-05-14,57.4,58.37,56.96,58.3,18348993,0.0
2020-05-17,59.7406,60.28,59.36,59.9,28412453,0.0
2020-05-18,60.13,61.77,59.85,60.26,35553033,0.0
2020-05-19,61.16,63.489,61.02,63.11,26729766,0.0
2020-05-20,63.095,63.8,61.82,61.99,18841399,0.0
2020-05-21,61.98,62.32,61.42,62.26,25330126,0.0
2020-05-25,63.68,64.14,62.12,62.36,17659505,0.0
2020-05-26,62.32,63.59,61.07,63.57,34471420,0.0
2020-05-27,63,63.45,61.49,61.7,27768104,0.0
2020-05-28,61.9,63.66,61.62,63.02,17942563,0.0
2020-05-31,62.4851,62.66,61.66,61.86,12371299,0.0
2020-06-01,61.7,62.17,60.825,62.14,30622582,0.0
2020-06-02,62.45,62.54,61.53,61.93,13927063,0.0
2020-06-03,61.74,63.47,61.3438,62.98,37844948,0.0
2020-06-04,63.36,65.11,63.16,64.42,21306009,0.0
2020-06-07,63.97,64.15,62.94,63.62,33025718,0.0
2020-06-08,62.9935,63.71,62.9,63.09,28649369,0.0
2020-06-09,62.79,64.289,62.75,63.92,16021171,0.0
2020-06-10,63.07,63.3,59.52,59.695,21238568,0.0
2020-06-11,60.11,60.96,59.03,59.03,13025614,0.0
2020-06-14,59.33,60.36,58.58,60.13,43500413,0.0
2020-06-15,61.49,61.65,59.49,60.48,37831393,0.0
2020-06-16,60.74,61.28,60.06,60.48,14226495,0.0
2020-06-17,60.35,60.51,59.32,60.1,17029243,0.0
2020-06-18,60.65,60.89,59.1,59.59,55487262,0.0
2020-06-21,59.73,60.545,58.83,60.13,19315637,0.0
2020-06-22,60.19,60.47,59.8612,59.91,19416681,0.0
2020-06-23,59.64,59.805,58.67,59.08,20533582,0.0
2020-06-24,58.98,59.09,57.48,58.52,19303215,0.0
2020-06-25,58.49,58.73,57.07,57.5,20203985,0.0
2020-06-28,57.47,58.35,56.76,58.31,14742242,0.0
2020-06-29,58.71,59.98,58.54,59.81,18463900,0.0
2020-06-30,59.91,60.03,58.76,58.8,12314569,0.0
2020-07-01,59.19,59.81,58.97,59.13,11893321,0.0
2020-07-05,58.72,59.62,58.6,59.54,15033198,0.0
2020-07-06,59.07,59.57,58.14,58.3,12955359,0.0
2020-07-07,58.45,58.695,57.93,58.62,11429440,0.0
2020-07-08,58.2,58.745,57.7,58.43,17556260,0.0
2020-07-09,57.95,59.69,57.83,59.55,15142712,0.0
2020-07-12,59.84,60.62,58.39,58.57,16707981,0.0
2020-07-13,57.8735,59.25,57.345,58.96,17891229,0.0
2020-07-14,59.03,59.34,58.42,59.03,15241139,0.0
2020-07-15,58.54,59.36,58.4,59.105,10237059,0.0
2020-07-16,59.42,60.46,59.28,59.99,14132685,0.0
2020-07-19,60.08,61.38,59.34,61.15,14221377,0.0
2020-07-20,61.515,61.9275,60.44,60.7,15743924,0.0
2020-07-21,61.31,61.765,60.62,61.02,15857450,0.0
2020-07-22,61.255,61.74,60.27,60.49,15665945,0.0
2020-07-23,52.15,52.18,49.5,50.5885,171360353,0.0
2020-07-26,51.03,51.14,49.465,49.5655,98869733,0.0
2020-07-27,49.48,50.23,49.14,49.24,53174628,0.0
2020-07-28,49.49,49.5,47.9,48.08,57441396,0.0
2020-07-29,47.83,48.5,47.59,48,37676906,0.0
2020-07-30,48.13,48.3216,46.97,47.74,39130979,0.0
2020-08-02,48.27,48.62,47.74,48.29,21653372,0.0
2020-08-03,48.6,49.14,48.5,49.14,26350256,0.0
2020-08-04,49.72,49.72,48.66,48.93,26818706,0.0
2020-08-05,48.79,48.82,48.1,48.58,21376785,0.0
2020-08-06,48.53,48.65,47.7,48.04,34861240,0.0
2020-08-09,48.75,49.39,48.5213,49.22,21282560,0.0
2020-08-10,49.63,49.73,48.06,48.19,32574531,0.0
2020-08-11,48.67,49.26,48.24,49.19,27247985,0.0
2020-08-12,49.26,49.33,48.385,48.5638,21866770,0.0
2020-08-13,48.73,49.21,48.65,48.9,19866313,0.0
2020-08-16,49.11,49.305,48.73,48.92,17851507,0.0
2020-08-17,49.26,49.57,48.62,48.65,17126329,0.0
2020-08-18,48.785,48.98,48.25,48.33,22672244,0.0
2020-08-19,49.81,50.2,49,49.17,51649938,0.0
2020-08-20,49.02,49.31,48.65,49.3,30778314,0.0
2020-08-23,49.26,49.4,48.82,49.18,26811147,0.0
2020-08-24,49.35,49.88,49.21,49.44,31939217,0.0
2020-08-25,49.39,49.67,49.23,49.55,26665225,0.0
2020-08-26,49.79,49.93,49.17,49.4,21615588,0.0
2020-08-27,49.57,50.8,49.46,50.43,32788008,0.0
2020-08-30,51,51.5,50.32,50.92,35491568,0.0
2020-08-31,50.91,51,50.22,50.8,26624026,0.0
2020-09-01,51.21,52.68,51.09,52.24,49342738,0.0
2020-09-02,52.5,52.62,50.135,50.39,41619660,0.0
2020-09-03,50.53,51.23,49.49,50.07,38672648,0.0
2020-09-07,49.26,49.9,48.85,48.91,32938947,0.0
2020-09-08,49.53,49.9684,49.04,49.61,23918690,0.0
2020-09-09,49.905,50.045,48.71,48.97,23409399,0.0
2020-09-10,49.2635,50.05,48.95,49.27,26404297,0.0
2020-09-13,48.85,49.72,48.85,49.41,20956455,0.0
2020-09-14,49.79,50.6,49.73,50,26398793,0.0
2020-09-15,50.51,51.03,50.165,50.36,24036606,0.0
2020-09-16,49.37,50.485,49.3,50.28,23189538,0.0
2020-09-17,50.33,50.5,49.04,49.89,32519813,0.0
2020-09-20,49.39,49.745,48.83,49.73,22739735,0.0
2020-09-21,49.89,50.21,49.47,49.94,18861174,0.0
2020-09-22,49.83,50.145,48.66,48.83,24421302,0.0
2020-09-23,48.53,49.64,48.42,49.16,22719349,0.0
2020-09-24,48.96,50.28,48.75,49.93,20953215,0.0
2020-09-27,50.53,51.46,50.16,51.45,21689039,0.0
2020-09-28,51.3,51.735,50.95,51.19,16126276,0.0
2020-09-29,51.24,52.38,51.15,51.77,18926132,0.0
2020-09-30,52.4,52.72,51.99,52.26,16538752,0.0
2020-10-01,51.5,51.9789,50.99,51.01,18777414,0.0
2020-10-04,51.3,51.81,51.27,51.7,16371564,0.0
2020-10-05,51.71,52.7,51.23,51.37,18445576,0.0
2020-10-06,51.85,52.9,51.79,52.65,17305739,0.0
2020-10-07,52.86,53.58,52.67,53.38,19920604,0.0
2020-10-08,53.55,53.85,52.67,52.84,19186774,0.0
2020-10-11,53.46,54.2,53.21,53.88,21228025,0.0
2020-10-12,54.27,54.29,53.62,53.82,14926682,0.0
2020-10-13,53.97,54.4,53.51,53.53,15621965,0.0
2020-10-14,52.66,53.98,52.62,53.87,12670637,0.0
2020-10-15,53.9,54.7,53.9,54.165,19053151,0.0
2020-10-18,54.5999,55.69,53.87,54.6,33359769,0.0
2020-10-19,54.6,54.7,53.27,53.42,21027680,0.0
2020-10-20,53.14,54.035,52.82,53.49,16227564,0.0
2020-10-21,53.12,54.22,53.07,53.98,24736430,0.0
2020-10-22,48.36,48.665,47.66,48.2,88845400,0.0
2020-10-25,47.83,47.83,46.25,46.72,47032155,0.0
2020-10-26,46.02,46.41,45.36,45.65,40471075,0.0
2020-10-27,44.93,45.285,44.2,44.2618,32544578,0.0
2020-10-28,44.24,44.47,43.9201,44.11,27912888,0.0
2020-10-29,44.1,44.795,43.61,44.2906,34016048,0.0
2020-11-01,44.96,45.055,44.24,44.465,25906782,0.0
2020-11-02,44.73,45.46,44.7,44.84,28579253,0.0
2020-11-03,45.11,46.15,44.78,45.7,26254310,0.0
2020-11-04,46.15,46.38,45.525,45.68,23967853,0.0
2020-11-05,45.54,45.795,44.9,45.39,26960519,0.0
2020-11-08,46.63,47.35,45.54,45.6,37598108,0.0
2020-11-09,45.4,46.48,45.25,45.44,29075635,0.0
2020-11-10,45.9,46.455,45.86,46.34,25288205,0.0
2020-11-11,46.13,46.19,44.55,44.96,34720500,0.0
2020-11-12,44.99,45.57,44.99,45.5666,22877117,0.0
2020-11-15,46.04,46.75,45.79,46.195,30943417,0.0
2020-11-16,45.75,46.12,45.405,45.54,27850596,0.0
2020-11-17,45.55,45.685,45.04,45.04,28626985,0.0
2020-11-18,44.92,45.67,44.7,45.62,25572660,0.0
2020-11-19,45.66,45.88,45.33,45.39,18598233,0.0
2020-11-22,45.48,46.21,45.45,46.04,23782505,0.0
2020-11-23,46.29,47.3,46.01,47,28898718,0.0
2020-11-24,47.03,47.18,46.57,47.05,20897066,0.0
2020-11-26,47.36,48.1,47.36,47.45,14683056,0.0
2020-11-29,47.42,48.5,47.265,48.47,27754301,0.0
2020-11-30,48.75,50.225,48.71,49.56,47250744,0.0
2020-12-01,49.22,50.06,49.18,49.91,27489195,0.0
2020-12-02,49.92,51.11,49.78,51.03,34445826,0.0
2020-12-03,51.06,52.65,51,51.985,34868146,0.0
2020-12-06,51,51.29,49.56,50.22,40268481,0.0
2020-12-07,49.83,50.72,49.81,50.69,23811067,0.0
2020-12-08,50.28,50.8383,49.73,50.05,26795083,0.0
2020-12-09,49.66,50.72,49.59,50.25,22271971,0.0
2020-12-10,50.14,50.14,49.115,49.75,22819849,0.0
2020-12-13,49.82,51.34,49.74,50.45,23688110,0.0
2020-12-14,50.98,51.01,50.21,50.67,20470564,0.0
2020-12-15,50.71,51.46,50.68,51.12,21343711,0.0
2020-12-16,51.15,51.32,50.22,50.6583,16764279,0.0
2020-12-17,50.57,50.68,47.11,47.46,61795761,0.0
2020-12-20,46.32,46.45,45.24,46.39,48380218,0.0
2020-12-21,46.25,46.34,45.765,46.19,24791451,0.0
2020-12-22,46.165,47.03,46.07,46.57,19616296,0.0
2020-12-23,46.6,47.09,46.34,47.07,10939666,0.0
2020-12-27,47.19,47.635,46.86,47.08,18065004,0.0
2020-12-28,47.22,50.6667,46.49,49.375,81948758,0.0
2020-12-29,49.11,49.19,48.56,48.74,29512726,0.0
2020-12-30,48.75,50.19,48.72,49.82,25275498,0.0
2021-01-03,49.89,51.39,49.4016,49.67,33968418,0.0
2021-01-04,49.445,50.83,49.33,50.61,21217713,0.0
2021-01-05,50.435,52.15,50.2,51.11,30582647,0.0
2021-01-06,51.49,52.69,51.3,52.18,25059493,0.0
2021-01-07,52.45,52.53,51.27,51.64,28829806,0.0
2021-01-10,51.29,52.24,51.25,51.54,21669806,0.0
2021-01-11,51.9,53.85,51.56,53.23,35921903,0.0
2021-01-12,59.5,60.25,56.9,56.94,101162864,0.0
2021-01-13,58.45,60.14,57.84,59.26,66717646,0.0
2021-01-14,58.85,59.65,57.5,57.59,42970707,0.0
2021-01-18,57.94,58.34,57.1,58,25801834,0.0
2021-01-19,58.24,59.22,58.09,58.65,24054200,0.0
2021-01-20,59.038,63.95,58.2233,62.47,74145513,0.0
2021-01-21,58.85,59.62,56.65,56.65,79195657,0.0
2021-01-24,56.38,56.5,54.06,55.45,58117462,0.0
2021-01-25,55.275,56.2,54.85,55.22,28389145,0.0
2021-01-26,54.61,54.8481,53.3,53.58,38709611,0.0
2021-01-27,54.79,57.4,54.7,56.07,45389138,0.0
2021-01-28,55.98,57.16,55.355,55.48,23206054,0.0
2021-01-31,55.95,57.39,55.71,56.68,23237644,0.0
2021-02-01,57.19,58.28,56.88,57.99,20741185,0.0
2021-02-02,57.8943,58.33,57.38,57.69,18015429,0.0
2021-02-03,57.61,58.88,57.19,58.8,23281133,0.0
2021-02-04,59,59.08,58.12,58.14,17739800,0.0
2021-02-07,58.375,59.22,57.95,59.2,20512866,0.0
2021-02-08,58.77,59.31,57.935,58.78,24615765,0.0
2021-02-09,59.3,59.42,58.12,58.8817,13916256,0.0
2021-02-10,59.095,60.99,58.86,60.66,24898331,0.0
2021-02-11,60.6,62.51,60.43,61.84,24381399,0.0
2021-02-15,62,62.87,61.7,62.46,20753013,0.0
2021-02-16,61.49,62.185,61.21,61.84,16611161,0.0
2021-02-17,60.645,61.98,60.64,61.61,16174149,0.0
2021-02-18,61.91,63.26,61.85,63.01,23925977,0.0
2021-02-21,61.88,62.7,60.66,60.71,28720212,0.0
2021-02-22,60.48,61.495,59.17,61.12,25015212,0.0
2021-02-23,60.53,63.28,60.38,63.2,21316733,0.0
2021-02-24,62.405,63.54,60.13,60.39,31128661,0.0
2021-02-25,60.89,61.69,59.68,60.68,26188565,0.0
2021-02-28,61.72,63.08,61.65,62.88,24090565,0.0
2021-03-01,62.8,63.14,61.11,61.23,19686738,0.0
2021-03-02,60.64,61.52,59.7,59.87,24255077,0.0
2021-03-03,59.83,60.235,57.905,58.34,36014941,0.0
2021-03-04,59.26,61.175,58.51,60.73,34320284,0.0
2021-03-07,60.4677,61.695,59.72,59.84,24959821,0.0
2021-03-08,61.18,63.165,60.84,62.67,28393282,0.0
2021-03-09,63.22,64.12,62.13,62.23,24300268,0.0
2021-03-10,62.94,64.09,62.39,63.32,25616010,0.0
2021-03-11,62.65,63.3,62.24,62.89,17930133,0.0
2021-03-14,63.61,63.875,62.48,63.8,16430433,0.0
2021-03-15,64.15,65.7302,64.08,64.79,26955179,0.0
2021-03-16,64.2235,66.29,63.71,65.78,26367233,0.0
2021-03-17,65.63,65.7,63.65,63.72,24649779,0.0
2021-03-18,63.18,64.99,62.92,63.73,32700052,0.0
2021-03-21,64.82,66.38,64.56,65.66,27189513,0.0
2021-03-22,66.11,66.05,63.17,63.48,25819631,0.0
2021-03-23,66.58,67.44,61.99,62.01,68481060,0.0
2021-03-24,61.655,62.44,60.975,62.005,30082963,0.0
2021-03-25,61.8,64.97,61.77,64.88,28392962,0.0
2021-03-28,64.07,65.125,63.61,64.51,21638650,0.0
2021-03-29,63.77,64,63.15,63.78,16949934,0.0
2021-03-30,64.01,64.4899,63.58,64.08,25019221,0.0
2021-03-31,64.725,64.89,63.575,64.56,24615256,0.0
2021-04-04,64.87,66.74,64.7,66.53,19861285,0.0
2021-04-05,66.05,66.575,65.29,65.57,17369670,0.0
2021-04-06,65.67,66.57,65.36,66.24,15291118,0.0
2021-04-07,66.97,67.29,66.36,67.05,14928613,0.0
2021-04-08,66.9,68.4,66.63,68.26,21282734,0.0
2021-04-11,68.18,68.49,64.71,65.4,45330788,0.0
2021-04-12,65.67,65.6346,64.21,65.23,22503213,0.0
2021-04-13,65.35,65.38,63.84,64.23,18708831,0.0
2021-04-14,63.96,65.215,63.6799,65.04,20566051,0.0
2021-04-15,65.33,65.52,64.57,64.75,18884919,0.0
2021-04-18,64.72,64.74,63.07,63.64,17501966,0.0
2021-04-19,63.6,63.76,62.41,62.71,14842786,0.0
2021-04-20,62.67,63.775,62.3,63.66,14747338,0.0
2021-04-21,63.43,63.91,62.28,62.57,29014234,0.0
2021-04-22,59.16,60,57.9,59.25,71451596,0.0
2021-04-25,59.13,59.52,58.46,58.74,33913465,0.0
2021-04-26,58.55,58.63,57.77,57.97,29578146,0.0
2021-04-27,57.52,58.16,57.15,57.61,27080716,0.0
2021-04-28,57.97,58.3,57.47,58.29,19219312,0.0
2021-04-29,57.61,58.43,57.07,57.55,24239357,0.0
2021-05-02,57.82,57.8768,56.84,57.26,19420532,0.0
2021-05-03,56.88,56.98,55.81,56.95,29454633,0.0
2021-05-04,57.04,57.3,56.46,56.84,17212690,0.0
2021-05-05,56.56,57.25,56.245,57.1917,17706390,0.0
2021-05-06,57.7,58.01,57.24,57.67,16766510,0.0
2021-05-09,57.1465,57.23,55.88,55.99,22410554,0.0
2021-05-10,55.04,55.63,54.3,55.04,31428550,0.0
2021-05-11,54.44,54.65,53.42,53.62,24808628,0.0
2021-05-12,54.05,54.39,53.46,54.02,25122529,0.0
2021-05-13,54.64,55.8467,54.255,55.33,22084012,0.0
2021-05-16,55.36,55.89,54.76,55.34,13542837,0.0
2021-05-17,55.95,56.14,54.8,54.84,14789481,0.0
2021-05-18,54.07,55.43,53.8418,55.37,17467928,0.0
2021-05-19,55.64,56.24,55.36,55.95,16798422,0.0
2021-05-20,56.43,56.71,55.9801,56.09,14537474,0.0
