Date,Open,High,Low,Close,Volume,OpenInterest
2017-06-01,307.743,309.166,306.408,307.996,451437,0.0
2017-06-04,307.086,308.653,305.82,307.336,417534,0.0
2017-06-05,306.046,309.906,306.033,307.913,387060,0.0
2017-06-06,309.626,310.913,308.073,310.66,462984,0.0
2017-06-07,311.666,312.383,308.833,309.94,427467,0.0
2017-06-08,311.596,311.766,302.071,305.45,691956,0.0
2017-06-11,303.666,304.8,292.166,301.096,1269957,0.0
2017-06-12,301.736,305.096,300.12,302.743,521652,0.0
2017-06-13,305.89,306,300.973,301.943,521283,0.0
2017-06-14,300.246,300.558,297.35,299.57,595458,0.0
2017-06-15,300.32,305.863,300.19,304.99,988608,0.0
2017-06-18,306.303,312.44,305.836,312.206,733356,0.0
2017-06-19,312.9,316.326,312.737,313.316,645444,0.0
2017-06-20,314.09,318.126,313.673,317.756,759453,0.0
2017-06-21,318.266,321.18,316.833,318.063,553359,0.0
2017-06-22,316.963,318.13,314.65,316.313,798663,0.0
2017-06-25,317.453,318.263,312.55,313.375,617913,0.0
2017-06-26,313.756,314.643,310.016,312.006,673383,0.0
2017-06-27,312.923,316.033,310.66,315.223,554529,0.0
2017-06-28,314.906,314.906,307.856,310.116,554961,0.0
2017-06-29,311.616,313.296,307.496,311.793,436824,0.0
2017-07-02,313.653,313.85,306.856,307.016,306159,0.0
2017-07-04,309.38,313.43,309.38,312.556,752283,0.0
2017-07-05,310.826,313.31,309.666,311.76,389811,0.0
2017-07-06,312.81,316.063,312.541,314.793,425748,0.0
2017-07-09,314.5,316.939,312.666,315.796,459177,0.0
2017-07-10,316.47,316.47,312.383,314.28,407340,0.0
2017-07-11,316.666,318.52,315.236,316.153,453933,0.0
2017-07-12,317.19,317.726,312.616,312.666,502230,0.0
2017-07-13,313.473,318.026,313.473,317.173,431607,0.0
2017-07-16,318.306,318.87,314.676,316.106,426810,0.0
2017-07-17,316.086,316.863,313.456,315.55,570996,0.0
2017-07-18,317.603,322.483,317.546,322.263,1023801,0.0
2017-07-19,323.01,324.885,320.686,323.896,1095129,0.0
2017-07-20,321.643,322.656,308.566,309.006,1899177,0.0
2017-07-23,308.93,317.796,308.93,316.583,951741,0.0
2017-07-24,317.243,317.886,313.493,315.08,599325,0.0
2017-07-25,315.36,316.723,313.106,314.78,506127,0.0
2017-07-26,314.69,315.333,307,310.556,781503,0.0
2017-07-27,310.166,314.333,309.02,313.82,690162,0.0
2017-07-30,314.503,315.33,311.133,312.616,465147,0.0
2017-07-31,312.99,315,311.376,313.703,376008,0.0
2017-08-01,313.133,313.786,309,311.183,556509,0.0
2017-08-02,309.776,313.116,309.356,311.276,586920,0.0
2017-08-03,312.74,312.74,307.893,310.44,657540,0.0
2017-08-06,309.903,312.378,309.206,312.333,659142,0.0
2017-08-07,311.05,312.666,309.833,311.613,425073,0.0
2017-08-08,311.463,315.25,310.186,314.57,529716,0.0
2017-08-09,313.16,314.363,309.296,309.93,433758,0.0
2017-08-10,310.093,314.72,310.093,314.176,464337,0.0
2017-08-13,317,322.42,317,321.55,570771,0.0
2017-08-14,322.406,330.146,321.67,328.373,830043,0.0
2017-08-15,328.69,330.513,327.002,329.643,485379,0.0
2017-08-16,329.25,331,324.07,324.406,652017,0.0
2017-08-17,324.51,330.766,322.863,328.109,798669,0.0
2017-08-20,327.35,328.333,324.805,327.56,770409,0.0
2017-08-21,327.633,332.666,327.446,332.273,572187,0.0
2017-08-22,331.273,331.273,327.733,328.876,406548,0.0
2017-08-23,328.986,330.54,327.733,330.21,422991,0.0
2017-08-24,330.35,330.99,325.446,326.07,559980,0.0
2017-08-27,327.326,329.556,326.856,328.676,364407,0.0
2017-08-28,327.233,329.733,325.67,329.226,357741,0.0
2017-08-29,327.37,332.163,327,331.933,410052,0.0
2017-08-30,332.003,335.22,330.793,334.79,552063,0.0
2017-08-31,333.966,336.206,332.456,335.723,346389,0.0
2017-09-04,334.736,342.026,334.736,340.593,686790,0.0
2017-09-05,341.256,343,337.003,341.1,360321,0.0
2017-09-06,340.8,345.95,340.763,345.33,321048,0.0
2017-09-07,344.283,351.666,341.666,347.546,636108,0.0
2017-09-10,347.716,351.333,345.366,348.483,651207,0.0
2017-09-11,348.193,349.41,347.266,348.253,346767,0.0
2017-09-12,347.39,347.963,345.343,347.62,266679,0.0
2017-09-13,346.92,348.363,345.486,346.363,414984,0.0
2017-09-14,346.513,347.666,345.416,346.226,639300,0.0
2017-09-17,345.763,349.643,345.52,348.966,417681,0.0
2017-09-18,347.623,351,346.813,348.21,382068,0.0
2017-09-19,348.453,350.666,346.67,348.79,277782,0.0
2017-09-20,349.386,349.603,343.25,343.323,475398,0.0
2017-09-21,343.5,344.29,340.733,343.833,309357,0.0
2017-09-24,344.926,344.933,337.853,339.15,435723,0.0
2017-09-25,340.65,342.233,337.796,338.88,324675,0.0
2017-09-26,339.583,341.953,339.506,341.556,412581,0.0
2017-09-27,341.446,343.07,340.213,341.96,304398,0.0
2017-09-28,342.716,349.586,342.09,348.62,381057,0.0
2017-10-01,349.7,354.9,349.19,353.066,535218,0.0
2017-10-02,354.876,358.666,354.223,357.966,636804,0.0
2017-10-03,359.196,363.33,358.726,361.633,515301,0.0
2017-10-04,1092.43,1094.55,1074,1089.32,155509,0.0
2017-10-05,362.09,367.5,360.2,361.47,607545,0.0
2017-10-08,363.54,363.54,353.88,354.61,576809,0.0
2017-10-09,356.91,357.44,352.8,355,386274,0.0
2017-10-10,357.29,360.52,356.12,360.16,313427,0.0
2017-10-11,363.89,364.93,361.28,362.53,568190,0.0
2017-10-12,363,365.77,361.7,362.35,419710,0.0
2017-10-15,358.23,361.68,352.91,353.47,918827,0.0
2017-10-16,356.01,356.57,353.26,354.98,570987,0.0
2017-10-17,357.27,358.25,353.8901,354.36,481198,0.0
2017-10-18,355.42,357.57,350,357.24,639836,0.0
2017-10-19,357.48,374.89,356.905,369.57,1408111,0.0
2017-10-22,372.5,378.32,372.45,373.66,960891,0.0
2017-10-23,372.64,373.35,369.33,371.66,597211,0.0
2017-10-24,371.63,373.71,368.48,372.48,400756,0.0
2017-10-25,373.5,382.15,371.63,372.3,794177,0.0
2017-10-26,373.98,374.64,369.5101,373.76,534930,0.0
2017-10-29,373.99,376.57,370.48,376.09,396964,0.0
2017-10-30,376.05,379.89,374.69,375.45,521421,0.0
2017-10-31,377.31,378.39,373.865,375.99,385491,0.0
2017-11-01,377.94,384.2,377,379.75,517576,0.0
2017-11-02,380.65,386.585,380.15,384.34,409704,0.0
2017-11-05,383.14,385.94,383.02,384.72,394607,0.0
2017-11-06,386.18,391.23,386,391.05,436760,0.0
2017-11-07,391,393.51,387.17,392.3,345224,0.0
2017-11-08,391.56,392.34,388.88,389.93,571680,0.0
2017-11-09,389.81,391.15,386.16,388.9,400474,0.0
2017-11-12,388.85,392.78,386.32,392.25,482524,0.0
2017-11-13,391.03,393.29,389.28,390.97,367432,0.0
2017-11-14,390.25,392.88,387,389.73,389247,0.0
2017-11-15,390.62,394.9,390.5,393.76,475416,0.0
2017-11-16,394.83,400,390.5001,392.38,386674,0.0
2017-11-19,392.48,394.2919,390.29,393.03,349239,0.0
2017-11-20,396.22,398.95,395.02,398.31,435580,0.0
2017-11-21,398,398.49,394.68,396.56,318773,0.0
2017-11-23,396.59,398.77,396.17,397.94,115633,0.0
2017-11-26,399,405.05,398.99,403.77,519901,0.0
2017-11-27,404.48,404.48,400.2774,402.18,453867,0.0
2017-11-28,402.37,404.58,391.02,394.29,716085,0.0
2017-11-29,398,401,393.52,398.84,781435,0.0
2017-11-30,398.6,402,388.25,396.67,805290,0.0
2017-12-03,399.83,400,369.09,369.92,1408206,0.0
2017-12-04,369.69,377.552,365.61,369.5,1121602,0.0
2017-12-05,368.79,379.69,365.6,379.04,610534,0.0
2017-12-06,381.71,384.92,378.6982,383.76,509049,0.0
2017-12-07,386.61,389.4,378.59,379.61,453302,0.0
2017-12-10,378.34,379.696,371.585,373.55,754824,0.0
2017-12-11,373.55,374.77,368.51,370.46,820031,0.0
2017-12-12,370.49,373.07,368.53,371.07,448015,0.0
2017-12-13,370,373.87,359.75,360.59,766103,0.0
2017-12-14,364.13,373.33,361.22,369.8,814399,0.0
2017-12-17,372.08,374.17,368.04,371.91,487155,0.0
2017-12-18,371.49,375.3,366.45,367.32,478165,0.0
2017-12-19,367.13,369.59,363.81,367.15,302269,0.0
2017-12-20,368.09,368.4999,361.07,361.31,439894,0.0
2017-12-21,361,364.54,359.78,363.13,581560,0.0
2017-12-25,361.89,368.845,360.04,365.8,296313,0.0
2017-12-26,366,369.15,365.13,368.1,232903,0.0
2017-12-27,368.16,369.73,366.56,368.82,221474,0.0
2017-12-28,368.57,369.565,364.78,364.98,300544,0.0
2018-01-01,367.89,375.81,365.11,375.27,412254,0.0
2018-01-02,377.12,384.17,375.01,383.75,515077,0.0
2018-01-03,385.73,389.48,375.09,376.89,560994,0.0
2018-01-04,380.88,380.88,375.8,378.88,398976,0.0
2018-01-07,378.72,392.64,377.21,391.86,578704,0.0
2018-01-08,393.73,404.12,393,397.74,919525,0.0
2018-01-09,423.51,426.98,408.45,423.75,1323288,0.0
2018-01-10,422,423.95,416.23,421.17,873470,0.0
2018-01-11,419.82,421.93,415.755,418.99,596776,0.0
2018-01-15,422,426.68,417.0039,420.14,530106,0.0
2018-01-16,423.6,432.23,422.52,431.059,560675,0.0
2018-01-17,431.38,434.9,426.42,432.06,448801,0.0
2018-01-18,433.96,436.57,428.48,432.87,385421,0.0
2018-01-21,435,435,427.501,433.94,478968,0.0
2018-01-22,431.84,441.52,431.8058,439.55,333364,0.0
2018-01-23,441.74,442.2051,432.27,437.5,507982,0.0
2018-01-24,441.82,452,440.0101,451.011,914759,0.0
2018-01-25,437.87,440.25,417,440.25,1250641,0.0
2018-01-28,441.77,445.9,433.01,436.36,580564,0.0
2018-01-29,433.2,433.94,423.59,427.94,682963,0.0
2018-01-30,430,436.33,427.32,431.67,479174,0.0
2018-01-31,432.61,433.13,423.36,425.87,436873,0.0
2018-02-01,423.01,426.2,416.2701,416.95,635187,0.0
2018-02-04,415.67,417,399.01,399.01,825594,0.0
2018-02-05,390.68,412.57,385.511,408.44,1077120,0.0
2018-02-06,407.12,410.88,399.2,399.68,479043,0.0
2018-02-07,400.48,400.645,381.6,381.86,827451,0.0
2018-02-08,386.93,396.83,380,392.83,901557,0.0
2018-02-11,395.5,401.88,391.61,398.51,440408,0.0
2018-02-12,396.66,402.895,394,402.06,311470,0.0
2018-02-13,397.51,411.2072,397.51,409.86,295805,0.0
2018-02-14,413,418.81,410,418.61,290832,0.0
2018-02-15,418.56,421.13,414.46,415.98,282702,0.0
2018-02-19,415.51,427.38,415.46,421.75,550919,0.0
2018-02-20,421.29,426.81,416.3,416.56,375808,0.0
2018-02-21,419.72,425.95,418.39,419.8,363414,0.0
2018-02-22,421.31,427.75,418.875,427.63,237301,0.0
2018-02-25,430,432.935,426.0592,431.85,273263,0.0
2018-02-26,433,435.4,429.4068,431.07,272567,0.0
2018-02-27,431.46,436.21,426.21,426.45,303107,0.0
2018-02-28,428.44,428.85,409.89,412.13,577402,0.0
2018-03-01,409.57,418.35,406.17,417.39,341075,0.0
2018-03-04,413.22,425.99,412.36,424.41,262244,0.0
2018-03-05,426.01,432.11,423.46,426.51,323513,0.0
2018-03-06,422.7,432.16,421.365,430.35,416549,0.0
2018-03-07,430.88,433.33,428.97,432.36,210193,0.0
2018-03-08,434,444.96,434,440.34,434227,0.0
2018-03-11,440.53,445.1,438.03,438.95,442039,0.0
2018-03-12,441.62,444.7,437.96,440.24,291209,0.0
2018-03-13,442.38,444.9,439.1,440.85,341521,0.0
2018-03-14,440,444.16,437.0257,442.08,242167,0.0
2018-03-15,443.37,444.5,433.81,435.86,520550,0.0
2018-03-18,433.28,436.1,421.59,426.87,373803,0.0
2018-03-19,428.74,433.1389,427.06,430.22,374511,0.0
2018-03-20,430.41,431.7,422.53,424.99,245424,0.0
2018-03-21,420.95,424.13,413.62,413.941,360454,0.0
2018-03-22,414.51,418.19,398.81,399.15,604210,0.0
2018-03-25,407.78,415.47,403.75,415.12,799004,0.0
2018-03-26,416.31,418.83,402.08,405.22,330543,0.0
2018-03-27,406.39,408.615,397.2146,402.32,405118,0.0
2018-03-28,403.67,421.92,401.33,412.84,485448,0.0
2018-04-01,412.26,414.865,394.37,400.78,423593,0.0
2018-04-02,402.74,405.7391,396.61,403.56,362893,0.0
2018-04-03,398,404.21,393.57,401.93,639974,0.0
2018-04-04,406.39,410.1,403.48,406.12,457548,0.0
2018-04-05,403.52,406.8,394,396.54,333825,0.0
2018-04-08,400.89,413.45,400.04,405.65,248566,0.0
2018-04-09,411.61,421.31,410.0092,418.87,458943,0.0
2018-04-10,414.83,416.93,410.77,412.11,255968,0.0
2018-04-11,414.07,418.42,412.86,414.93,348594,0.0
2018-04-12,418,420.66,411.81,414.62,238887,0.0
2018-04-15,419.7,422.92,417.68,418.36,344574,0.0
2018-04-16,423.42,436.7,420.01,435.45,769666,0.0
2018-04-17,453.75,473.79,448.9115,471,2505209,0.0
2018-04-18,467.01,468,458.18,462.72,1165212,0.0
2018-04-19,459.86,460.19,453.6,456.35,903539,0.0
2018-04-22,457,459,446.01,447.9,593659,0.0
2018-04-23,448.84,451.46,430,436.47,731869,0.0
2018-04-24,436,439.8,429.035,438.01,486544,0.0
2018-04-25,439.66,448.53,437.11,446.17,435162,0.0
2018-04-26,449.84,451.42,442.9623,447.17,289673,0.0
2018-04-29,448.61,450.67,440.69,440.74,374871,0.0
2018-04-30,440.01,448.06,440.01,447.55,367588,0.0
2018-05-01,447.23,453.43,445.25,449.01,454808,0.0
2018-05-02,446,450.85,438.07,448.23,356096,0.0
2018-05-03,447.05,461.32,443.02,460.44,458981,0.0
2018-05-06,461,468.38,460.59,465.41,470571,0.0
2018-05-07,463,464.8,459.525,462.6,354043,0.0
2018-05-08,463.79,465.865,459.2,462.18,419056,0.0
2018-05-09,464.01,468.64,462.67,468.4,285792,0.0
2018-05-10,468.09,472.78,464.245,468.48,274581,0.0
2018-05-13,469.56,471.75,463.933,466.26,363471,0.0
2018-05-14,461.6,463.92,453.08,456.78,495402,0.0
2018-05-15,457.99,465.48,454.68,461.11,321711,0.0
2018-05-16,461.03,462.77,455.765,457.93,317810,0.0
2018-05-17,458.78,459.56,453.78,458.75,312117,0.0
2018-05-20,462.1,467.4,459.66,463.34,341887,0.0
2018-05-21,464,464.85,453.79,454.6,377478,0.0
2018-05-22,450,459.22,450,458.71,316433,0.0
2018-05-23,458.31,461.25,454.25,457.9,223792,0.0
2018-05-24,459.36,461.06,452.75,456.57,265641,0.0
2018-05-28,453.29,455.1,449.5,454.53,445231,0.0
2018-05-29,456.2,465.56,455.18,459.6,555066,0.0
2018-05-30,460,466.445,458.56,459.43,491763,0.0
2018-05-31,461.81,480,459.43,479.1,768297,0.0
2018-06-03,480,484.12,472.58,477.87,644625,0.0
2018-06-04,478,493.41,476.19,492.38,1001356,0.0
2018-06-05,493,494.07,484.375,493.38,531528,0.0
2018-06-06,493,493,476.2312,485.35,524713,0.0
2018-06-07,485,488.4004,480.4071,484.5,296037,0.0
2018-06-10,484.6,494.35,483.9,490.69,455300,0.0
2018-06-11,491.69,496.23,488.63,495,341501,0.0
2018-06-12,495,496.92,487.5,490.47,342530,0.0
2018-06-13,492.37,496.61,492.37,495.55,347160,0.0
2018-06-14,494.49,496,489.6355,490.5,453595,0.0
2018-06-17,488.72,491.99,485.35,490.65,367964,0.0
2018-06-18,486.87,488.81,483.16,488.46,340805,0.0
2018-06-19,491,493.999,486.4904,487.33,206981,0.0
2018-06-20,488.75,491.64,483,487.08,294949,0.0
2018-06-21,488.72,489.59,482.16,483.06,206242,0.0
2018-06-24,480.35,482.66,467.98,473.47,476376,0.0
2018-06-25,473.57,485.865,473.57,482.81,342294,0.0
2018-06-26,488,490.98,476.11,476.35,325216,0.0
2018-06-27,476.4,485.35,472.17,483.69,285520,0.0
2018-06-28,484.01,485.53,478.26,478.26,298603,0.0
2018-07-01,476.48,488.56,471.8,488.19,329717,0.0
2018-07-02,490.34,490.34,481.99,485.88,227105,0.0
2018-07-04,489.22,491.74,483.94,487.24,465826,0.0
2018-07-05,488.98,498.06,486.35,495.69,319012,0.0
2018-07-08,498.73,501.65,492.44,499.51,461237,0.0
2018-07-09,500,502.87,495.37,502.13,538187,0.0
2018-07-10,501.49,506.92,500.29,504.23,571813,0.0
2018-07-11,506.8,525.12,506.78,525,1014250,0.0
2018-07-12,523.52,532.3,522.395,524.28,646778,0.0
2018-07-15,524.33,524.33,512.42,518.08,461433,0.0
2018-07-16,516.47,524.855,515,523.89,517166,0.0
2018-07-17,525,528.44,518.84,527.62,383851,0.0
2018-07-18,524.98,527.87,520.3,521.67,584957,0.0
2018-07-19,536.15,538.98,516.35,516.71,1681860,0.0
2018-07-22,516.78,520.53,513.3,519.76,670486,0.0
2018-07-23,521.65,527.64,517.71,523.22,624397,0.0
2018-07-24,524.8,539.3,524.8,537.81,559994,0.0
2018-07-25,537,537.05,518,526.96,467744,0.0
2018-07-26,530,530.04,511.47,519.13,437258,0.0
2018-07-29,518.27,518.71,498.655,503.06,635711,0.0
2018-07-30,504.7,512,501.6,508.26,356473,0.0
2018-07-31,510.43,518.28,509.92,516.29,432089,0.0
2018-08-01,511.1,525,510,521.81,281565,0.0
2018-08-02,523.85,524.175,515.71,522.6,303658,0.0
2018-08-05,522.4,523.83,517.73,520.78,237739,0.0
2018-08-06,519.98,523,515.18,517.93,275092,0.0
2018-08-07,518.8,521.7137,516.62,519.19,197607,0.0
2018-08-08,520.57,528.75,520.57,522.69,207095,0.0
2018-08-09,521.16,527.86,518.96,521.13,200766,0.0
2018-08-12,522.61,529.75,520.22,520.35,217142,0.0
2018-08-13,522.24,530.31,522.24,528.96,255627,0.0
2018-08-14,525,529.67,518.15,522.82,253186,0.0
2018-08-15,526.22,528.06,520.76,523.91,185281,0.0
2018-08-16,523,527.33,516.17,524.92,334821,0.0
2018-08-19,527.04,528.52,518.82,525.37,216915,0.0
2018-08-20,526,534.83,526,529.05,238790,0.0
2018-08-21,529,535.48,527.58,535,188984,0.0
2018-08-22,535.5,541.8795,534.45,537.21,200956,0.0
2018-08-23,539,542.13,538.13,541.45,194313,0.0
2018-08-26,543.66,545.6,541,545.18,220749,0.0
2018-08-27,546.25,550.21,540.76,545.08,197318,0.0
2018-08-28,546.6,555.3,546.01,554.01,213703,0.0
2018-08-29,551.91,558.46,549.01,554.99,372290,0.0
2018-08-30,554.85,560.39,553.5,560,268075,0.0
2018-09-03,559,560.49,552.35,556.03,292107,0.0
2018-09-04,556.78,557.11,533.96,536.72,482978,0.0
2018-09-05,538.64,548.24,534.29,541.62,293690,0.0
2018-09-06,541.42,545.3,536.9,538,251440,0.0
2018-09-09,540.32,545.245,539,541.88,188146,0.0
2018-09-10,541.95,550.69,541.39,546.4,185822,0.0
2018-09-11,549.43,550.77,540.9,549.48,161353,0.0
2018-09-12,553.36,558.97,548.73,558.82,235895,0.0
2018-09-13,560,572.96,559.7,568.42,562480,0.0
2018-09-16,566.95,566.95,555.32,558.74,364850,0.0
2018-09-17,558.6,567.5,558.5126,564.83,304747,0.0
2018-09-18,561.65,562.56,552.63,556.47,308997,0.0
2018-09-19,559.64,561.97,556.83,561.18,229503,0.0
2018-09-20,561.29,564.87,556.47,556.77,475518,0.0
2018-09-23,556.36,569.69,553.077,569.27,261986,0.0
2018-09-24,569.27,575.41,566.27,574.04,267573,0.0
2018-09-25,574,575.28,565.47,569.67,306738,0.0
2018-09-26,570,572.215,568,569.69,348902,0.0
2018-09-27,570,574.44,569.1899,573.99,315644,0.0
2018-09-30,575.15,581.12,571.97,574.73,440961,0.0
2018-10-01,574.4,575.65,565.275,571.5,449889,0.0
2018-10-02,572.87,574.15,561.06,561.35,313350,0.0
2018-10-03,561.47,562.21,551,554.19,448211,0.0
2018-10-04,554.03,559.68,540.325,548.69,442967,0.0
2018-10-07,546.43,548,513.16,526.38,794034,0.0
2018-10-08,527.68,537.99,523.71,531.53,556895,0.0
2018-10-09,534.99,537.5,511.28,512.32,665013,0.0
2018-10-10,509.5,520.2561,500,508.22,844372,0.0
2018-10-11,522.01,537.44,521.2,531.92,585371,0.0
2018-10-14,529.07,529.07,517.44,519.29,407626,0.0
2018-10-15,525.51,544.38,525.51,542.78,361484,0.0
2018-10-16,544.03,548.105,538.399,542.91,510596,0.0
2018-10-17,544.38,545.87,520.01,522.93,840467,0.0
2018-10-18,538.86,539.98,502.38,504.5,1381572,0.0
2018-10-21,504.65,513.58,502.213,511.21,475984,0.0
2018-10-22,499,509.05,485.45,507.2,838040,0.0
2018-10-23,505.75,509.7127,482.16,483.06,540891,0.0
2018-10-24,489.29,498.3,482.76,492.92,619483,0.0
2018-10-25,482,494.05,475.44,486.79,675888,0.0
2018-10-28,495.38,498,467.07,478.05,482920,0.0
2018-10-29,477.04,491.71,472.4683,490.82,708495,0.0
2018-10-30,513.86,526.33,508,521.18,1046033,0.0
2018-10-31,522.83,523.5,504.655,518.48,587891,0.0
2018-11-01,519.69,529,510.59,516.32,331655,0.0
2018-11-04,516.82,519.99,502.88,507.39,565517,0.0
2018-11-05,506.65,520.49,506.01,519.69,693656,0.0
2018-11-06,523.37,546.06,523.296,545.67,1018838,0.0
2018-11-07,542.35,544.99,536.31,540.09,295271,0.0
2018-11-08,534.67,535.6399,525,532.44,379256,0.0
2018-11-11,531.3,532.98,503.51,503.99,478521,0.0
2018-11-12,506.5,517,500.04,503.46,315260,0.0
2018-11-13,508,510.02,493.28,498.74,539629,0.0
2018-11-14,497.1,514.4,485.48,513.64,693134,0.0
2018-11-15,508.04,524.05,507.11,518.43,673568,0.0
2018-11-18,517.48,519.46,480.02,482.55,1029600,0.0
2018-11-19,470,492.87,462.01,485.16,960144,0.0
2018-11-20,492.25,498.86,485.51,491.81,542778,0.0
2018-11-22,488.21,493.4,487.64,489.55,188255,0.0
2018-11-25,495.94,503.85,489,503.22,491728,0.0
2018-11-26,498.26,500.08,493.05,497.08,472162,0.0
2018-11-27,499.4,522.265,499.035,522.21,813107,0.0
2018-11-28,515.89,521.91,510.8882,521.02,487915,0.0
2018-11-29,520.97,534,517.39,530.42,688906,0.0
2018-12-02,541.86,548.98,535.88,548.9,912983,0.0
2018-12-03,542.19,547.3505,516.43,518.82,826319,0.0
2018-12-05,505.35,519.1,496.785,518.95,854461,0.0
2018-12-06,513.66,515.83,488.13,491.34,794068,0.0
2018-12-09,491.19,500.82,482.25,498.11,668610,0.0
2018-12-10,506.55,512.54,498.73,507.86,609037,0.0
2018-12-11,515.98,526.15,514.16,515.65,536142,0.0
2018-12-12,522.37,525.4,508.055,512.15,548110,0.0
2018-12-13,505.61,507.93,491.3825,491.8,670839,0.0
2018-12-16,490.49,492.04,474.62,481.74,836971,0.0
2018-12-17,486.32,488.04,477.2477,482.35,597720,0.0
2018-12-18,483.34,493.39,465.84,471.64,634274,0.0
2018-12-19,468,472.65,452.08,459.94,1075213,0.0
2018-12-20,460.87,465,445.38,445.65,1499614,0.0
2018-12-23,441.51,443.565,430.24,434.93,636206,0.0
2018-12-25,435.84,462.37,435,462.37,755342,0.0
2018-12-26,454.66,468.95,449.1744,468.84,598107,0.0
2018-12-27,472.12,479.07,465.54,471.33,580269,0.0
2018-12-30,477.14,483.26,473.36,475.69,445156,0.0
2019-01-01,469.5,473.23,461.77,465.36,670061,0.0
2019-01-02,459.84,463.5,446.46,450.95,745146,0.0
2019-01-03,458.08,477.59,456.73,472.06,686460,0.0
2019-01-06,472,484.89,471.67,478.935,596410,0.0
2019-01-07,483.7,485.59,471.05,482.83,601427,0.0
2019-01-08,501,519.49,493.97,517.435,1274036,0.0
2019-01-09,512.12,519.72,510.19,517.67,787390,0.0
2019-01-10,515,516.59,501.3202,505.08,824960,0.0
2019-01-13,501,504.69,499.04,502.565,424999,0.0
2019-01-14,503.12,516.44,503.12,515.13,508521,0.0
2019-01-15,518.45,525.83,515.88,515.88,480447,0.0
2019-01-16,512.91,535.13,511.23,534.02,772430,0.0
2019-01-17,539.5,543.75,527.7,542.11,982003,0.0
2019-01-21,537.06,539.65,531.25,534.9825,609018,0.0
2019-01-22,536.24,538.5444,521.41,529.45,669046,0.0
2019-01-23,534,536.5,528.6619,536.1275,562686,0.0
2019-01-24,516,525.9,508.83,514.89,1807274,0.0
2019-01-27,509.1,511.0994,495.04,496.24,853195,0.0
2019-01-28,497.01,502.24,486.64,494.11,776102,0.0
2019-01-29,497.28,509.3,491.8895,508.24,638791,0.0
2019-01-30,510.16,525.96,507.24,524.215,833173,0.0
2019-01-31,522.85,528,518,524.82,635310,0.0
2019-02-03,522.57,523.24,517.42,522.47,332883,0.0
2019-02-04,521.89,527.822,518.04,523.5,412910,0.0
2019-02-05,521.36,523.87,513.3,522.09,394863,0.0
2019-02-06,516.73,520,507.41,508.85,527629,0.0
2019-02-07,504.65,517.48,501.9921,516.26,402286,0.0
2019-02-10,521.69,530.93,520,529.11,797609,0.0
2019-02-11,532.05,544.5,531.05,539.61,583972,0.0
2019-02-12,529.99,539.71,526.36,534.01,563845,0.0
2019-02-13,530.84,538.21,525.16,536.57,387548,0.0
2019-02-14,540.93,548.61,538.66,548.1,593132,0.0
2019-02-18,543.07,549.4899,541.34,547.87,537676,0.0
2019-02-19,547.67,550,544.52,549.65,477605,0.0
2019-02-20,547.7,552.36,542.23,549.99,468953,0.0
2019-02-21,551.62,557.77,550.1,551.7,479562,0.0
2019-02-24,555,558.9518,552.63,553.51,381610,0.0
2019-02-25,551.23,552.11,543.93,548.35,413348,0.0
2019-02-26,545.81,551.56,541.51,549.42,381733,0.0
2019-02-27,547.35,554.83,546.455,547.61,609156,0.0
2019-02-28,551.79,564.31,549.5,558.55,658479,0.0
2019-03-03,559.01,562,541.41,550.03,425580,0.0
2019-03-04,550.12,551.33,545.83,546.51,303270,0.0
2019-03-05,547,548.82,534.53,536.51,435068,0.0
2019-03-06,536.37,536.37,523.68,533.04,559483,0.0
2019-03-07,526.1,534.53,525,533.78,429091,0.0
2019-03-10,536.69,545.03,535.02,542.94,409935,0.0
2019-03-11,545.7,552.2,542.4,550.5,419493,0.0
2019-03-12,551.15,560.6976,551,557.31,404667,0.0
2019-03-13,557,559.42,549.47,558.63,466251,0.0
2019-03-14,557.6492,560.99,555.04,558.48,550404,0.0
2019-03-17,558.47,559.87,553.085,559.5,493177,0.0
2019-03-18,560,565.42,555.41,562.83,422494,0.0
2019-03-19,563,571.72,560.99,569.37,502883,0.0
2019-03-20,566.7,579.23,566.7,577.89,421971,0.0
2019-03-21,573.66,574.275,560.75,560.93,474841,0.0
2019-03-24,561,565.12,557.6032,563.05,348714,0.0
2019-03-25,568.46,573.23,565.22,567.85,347423,0.0
2019-03-26,565.57,567.63,552.01,558.52,426345,0.0
2019-03-27,558.58,563.9849,554.79,562.97,278698,0.0
2019-03-28,565.7,571.99,561.645,570.58,333084,0.0
2019-03-31,575,579.15,572.81,575.32,280677,0.0
2019-04-01,579,579.79,575.11,576.11,395576,0.0
2019-04-02,578.97,580.25,574.04,576.26,364852,0.0
2019-04-03,577.16,577.16,559.8,570.35,580955,0.0
2019-04-04,574.52,577.94,572.69,575.95,373215,0.0
2019-04-07,574.46,578.865,567.5965,578.29,378036,0.0
2019-04-08,577.37,581.55,576.0401,579.2,372927,0.0
2019-04-09,579.59,586.85,575.01,586.12,399465,0.0
2019-04-10,585.89,586.56,577.43,584.63,342853,0.0
2019-04-11,587.98,589.32,580.75,582.65,326976,0.0
2019-04-14,585.44,586.33,575.06,576.57,443348,0.0
2019-04-15,582.09,582.49,557.79,561.8,793542,0.0
2019-04-16,565,565.75,521.67,525,1490510,0.0
2019-04-17,530,537.805,523.54,528.11,1980001,0.0
2019-04-21,500.22,505.87,486.66,490.89,3530214,0.0
2019-04-22,495.98,503.3,487.4185,500.68,1765080,0.0
2019-04-23,505,511.67,501,508.2,1310717,0.0
2019-04-24,513.13,521.8,508.81,517.81,1240310,0.0
2019-04-25,521.49,524.3869,512.01,519.32,593438,0.0
2019-04-28,520,522,509.92,510.35,668061,0.0
2019-04-29,511.77,513.61,508.49,510.59,587993,0.0
2019-04-30,511.61,512.82,496.53,497,844681,0.0
2019-05-01,496.46,506.11,496,502.36,611667,0.0
2019-05-02,506.47,509.3,504.33,507.94,374375,0.0
2019-05-05,497.14,508.89,496.69,508.49,575982,0.0
2019-05-06,502.69,505,489.215,491.4,1009143,0.0
2019-05-07,491.31,500,483.0477,495.7,679354,0.0
2019-05-08,491.07,497.14,485,496.45,610037,0.0
2019-05-09,493.49,498.2,482.58,495.47,597228,0.0
2019-05-12,482.51,485.91,476.6,478.75,845738,0.0
2019-05-13,481.81,492.69,481.81,487.34,503831,0.0
2019-05-14,485.4,491.79,483.66,489.21,377006,0.0
2019-05-15,489.9,499.79,489.5,491.51,482665,0.0
2019-05-16,489.12,496.8433,485.03,490.17,408231,0.0
2019-05-19,486.65,488.4,480.13,483,541418,0.0
2019-05-20,487.63,492.995,482.865,483.44,511759,0.0
2019-05-21,481,489.8,480.59,485.25,403757,0.0
2019-05-22,482.51,483,467.64,473.82,1000315,0.0
2019-05-23,475.39,478.9,471.63,476.71,627582,0.0
2019-05-27,475.35,483.69,470.97,471.14,572444,0.0
2019-05-28,469.3,474.63,467.34,471.79,594079,0.0
2019-05-29,472.7,480.75,471.95,477.22,428359,0.0
2019-05-30,468.56,471.485,462.94,464.71,746571,0.0
2019-06-02,462.84,468,455.15,458.27,1029745,0.0
2019-06-03,463.8,474.78,462.48,474.44,662915,0.0
2019-06-04,479.37,485.765,477.54,485.03,930889,0.0
2019-06-05,485.06,488.81,480.46,484.92,480091,0.0
2019-06-06,486.46,499.875,485.36,499.05,741424,0.0
2019-06-09,500.6,516.07,500.6,509.54,1388071,0.0
2019-06-10,512.72,516.515,502.58,506.34,696349,0.0
2019-06-11,505.78,509.85,499.73,501.84,511832,0.0
2019-06-12,503.89,507.76,500.895,505.59,668123,0.0
2019-06-13,502.48,505,491,497,1147361,0.0
2019-06-16,498.5,507.34,498,507.16,552376,0.0
2019-06-17,510,518.93,507.56,517.28,716770,0.0
2019-06-18,516.23,522.6,512.8,522.18,428987,0.0
2019-06-19,525,533.82,524.01,533.05,725412,0.0
2019-06-20,530.11,530.22,521.52,527.01,703852,0.0
2019-06-23,528,530.87,525.185,525.38,467052,0.0
2019-06-24,526,527.07,519.165,520.54,397624,0.0
2019-06-25,523.54,523.54,510.79,512.92,361485,0.0
2019-06-26,517.13,520,509.53,517.76,330446,0.0
2019-06-27,514.18,524.99,513,524.25,342728,0.0
2019-06-30,532,535,525.97,529.31,344790,0.0
2019-07-01,529.02,531.51,523.21,529.6,530080,0.0
2019-07-02,531.5,540.455,528.52,536.38,393571,0.0
2019-07-04,532.02,539,526.83,537.39,361113,0.0
2019-07-07,534.63,535,529.22,533.09,391619,0.0
2019-07-08,529.01,532.64,526.31,528.27,537004,0.0
2019-07-09,530,537.57,529.07,532.53,698454,0.0
2019-07-10,534.09,537.82,532.64,535.78,358240,0.0
2019-07-11,531.21,531.21,520.97,526.25,639105,0.0
2019-07-14,529.03,534.23,526.6,527.75,375556,0.0
2019-07-15,527.12,530.35,514.26,515.59,844732,0.0
2019-07-16,516.52,526.83,516.52,523.485,624762,0.0
2019-07-17,522.5,537.22,521.39,536.3,714098,0.0
2019-07-18,533.25,544.85,525.37,528.81,1318607,0.0
2019-07-21,534,538.91,528.11,535.36,578848,0.0
2019-07-22,532.14,540,529.1194,537.79,620797,0.0
2019-07-23,535.73,543.81,532.91,543.04,509055,0.0
2019-07-24,538.29,540,530.09,531.61,458136,0.0
2019-07-25,533.42,534,523.96,527.45,407476,0.0
2019-07-28,528.59,530.59,523,529.6,313784,0.0
2019-07-29,526.19,535.09,525.55,531.71,339374,0.0
2019-07-30,531.02,531.17,515.01,519.08,491966,0.0
2019-07-31,520.49,532.9,516.65,524.22,520699,0.0
2019-08-01,520.29,521.52,509.4157,513.68,534214,0.0
2019-08-04,501.25,502.99,486.86,491.25,720961,0.0
2019-08-05,494.37,504.48,492.76,503.43,513944,0.0
2019-08-06,499.23,507.335,493.39,505.36,388622,0.0
2019-08-07,509.6,519.64,507.41,519.59,360238,0.0
2019-08-08,516.09,518.64,508.04,515.73,306215,0.0
2019-08-11,513,516.76,508.01,509.88,270896,0.0
2019-08-12,507.91,520.97,503,517.88,381328,0.0
2019-08-13,510.5,513.2413,500,500.42,521163,0.0
2019-08-14,503.34,507.5,495.085,499.84,438614,0.0
2019-08-15,504.95,505,493.41,495.16,867264,0.0
2019-08-18,503.5,503.5,488.685,495.42,859865,0.0
2019-08-19,497.64,500,492.385,497.79,617239,0.0
2019-08-20,501.5,504.82,500,501,360142,0.0
2019-08-21,502,503.814,495.6,500.19,270908,0.0
2019-08-22,498.98,501.98,482,484.45,526763,0.0
2019-08-25,489.86,491.23,482.5953,491.23,328514,0.0
2019-08-26,493.44,499.89,492.24,494.81,394124,0.0
2019-08-27,492,502.91,492,501.25,510230,0.0
2019-08-28,505.68,510.5,502.95,507.87,381147,0.0
2019-08-29,510.39,513.65,508.05,511.33,468382,0.0
2019-09-02,505.23,509.81,490.09,493.94,803362,0.0
2019-09-03,497.34,499.049,489.3402,496.42,401802,0.0
2019-09-04,501.68,513,498.98,508.29,561007,0.0
2019-09-05,509.45,510.14,502,505.38,552482,0.0
2019-09-08,508.29,508.29,495.93,496.83,436483,0.0
2019-09-09,495,502.8,488,502.44,692267,0.0
2019-09-10,504.53,525.01,502.3,522.71,882139,0.0
2019-09-11,523.62,527.65,521.2624,523.11,546747,0.0
2019-09-12,523.64,526.97,519.34,523.22,317958,0.0
2019-09-15,518.78,524.37,514.04,523.85,344727,0.0
2019-09-16,525,532.48,521.24,530.22,542282,0.0
2019-09-17,528.31,531.18,523.53,531.03,471815,0.0
2019-09-18,529.36,538,528.33,529.06,364546,0.0
2019-09-19,527.04,536.88,525.99,530.88,668126,0.0
2019-09-22,529.46,534.35,526.42,527.97,331734,0.0
2019-09-23,532,546.25,528.08,541.44,1124701,0.0
2019-09-24,540.02,545.42,532.7,545,647594,0.0
2019-09-25,545,547.43,536.54,543.32,472590,0.0
2019-09-26,547.07,549,531.37,533.596,386807,0.0
2019-09-29,535.93,544.06,535.3262,539.97,325065,0.0
2019-09-30,539.94,542.94,528.2,528.25,364816,0.0
2019-10-01,528,528.27,506.295,511.91,848909,0.0
2019-10-02,512.28,519.23,502.01,519.07,458444,0.0
2019-10-03,522.34,529.54,520.97,529,750014,0.0
2019-10-06,528.44,530.6099,525.63,526.59,436573,0.0
2019-10-07,522.25,524.2048,508.54,509,877290,0.0
2019-10-08,514.76,516.77,511.104,513.98,636560,0.0
2019-10-09,511.42,516.6695,508.73,511.41,653348,0.0
2019-10-10,518,527.88,517.11,517.54,990485,0.0
2019-10-13,518.64,523.8,518.06,518.89,495093,0.0
2019-10-14,521.89,530.34,521.49,528.03,671753,0.0
2019-10-15,526.92,533.7,525,530.5,653428,0.0
2019-10-16,533.93,536.99,528.4561,529.42,1076933,0.0
2019-10-17,546.12,569.98,545.5626,566.82,4426848,0.0
2019-10-20,565.16,565.58,559.0317,562.54,684240,0.0
2019-10-21,557.15,559.43,534.91,535.68,906679,0.0
2019-10-22,535.18,544.4399,535.18,539.79,485722,0.0
2019-10-23,543,549.84,536.16,547.94,487475,0.0
2019-10-24,544.91,553.51,540.59,549.27,342130,0.0
2019-10-27,548.22,561.29,546.01,558.64,469363,0.0
2019-10-28,554.94,564.7099,552.682,556.17,355603,0.0
2019-10-29,555.55,558,550,556.1,395161,0.0
2019-10-30,553.71,559,547.675,553.08,286582,0.0
2019-10-31,557.46,562.85,552.005,559.37,470283,0.0
2019-11-03,562.51,563.82,558.45,560.645,342518,0.0
2019-11-04,560.43,568.79,559.5,563.36,655491,0.0
2019-11-05,563.11,567.99,553.77,554.15,363400,0.0
2019-11-06,558.21,558.93,548.03,551.85,384930,0.0
2019-11-07,550,555.36,547.3,548.95,292920,0.0
2019-11-10,545.1,547.84,540.175,544.8,393490,0.0
2019-11-11,545,553.66,545,549.01,319072,0.0
2019-11-12,542.4,551.21,541.84,550.25,415093,0.0
2019-11-13,550.37,560.63,549.15,554.57,541824,0.0
2019-11-14,559.3,569.55,557,569.55,777286,0.0
2019-11-17,569,578,567.55,569.19,718883,0.0
2019-11-18,571.17,580.16,567.52,577.8,486995,0.0
2019-11-19,576.67,582.99,568.2068,572.54,420621,0.0
2019-11-20,568,571.99,563.05,571.81,398009,0.0
2019-11-21,571.7,572.06,562.425,569.5,360792,0.0
2019-11-24,572.18,581.59,570.73,581.51,547543,0.0
2019-11-25,577.79,586.5,576,586.1,649846,0.0
2019-11-26,586.01,593.7099,586.01,591.25,583389,0.0
2019-11-28,590,594.165,588.01,592.9,238261,0.0
2019-12-01,592,592.9,583.5,587.03,449039,0.0
2019-12-02,578.79,581.75,575.88,579.22,473161,0.0
2019-12-03,580.24,584.835,578.22,582.33,285651,0.0
2019-12-04,582.72,585.572,579.525,580.8,401044,0.0
2019-12-05,584.63,588.65,582.46,585.56,458358,0.0
2019-12-08,583.74,586.35,572.57,572.83,594128,0.0
2019-12-09,574.56,577.92,572.91,575.38,308612,0.0
2019-12-10,578.02,578.35,572.96,574.61,264849,0.0
2019-12-11,575.5,584.6201,572.87,580.83,324834,0.0
2019-12-12,580.9,584.3394,577.5825,579.64,301635,0.0
2019-12-15,585,591.324,582.02,590,510385,0.0
2019-12-16,590.7,596,587.1,593.3,551814,0.0
2019-12-17,592.26,596.045,590.92,591.72,351246,0.0
2019-12-18,594.62,594.62,586.21,588.5,434607,0.0
2019-12-19,591.45,593.3,587.46,591.31,710933,0.0
2019-12-22,592,599,588.31,597.44,275552,0.0
2019-12-23,596,599.32,593.31,599.1,159045,0.0
2019-12-25,598.9,599.04,593,598.04,258402,0.0
2019-12-26,598.98,601.5984,595.67,597.82,293013,0.0
2019-12-29,598,600.99,590.01,591.18,296014,0.0
2019-12-30,591.29,593.97,588.24,591.12,333730,0.0
2020-01-01,595.7,597.83,590.785,597.26,444031,0.0
2020-01-02,588.18,594.58,582.16,593.47,329580,0.0
2020-01-05,590,597.62,587.95,595.54,428666,0.0
2020-01-06,589.95,589.95,573.74,582.64,1076329,0.0
2020-01-07,581.54,585.37,576.59,581.86,804161,0.0
2020-01-08,587.51,589.75,582.08,585.79,784486,0.0
2020-01-09,605.5,616.56,597.89,598.71,1224083,0.0
2020-01-12,600.49,606.92,598.8461,603.12,548967,0.0
2020-01-13,602.72,604.301,597.595,602.69,349330,0.0
2020-01-14,602.69,605.49,596,597.135,369584,0.0
2020-01-15,601.59,603.8,593.06,598.29,381320,0.0
2020-01-16,600.55,600.83,594,600.03,469357,0.0
2020-01-20,598.29,602.5,597.3557,601.4,698402,0.0
2020-01-21,605,614.4949,602.51,610.22,1131438,0.0
2020-01-22,611.85,615,606.595,614.24,1354871,0.0
2020-01-23,604.8,605,583.83,589.2,3649648,0.0
2020-01-26,572.07,572.99,559.26,567.63,1283791,0.0
2020-01-27,570.33,573.44,567.5,569.73,683920,0.0
2020-01-28,575,577.71,568,571.07,457691,0.0
2020-01-29,569,574.74,558.18,570.86,681214,0.0
2020-01-30,567.85,570.21,555.025,559.75,657452,0.0
2020-02-02,562.3,566.24,558.59,565.62,798271,0.0
2020-02-03,576.17,584.99,572.66,574.15,512890,0.0
2020-02-04,581.36,581.5,572.78,576.76,446157,0.0
2020-02-05,578,583.63,575.32,581.79,309116,0.0
2020-02-06,581.34,583.01,578.3432,579.48,404011,0.0
2020-02-09,578.87,585.1,576.6931,585.1,328062,0.0
2020-02-10,588.65,590.6,585.76,587.95,372586,0.0
2020-02-11,591.57,594.97,588.38,592.81,397810,0.0
2020-02-12,599,600.9,592.51,600.39,592912,0.0
2020-02-13,601,604.34,594.415,603.39,472208,0.0
2020-02-17,601.33,605,599.71,604.72,499216,0.0
2020-02-18,596.14,618.57,596.13,614.805,658635,0.0
2020-02-19,610.99,619,607.72,617.79,586390,0.0
2020-02-20,612.36,614.93,606.695,613.35,659832,0.0
2020-02-23,590.45,596.43,578.53,580.17,720140,0.0
2020-02-24,583.94,585.25,555.88,558.5,762895,0.0
2020-02-25,565,573.81,558.82,559.53,632086,0.0
2020-02-26,550.39,560.49,544.18,544.19,914879,0.0
2020-02-27,527.91,536.85,518.5579,534.71,1676308,0.0
2020-03-01,535.95,559.58,532.22,558.47,787052,0.0
2020-03-02,556.72,575,543.795,558.26,840027,0.0
2020-03-03,568,583.72,562.995,582.9,603074,0.0
2020-03-04,571.79,576.7735,560.5295,568.37,807088,0.0
2020-03-05,550,559.48,538.08,555.26,842642,0.0
2020-03-08,515.14,527.9,501,509.89,1040432,0.0
2020-03-09,530,538.94,505.56,537.65,1669630,0.0
2020-03-10,520,522.56,502.76,509.54,1762708,0.0
2020-03-11,486.28,498.2,456.06,456.095,1547450,0.0
2020-03-12,478.03,482.36,432.57,470.98,1644987,0.0
2020-03-15,416.32,447.51,402.2401,404.07,3283592,0.0
2020-03-16,412.99,429.04,370,425.92,1799699,0.0
2020-03-17,399.5,408.36,368.06,407.75,1892199,0.0
2020-03-18,401.26,433.89,372,408.2,2925576,0.0
2020-03-19,416.84,434.41,391.29,394.19,2754740,0.0
2020-03-22,382,390.79,360.5,369.34,3012400,0.0
2020-03-23,398.19,433.635,397.09,432.76,1745956,0.0
2020-03-24,433.3,483.98,430,459.83,1560081,0.0
2020-03-25,462.63,504.6,462.63,501.63,1468746,0.0
2020-03-26,478.75,506.4,476.681,490.4,1452850,0.0
2020-03-29,490,506.88,484.3,504.22,831204,0.0
2020-03-30,498.83,509.4,492.29,496,1879880,0.0
2020-03-31,460.26,475,450.27,458.39,2745452,0.0
2020-04-01,450,473.965,449.64,467.72,813347,0.0
2020-04-02,464.32,470.64,450,462.5,1346043,0.0
2020-04-05,489.49,503.4,477.03,499.63,2270544,0.0
2020-04-06,520,524.34,485.885,489.99,1375298,0.0
2020-04-07,495,514.67,486.03,509.81,955719,0.0
2020-04-08,511.79,515.2,490.75,503.79,1261631,0.0
2020-04-12,496.24,500.05,488.17,494.52,1384750,0.0
2020-04-13,501.27,514.44,498.93,507.81,1918226,0.0
2020-04-14,495.61,513.285,491.06,511.2,2152785,0.0
2020-04-15,514.88,515.94,495.55,509.19,3193124,0.0
2020-04-16,520.1,528.1,496.11,526.55,3731583,0.0
2020-04-19,523.5,529.5,517.65,517.79,2156738,0.0
2020-04-20,506.18,511.2475,488,498,2379384,0.0
2020-04-21,503.76,513.99,499.31,512.7,1844897,0.0
2020-04-22,515.12,524,511.5782,512.44,2016639,0.0
2020-04-23,519.03,520.49,508.66,514.93,836450,0.0
2020-04-26,522.45,523.205,513,517.97,1020857,0.0
2020-04-27,515.87,519,500,503.46,540239,0.0
2020-04-28,512.69,526.17,506.04,519.26,600755,0.0
2020-04-29,517.5,518,508.44,510.76,727586,0.0
2020-04-30,503,506.97,492,498.96,549556,0.0
2020-05-03,497.4,504.37,495.55,501.99,399292,0.0
2020-05-04,509.75,519,504.57,512.86,438005,0.0
2020-05-05,515.31,523.02,507.87,511.84,358890,0.0
2020-05-06,522.05,536.54,517.64,536.04,1696669,0.0
2020-05-07,542.92,544.44,534.74,538.2,1642838,0.0
2020-05-10,532,540,529.5,539.12,673811,0.0
2020-05-11,535.99,540.7,522.84,522.94,848646,0.0
2020-05-12,522.24,527.17,502,508.31,1370420,0.0
2020-05-13,501.78,518.47,501.13,517.28,903544,0.0
2020-05-14,514.06,520.38,511.19,520.38,386837,0.0
2020-05-17,531.52,546.345,529.43,538.31,1006992,0.0
2020-05-18,540.37,542.96,530.6,530.6,674908,0.0
2020-05-19,540,555.46,537.48,552.3,574878,0.0
2020-05-20,550.45,554.4,543.81,546.36,392819,0.0
2020-05-21,546.96,563.13,543.9,562.92,996066,0.0
2020-05-25,575,582.48,560,561.28,718581,0.0
2020-05-26,566.5,567.22,549.345,564.43,1052936,0.0
2020-05-27,562.65,585.61,562.65,572.51,1445676,0.0
2020-05-28,574,581.59,567,580.59,507138,0.0
2020-05-31,574.8,580.72,570.6265,574.26,390487,0.0
2020-06-01,575.68,580.56,568.95,580.56,682746,0.0
2020-06-02,579.5,584.6,573.97,574.09,499188,0.0
2020-06-03,573.98,573.98,559.18,564.18,1433816,0.0
2020-06-04,567.86,601.205,567.5,592.67,894535,0.0
2020-06-07,590.6,593.72,584.4067,592.57,1031244,0.0
2020-06-08,585.06,592.75,582.78,584.73,814290,0.0
2020-06-09,574.37,590.03,571.284,585.42,466618,0.0
2020-06-10,573.97,576.69,547.13,548.01,731921,0.0
2020-06-11,563.03,569.34,555.17,555.425,276372,0.0
2020-06-14,546.5,571.98,544.87,571.28,1060140,0.0
2020-06-15,587.88,589.27,572.56,575.07,1110957,0.0
2020-06-16,580.34,585.63,577.12,578.42,297935,0.0
2020-06-17,578.2,585.76,576.99,585.51,303480,0.0
2020-06-18,591.71,595.335,579.67,587.58,1233018,0.0
2020-06-21,588.26,590.28,582.49,588.91,450614,0.0
2020-06-22,591,596.3,587,588.36,350348,0.0
2020-06-23,582.63,583.01,552.43,554.97,868991,0.0
2020-06-24,556.7,557.29,543.03,554.77,603721,0.0
2020-06-25,556.57,557.8715,544.865,550.35,411218,0.0
2020-06-28,553.51,554.99,544.16,553.66,336107,0.0
2020-06-29,554.65,573.38,551.98,569.58,545531,0.0
2020-06-30,572,576.95,567.09,575.54,389557,0.0
2020-07-01,582.29,583.4422,576.83,580.86,413744,0.0
2020-07-05,588.88,591.37,581.1,584.86,295778,0.0
2020-07-06,579.7,586.93,575.14,576.08,303942,0.0
2020-07-07,578.96,583.07,575.61,580.84,289904,0.0
2020-07-08,579.22,583.22,568,574.47,357391,0.0
2020-07-09,574.7,577.11,567.51,576.225,244098,0.0
2020-07-12,579.16,588.785,570,571.29,431700,0.0
2020-07-13,569.64,586.48,566.21,585.13,473977,0.0
2020-07-14,591.25,609,590.58,607.92,729213,0.0
2020-07-15,604.7,612.77,596.3581,604.1,614978,0.0
2020-07-16,610,654.8,606.36,650.99,1327334,0.0
2020-07-19,645.44,671.63,631.57,667.54,984901,0.0
2020-07-20,667.2318,675.063,652.55,658.38,997787,0.0
2020-07-21,669.45,684.845,660.02,681,958517,0.0
2020-07-22,684.79,699.7199,675.7055,687.14,474165,0.0
2020-07-23,665.13,677.1,658.98,675.35,715597,0.0
2020-07-26,673.07,689.83,668.08,685.35,483766,0.0
2020-07-27,680,685,674.25,679.53,360926,0.0
2020-07-28,682.72,704,680.005,696.56,730579,0.0
2020-07-29,688.96,692.29,680.11,686.77,489791,0.0
2020-07-30,687.85,690.64,675.72,685.44,395577,0.0
2020-08-02,685.75,693.24,685.37,689.3,307900,0.0
2020-08-03,687.23,689.4099,681.5,683.35,307949,0.0
2020-08-04,687.65,697.565,685.32,692.24,311112,0.0
2020-08-05,690.2,692.53,676.09,691.19,261054,0.0
2020-08-06,691.02,694.1,680.02,685.86,301632,0.0
2020-08-09,683.87,685.3,675.99,682.7,211574,0.0
2020-08-10,685.99,685.99,671.6243,674.49,268040,0.0
2020-08-11,676.24,685.995,672.77,683.02,411152,0.0
2020-08-12,682.72,694,680.088,690.69,225115,0.0
2020-08-13,692.54,692.54,681.35,684.52,227919,0.0
2020-08-16,685.02,695.06,684.34,694.16,305196,0.0
2020-08-17,691.63,696.195,690.735,693.05,343852,0.0
2020-08-18,695,699,689.66,691.41,413501,0.0
2020-08-19,689.25,695.205,687.01,693.25,224213,0.0
2020-08-20,690.54,694.975,686.6825,693.88,421419,0.0
2020-08-23,699,701.96,689.29,696.19,454100,0.0
2020-08-24,695.78,700.85,694.183,699.4,402705,0.0
2020-08-25,700,701.48,692.79,699.6,435741,0.0
2020-08-26,700.83,718.11,692.115,708.91,795804,0.0
2020-08-27,713.34,729.95,708.69,727.25,560743,0.0
2020-08-30,723.17,734.45,721,730.52,467125,0.0
2020-08-31,732.45,742.44,727.31,741.95,450086,0.0
2020-09-01,742.01,778.83,738.33,764.43,996747,0.0
2020-09-02,752.86,756.98,724.13,741.61,984715,0.0
2020-09-03,743.11,749.8476,717.7529,735.13,749106,0.0
2020-09-07,710,717.87,692.025,694.19,909757,0.0
2020-09-08,703.36,726.7089,702.155,719.15,493649,0.0
2020-09-09,723.82,728.69,701.27,705.56,362303,0.0
2020-09-10,713.83,715.53,697.99,702.36,364215,0.0
2020-09-13,712.41,722.14,711.1405,716.33,291855,0.0
2020-09-14,724.25,726.1575,711.135,715.57,316883,0.0
2020-09-15,720.32,723.53,689.66,691.9,683563,0.0
2020-09-16,685.21,690.29,673.49,680.73,707857,0.0
2020-09-17,679,685.146,649.4216,654.61,1032363,0.0
2020-09-20,648.1,648.1,633.29,641.95,673026,0.0
2020-09-21,648.46,667.44,641.64,665.95,1151762,0.0
2020-09-22,675.63,676.2,655.18,657.61,513021,0.0
2020-09-23,652.14,663.68,647.54,657.53,355712,0.0
2020-09-24,654.66,677.92,653,673.73,417043,0.0
2020-09-27,685,695.56,680.03,693.7,501463,0.0
2020-09-28,698,715.89,690.55,692.93,446237,0.0
2020-09-29,696.14,717.89,690.55,708.74,375827,0.0
2020-09-30,713.11,718.4273,704.015,710.53,308034,0.0
2020-10-01,700.08,707.57,692.101,696.28,390813,0.0
2020-10-04,699.1,708.56,696.822,707.57,275126,0.0
2020-10-05,709.53,716.22,696.295,699.02,256303,0.0
2020-10-06,708.44,721.99,708.44,720.25,290415,0.0
2020-10-07,725,728.62,720.12,723.18,287641,0.0
2020-10-08,730.185,741.27,728,738.72,288370,0.0
2020-10-11,748.74,759.025,743.23,755.67,578492,0.0
2020-10-12,755.92,761.05,749.73,755.94,419662,0.0
2020-10-13,759.31,766.18,746.44,751.32,495676,0.0
2020-10-14,743.99,755.3953,740,741.18,731981,0.0
2020-10-15,722.99,760.8826,716.28,753.43,813207,0.0
2020-10-18,755.25,771.62,729.37,736.8,391977,0.0
2020-10-19,736.12,745.55,729.9,733.38,314541,0.0
2020-10-20,730.8,734.66,722.59,728.48,353046,0.0
2020-10-21,729.62,738.34,723.89,732.94,207923,0.0
2020-10-22,738.33,739.995,727.495,735.87,172879,0.0
2020-10-25,727.08,729.7654,700.68,711.76,343168,0.0
2020-10-26,713.52,728.05,711.37,720.98,231132,0.0
2020-10-27,704.32,705.14,687.8,687.8,416618,0.0
2020-10-28,690,694.47,683.3666,686.15,748399,0.0
2020-10-29,682.2,686,653,667.46,796445,0.0
2020-11-01,680.62,683,669.29,676.2,466235,0.0
2020-11-02,684,696.78,680.82,681.24,525646,0.0
2020-11-03,708.68,717.96,700.7073,709.76,747690,0.0
2020-11-04,730.24,734.79,718.665,728.62,382597,0.0
2020-11-05,729.41,737.395,720.25,733.23,291543,0.0
2020-11-08,755.78,792.54,755.78,773.45,926895,0.0
2020-11-09,771.04,771.71,742,749.94,515202,0.0
2020-11-10,755.07,759.8302,736.12,736.74,420659,0.0
2020-11-11,744.745,751.78,736.97,740.75,317248,0.0
2020-11-12,748.33,754.33,744.73,754.27,124459,0.0
2020-11-15,760,764.04,748.12,758.39,392910,0.0
2020-11-16,747.97,752.28,740.645,749.37,299516,0.0
2020-11-17,747.24,747.73,733,733,319124,0.0
2020-11-18,730.76,737.43,723.49,733.35,311129,0.0
2020-11-19,731.01,735.255,726.63,730.86,297461,0.0
2020-11-22,731.48,734.045,713.07,719.62,354477,0.0
2020-11-23,726.9,728.65,721.02,724.8,387319,0.0
2020-11-24,729.3,732.74,724.87,726.43,255506,0.0
2020-11-26,735.37,735.57,726,729.13,229649,0.0
2020-11-29,725.41,733.89,721,726.3725,492074,0.0
2020-11-30,733.3,736.52,721.85,733.83,428004,0.0
2020-12-01,731.01,754.2,731.01,751.85,495458,0.0
2020-12-02,751.99,764.25,748.87,759.02,471932,0.0
2020-12-03,753.47,781.895,753.47,780.34,483388,0.0
2020-12-06,778,780.53,762.32,764.39,340530,0.0
2020-12-07,762.86,767.58,755,765.35,327506,0.0
2020-12-08,767.61,767.61,750.1,754.37,318859,0.0
2020-12-09,755.6,766.8,748.08,758,305586,0.0
2020-12-10,754.15,761.9,745.88,760.26,397629,0.0
2020-12-13,764,780.63,762.05,764.06,442165,0.0
2020-12-14,757.01,771.56,755,768.52,327504,0.0
2020-12-15,765.75,769.96,762.055,766.59,221625,0.0
2020-12-16,771.38,781.245,767.25,779.37,338007,0.0
2020-12-17,786.79,790.8,775.0399,789.81,389952,0.0
2020-12-20,778.01,789.98,768.18,789.27,377070,0.0
2020-12-21,790.11,816.84,788.27,815.5,587319,0.0
2020-12-22,817.01,826.81,808.53,808.83,352335,0.0
2020-12-23,810.71,812.34,803.01,806.735,141886,0.0
2020-12-27,818.21,819.99,797.22,805.35,328970,0.0
2020-12-28,812.37,820.3,807.135,814.39,274075,0.0
2020-12-29,819.99,822.15,812.035,815.75,171027,0.0
2020-12-30,815.52,821.025,810.3074,818.1,248495,0.0
2021-01-03,825.84,825.84,788.88,800.12,487136,0.0
2021-01-04,793.89,811.39,789.39,804.89,340261,0.0
2021-01-05,795.28,800,786.86,792.71,544065,0.0
2021-01-06,798.87,810.405,790,808.21,312070,0.0
2021-01-07,804.22,825.3948,804.06,818.75,396668,0.0
2021-01-10,818.43,818.43,803.8401,813.74,315678,0.0
2021-01-11,811.34,813.03,788.3,788.31,516095,0.0
2021-01-12,787.37,824,786,812.34,707424,0.0
2021-01-13,814.29,815.77,795.05,797.32,419424,0.0
2021-01-14,800.06,802.06,777,778.29,654415,0.0
2021-01-18,785.09,792,775.4212,778.27,536777,0.0
2021-01-19,785.55,801.67,781.63,798.88,465335,0.0
2021-01-20,796.33,802,782.6,799.43,518486,0.0
2021-01-21,783.04,789.22,743.53,744.08,1691027,0.0
2021-01-24,747.41,754.64,735.64,752.24,999676,0.0
2021-01-25,754.48,772.63,753.015,769.81,924555,0.0
2021-01-26,760.4,769.39,746.9601,758.73,681635,0.0
2021-01-27,767.05,778.24,764.93,765.3,463196,0.0
2021-01-28,754.364,761.1699,741.5,746.62,489494,0.0
2021-01-31,752,760.87,740,745.9,551759,0.0
2021-02-01,753.66,768.49,753.66,759.05,437498,0.0
2021-02-02,754.99,757.76,744.61,744.83,431482,0.0
2021-02-03,750,764.64,745.26,756.83,662913,0.0
2021-02-04,764.6,766.33,760.5,761.7,351342,0.0
2021-02-07,768.26,775.04,761.86,770,360506,0.0
2021-02-08,772.99,788.91,770.78,778.83,420516,0.0
2021-02-09,787,794.51,778.9155,788.08,389576,0.0
2021-02-10,794,800.4,788.22,798.79,383184,0.0
2021-02-11,799.26,808.42,793.7916,808.1,363538,0.0
2021-02-15,810,812.79,788.89,791.94,413654,0.0
2021-02-16,782,788.4,774.42,779.22,318046,0.0
2021-02-17,774.57,776.42,757.79,767.37,451238,0.0
2021-02-18,773.25,773.25,749.68,749.69,619015,0.0
2021-02-21,751.79,752.79,737,741.39,484490,0.0
2021-02-22,742,748.63,732.1,744.88,492397,0.0
2021-02-23,743.73,759.67,738.285,759.33,333066,0.0
2021-02-24,754.86,758.89,731.9,741.83,348804,0.0
2021-02-25,743.9,747.7042,726.31,736.92,393360,0.0
2021-02-28,749.04,760.77,745.665,759.23,433997,0.0
2021-03-01,760,760,746.78,750.62,235887,0.0
2021-03-02,746.06,746.06,721.481,727.6,403734,0.0
2021-03-03,725,727.24,699.03,709.18,711113,0.0
2021-03-04,712.25,718.44,687.24,713.36,655043,0.0
2021-03-07,705.35,710.57,682.4,684.9,532931,0.0
2021-03-08,697.54,710.25,690.01,702.8,523670,0.0
2021-03-09,720.98,727.61,712.83,719.8,530023,0.0
2021-03-10,730.36,738.98,724.3569,732,390460,0.0
2021-03-11,721.12,736.41,720,733.98,402049,0.0
2021-03-14,727.32,737.55,725.05,734.99,305967,0.0
2021-03-15,740.41,741.5,721.51,726.21,315231,0.0
2021-03-16,724.33,728.97,712.8,725.25,235531,0.0
2021-03-17,715.72,719.57,695.06,698.72,569336,0.0
2021-03-18,701.5,714.72,695.39,707.14,543423,0.0
2021-03-21,707.72,721.155,703.14,715.26,244543,0.0
2021-03-22,719.14,720.98,707.65,710.82,236350,0.0
2021-03-23,712.17,720.34,705.49,710.8,335383,0.0
2021-03-24,710.6493,714.42,693.62,704.5,369958,0.0
2021-03-25,707.08,731.84,704.75,730.75,366678,0.0
2021-03-28,729.45,734.14,717.325,723.87,353138,0.0
2021-03-29,719.11,728.99,714.52,727.07,337671,0.0
2021-03-30,727.99,743.93,727.26,739.28,393728,0.0
2021-03-31,749.99,758.07,745.88,747.59,372708,0.0
2021-04-04,750.21,770.63,750.21,765.93,436685,0.0
2021-04-05,767,776.265,760.8,767.3,291321,0.0
2021-04-06,767.39,771.015,759.57,761.02,241847,0.0
2021-04-07,764.04,774.1,765.95,770.63,220005,0.0
2021-04-08,773.58,786.32,768.4801,784.16,279786,0.0
2021-04-11,778.13,785.66,777.315,779.69,261797,0.0
2021-04-12,778.95,796.825,778.95,794.05,290895,0.0
2021-04-13,792,800.245,784.8,786.63,257235,0.0
2021-04-14,792.66,808,789.3,804.19,323239,0.0
2021-04-15,807.65,813.4,801.85,813.12,426780,0.0
2021-04-18,810.62,815.68,802.52,811.11,405333,0.0
2021-04-19,806.66,824.53,806.65,810.51,513921,0.0
2021-04-20,842.98,893.79,820,891.38,1951334,0.0
2021-04-21,884.89,887.885,858.56,858.88,1011121,0.0
2021-04-22,851.19,882.915,842.72,875.65,743329,0.0
2021-04-25,869.93,872.07,860.174,865.95,460562,0.0
2021-04-26,868.04,867,858.5,861.34,429737,0.0
2021-04-27,862.57,875.83,860.98,869.12,463057,0.0
2021-04-28,873.7,873.7,857.82,863,292697,0.0
2021-04-29,859.27,865.91,855.27,865.5,336552,0.0
2021-05-02,872.14,874.99,860.14,867.89,291260,0.0
2021-05-03,861.72,862.08,834.105,848.99,529716,0.0
2021-05-04,854.13,860.98,836.53,838.37,386598,0.0
2021-05-05,834.26,842.69,825.66,841.75,336332,0.0
2021-05-06,844.14,863.275,844.14,857.09,411053,0.0
2021-05-09,859.88,862,833.06,834.48,406630,0.0
2021-05-10,823.16,840.815,820.99,836.21,421292,0.0
2021-05-11,828,825.48,804.27,811.87,466948,0.0
2021-05-12,815,827.07,813.21,820.83,310450,0.0
2021-05-13,822.9682,839.435,821.51,833.37,270554,0.0
2021-05-16,828.78,828.78,811.6,816.91,543751,0.0
2021-05-17,821.66,824,813.57,814.13,411891,0.0
2021-05-18,801.74,817.03,797.71,816.58,360225,0.0
2021-05-19,820.57,836.91,819.74,832.66,896432,0.0
2021-05-20,835.98,843.01,824.08,824.705,367951,0.0
