Date,Open,High,Low,Close,Volume,OpenInterest
2018-07-08,123.25,123.77,122.43,123.72,3604983,0.0
2018-07-09,20.5,22.39,20.46,22.17,20612187,0.0
2018-07-10,21.85,24.4,21.85,24.01,23676514,0.0
2018-07-11,24.05,25.25,24.04,25,9931501,0.0
2018-07-12,24.86,24.95,23.83,24.24,7571524,0.0
2018-07-15,24.83,25,24.56,24.79,6847464,0.0
2018-07-16,24.9,25.08,24.77,24.96,3916680,0.0
2018-07-17,25.03,25.03,24.53,24.79,3841867,0.0
2018-07-18,24.77,24.79,24.23,24.41,3910930,0.0
2018-07-19,24.55,24.81,24.34,24.59,3159436,0.0
2018-07-22,24.6,24.86,24.26,24.29,2712105,0.0
2018-07-23,24.33,24.44,24.17,24.295,2735657,0.0
2018-07-24,24.64,24.73,24.33,24.33,2330681,0.0
2018-07-25,24.46,24.72,24.357,24.52,2044304,0.0
2018-07-26,24.45,24.479,24.06,24.16,1175356,0.0
2018-07-29,24.2,24.3,23.97,24.02,2244964,0.0
2018-07-30,23.96,24.07,23.81,24.01,1596617,0.0
2018-07-31,24.07,24.33,23.88,24.2,1954813,0.0
2018-08-01,24.28,24.37,23.8618,23.9,1473620,0.0
2018-08-02,24.03,24.16,23.81,24.04,2370329,0.0
2018-08-05,24.16,24.16,23.84,23.92,1286257,0.0
2018-08-06,23.9,23.9,23.71,23.84,1407662,0.0
2018-08-07,24.01,24.39,23.65,23.68,2026296,0.0
2018-08-08,23.77,23.97,23.6,23.84,1421058,0.0
2018-08-09,23.85,23.85,23.6,23.7,991448,0.0
2018-08-12,23.87,23.99,23.71,23.74,1156658,0.0
2018-08-13,23.4,23.74,23.36,23.61,2424115,0.0
2018-08-14,23.5,23.59,23.3,23.35,2701811,0.0
2018-08-15,23.45,23.67,23.4,23.59,2326091,0.0
2018-08-16,23.48,23.64,23.341,23.62,1523612,0.0
2018-08-19,23.46,23.64,23.32,23.36,997499,0.0
2018-08-20,23.43,23.47,22.9,23.01,1595612,0.0
2018-08-21,23.02,23.41,22.91,23.12,1890242,0.0
2018-08-22,23.24,23.46,23.1599,23.21,1742404,0.0
2018-08-23,23.44,23.44,23.27,23.4,1611169,0.0
2018-08-26,23.31,23.39,23.08,23.11,1394376,0.0
2018-08-27,23.13,23.1763,22.76,22.94,1675965,0.0
2018-08-28,22.91,23.03,22.75,22.8,1607799,0.0
2018-08-29,23,23.24,22.92,23,1964151,0.0
2018-08-30,23.04,23.096,22.74,22.8,1548408,0.0
2018-09-03,22.79,23.11,22.64,22.65,3295724,0.0
2018-09-04,22.61,23.17,22.51,22.95,3670028,0.0
2018-09-05,23.06,23.09,22.8,22.99,2215889,0.0
2018-09-06,22.86,22.99,22.77,22.88,2798041,0.0
2018-09-09,22.9,23.23,22.89,23.095,2488100,0.0
2018-09-10,23.1,23.2,23.01,23.18,1737882,0.0
2018-09-11,23.26,24.01,23.23,24.01,3092874,0.0
2018-09-12,23.95,24.14,23.77,24.13,1522955,0.0
2018-09-13,24.13,24.47,24.08,24.47,1767276,0.0
2018-09-16,24.38,24.4,23.5,23.53,2362989,0.0
2018-09-17,23.53,23.71,23.48,23.56,1470223,0.0
2018-09-18,23.66,23.67,23.45,23.56,1471754,0.0
2018-09-19,23.51,23.89,23.42,23.65,1575990,0.0
2018-09-20,23.66,23.86,23.57,23.79,1363289,0.0
2018-09-23,23.74,23.74,23.42,23.53,1462570,0.0
2018-09-24,23.55,23.6,23.27,23.53,1607536,0.0
2018-09-25,23.59,23.62,23.355,23.43,1684200,0.0
2018-09-26,23.35,23.38,23.08,23.11,1068190,0.0
2018-09-27,23.13,23.24,23.06,23.18,1468727,0.0
2018-09-30,23.29,23.35,22.85,23.1,1757067,0.0
2018-10-01,22.98,23.0485,22.77,22.82,1367105,0.0
2018-10-02,22.8,22.91,22.72,22.83,1382006,0.0
2018-10-03,22.68,22.7,22.325,22.4,1176084,0.0
2018-10-04,22.35,22.44,22.19,22.26,1531143,0.0
2018-10-07,22.33,22.59,22.27,22.57,1123485,0.0
2018-10-08,22.41,22.98,22.39,22.96,1977564,0.0
2018-10-09,23.12,23.575,22.91,23.525,4600529,0.0
2018-10-10,23.49,23.49,22.61,22.79,3347619,0.0
2018-10-11,22.87,23.145,22.51,23.05,2426382,0.0
2018-10-14,23.09,23.41,22.98,23.31,1340087,0.0
2018-10-15,23.42,24.08,23.28,23.89,1607456,0.0
2018-10-16,23.87,24.06,23.77,23.93,1452991,0.0
2018-10-17,23.9,24.04,23.46,23.8,1604101,0.0
2018-10-18,23.76,24.17,23.76,24.09,3698660,0.0
2018-10-21,24.14,24.16,23.75,23.91,3202620,0.0
2018-10-22,23.7,23.99,22.95,23.745,2818157,0.0
2018-10-23,23.61,23.93,23.45,23.91,2145084,0.0
2018-10-24,23.93,24.1,23.64,24.05,1654787,0.0
2018-10-25,23.97,24.09,23.58,24.09,1843748,0.0
2018-10-28,24.14,24.7,23.98,24.29,2263642,0.0
2018-10-29,24.42,24.69,24.29,24.57,1655516,0.0
2018-10-30,25.58,26.6,25.08,26,10375939,0.0
2018-10-31,26.15,26.71,25.86,26.51,4593416,0.0
2018-11-01,26.48,26.745,26.35,26.67,5679418,0.0
2018-11-04,26.74,26.9515,26.47,26.64,4609813,0.0
2018-11-05,26.63,27.245,26.57,27.195,2644993,0.0
2018-11-06,27.34,27.78,27.24,27.64,2586288,0.0
2018-11-07,27.92,28.81,27.355,28.47,3898615,0.0
2018-11-08,28.33,28.59,28.11,28.52,1759893,0.0
2018-11-11,28.42,28.71,28.28,28.51,2740049,0.0
2018-11-12,28.56,28.67,27.82,27.93,2306359,0.0
2018-11-13,28.32,28.42,27.37,27.76,8478806,0.0
2018-11-14,27.64,27.64,27.23,27.55,2913205,0.0
2018-11-15,27.41,27.79,27.26,27.71,1660543,0.0
2018-11-18,27.66,27.72,27.32,27.44,2788184,0.0
2018-11-19,27.28,27.29,26.295,26.31,2322526,0.0
2018-11-20,26.27,26.3,25.65,26.165,5253567,0.0
2018-11-22,26.42,26.63,26.19,26.54,827045,0.0
2018-11-25,26.54,26.8,26.38,26.67,1320516,0.0
2018-11-26,26.575,26.59,25.84,26.1,4026601,0.0
2018-11-27,26.23,26.66,26.2,26.66,3066080,0.0
2018-11-28,26.89,27,26.66,26.98,3029066,0.0
2018-11-29,26.96,27.08,26.88,27.02,751290,0.0
2018-12-02,26.75,26.85,25.84,26.35,4180112,0.0
2018-12-03,26.5,27.06,26.16,26.45,5498271,0.0
2018-12-05,26.25,26.25,25.31,25.99,4070082,0.0
2018-12-06,26.25,26.5,25.965,26.31,4121174,0.0
2018-12-09,26.24,26.24,25.57,25.93,2956833,0.0
2018-12-10,26,26.36,25.96,26.28,2809913,0.0
2018-12-11,26.5,26.5,26.08,26.11,2567452,0.0
2018-12-12,26.22,26.34,25.96,26.15,2450159,0.0
2018-12-13,25.96,26.1,25.83,25.92,2374963,0.0
2018-12-16,25.79,25.9,25.11,25.23,4250055,0.0
2018-12-17,25.23,25.3,24.52,24.67,4622128,0.0
2018-12-18,24.69,25.45,24.69,25.11,3819209,0.0
2018-12-19,25.13,25.51,24.88,25.38,4455764,0.0
2018-12-20,25.33,25.97,25.055,25.12,3409281,0.0
2018-12-23,25.1,25.19,24.54,24.665,3414589,0.0
2018-12-25,24.67,25.61,24.67,25.6,2441233,0.0
2018-12-26,25.4,25.47,24.78,25.46,2792963,0.0
2018-12-27,25.59,25.68,25.14,25.39,2572679,0.0
2018-12-30,25.46,25.762,25.21,25.57,1718813,0.0
2019-01-01,25.28,25.455,24.86,25.245,3018449,0.0
2019-01-02,25.08,25.47,24.92,25.07,2137763,0.0
2019-01-03,25.14,25.61,25.02,25.545,2734321,0.0
2019-01-06,25.59,26,25.51,25.855,1753717,0.0
2019-01-07,26.13,26.23,25.73,25.95,3000110,0.0
2019-01-08,26.11,26.64,26.11,26.46,4550357,0.0
2019-01-09,26.49,26.57,26.22,26.315,1747700,0.0
2019-01-10,26.42,27,26.37,26.99,3135069,0.0
2019-01-13,26.99,26.99,26.135,26.2943,2324638,0.0
2019-01-14,26.39,26.6,26.03,26.565,2027440,0.0
2019-01-15,26.57,26.57,25.98,26.255,2702453,0.0
2019-01-16,26.28,26.54,26.115,26.3,1929486,0.0
2019-01-17,26.4,26.65,26.4,26.64,1977130,0.0
2019-01-21,26.49,26.6,26.34,26.53,2112771,0.0
2019-01-22,26.57,26.66,26.42,26.47,1519413,0.0
2019-01-23,26.4,26.54,26.2996,26.355,1759199,0.0
2019-01-24,26.36,26.51,26.21,26.315,1108551,0.0
2019-01-27,26.27,26.27,25.94,26.24,1397601,0.0
2019-01-28,26.27,26.51,26.22,26.435,1378154,0.0
2019-01-29,26.44,26.72,26.335,26.58,1721121,0.0
2019-01-30,26.71,27.33,26.58,27.33,3138260,0.0
2019-01-31,27.32,27.45,27.04,27.24,1583611,0.0
2019-02-03,27.27,27.37,27.1,27.12,1377311,0.0
2019-02-04,27.17,27.25,27.01,27.11,999022,0.0
2019-02-05,27.14,27.23,27.01,27.1481,1039044,0.0
2019-02-06,27.01,27.21,27.01,27.155,1251931,0.0
2019-02-07,27.13,27.755,27.03,27.71,1424420,0.0
2019-02-10,27.75,28.15,27.7,28.145,1989841,0.0
2019-02-11,28.13,28.43,28.11,28.29,1910172,0.0
2019-02-12,28.5,28.5,28.24,28.395,1165320,0.0
2019-02-13,28.21,28.46,27.82,27.96,3209787,0.0
2019-02-14,28.05,28.255,27.97,28.235,1129157,0.0
2019-02-18,28.26,28.37,28.1,28.19,1600004,0.0
2019-02-19,28.12,28.3,28.12,28.17,1361854,0.0
2019-02-20,28.22,28.33,27.99,28.17,1294867,0.0
2019-02-21,28.01,28.01,27.0542,27.47,3140951,0.0
2019-02-24,27.49,27.51,26.74,27,2219053,0.0
2019-02-25,26.93,27.0007,26.51,26.54,2522650,0.0
2019-02-26,26.5,26.95,26.47,26.94,3695969,0.0
2019-02-27,25.65,26,25.05,25.15,7632306,0.0
2019-02-28,25.5,26.03,25.13,26,6410545,0.0
2019-03-03,25.87,26.11,25.78,26.05,3392814,0.0
2019-03-04,26,26.14,25.93,26,2120564,0.0
2019-03-05,26.41,26.66,26.12,26.51,3231873,0.0
2019-03-06,26.5,26.98,26.26,26.53,2689801,0.0
2019-03-07,26.4,26.57,26.24,26.4,2347360,0.0
2019-03-10,26.48,26.95,26.41,26.88,2292852,0.0
2019-03-11,27.14,27.24,26.98,27.23,1849661,0.0
2019-03-12,27.23,27.42,26.4,27.36,1804380,0.0
2019-03-13,27.36,27.5,27.17,27.375,1777056,0.0
2019-03-14,27.54,27.75,27.53,27.7,1712450,0.0
2019-03-17,27.85,27.935,27.55,27.84,1954490,0.0
2019-03-18,27.95,28.09,27.37,27.5,2293311,0.0
2019-03-19,27.44,27.9199,27.2475,27.76,2005043,0.0
2019-03-20,27.71,28.06,27.67,28.03,1177564,0.0
2019-03-21,27.98,28.15,27.7,27.71,1674647,0.0
2019-03-24,27.6,27.96,27.6,27.81,1826712,0.0
2019-03-25,27.93,28.25,27.86,28.14,1413538,0.0
2019-03-26,28.09,28.24,27.745,27.92,1356174,0.0
2019-03-27,27.94,28.13,27.855,27.96,1188217,0.0
2019-03-28,28,28.17,27.765,27.95,1490174,0.0
2019-03-31,27.98,28,27.52,27.71,867670,0.0
2019-04-01,27.73,27.77,27.33,27.365,1907798,0.0
2019-04-02,27.26,27.75,26.96,27.59,2577947,0.0
2019-04-03,27.51,27.54,27.24,27.25,1450144,0.0
2019-04-04,27.38,27.65,27.23,27.34,1573000,0.0
2019-04-07,27.26,27.67,27.23,27.61,1940916,0.0
2019-04-08,27.52,27.795,27.47,27.69,1961782,0.0
2019-04-09,27.68,28.18,27.68,28.09,2482621,0.0
2019-04-10,27.1,27.3,26.59,26.88,5894545,0.0
2019-04-11,26.79,26.86,26.42,26.5,2426843,0.0
2019-04-14,26.5,26.7,26.41,26.57,1561409,0.0
2019-04-15,26.59,26.68,26.28,26.42,1123353,0.0
2019-04-16,26.43,26.57,26.19,26.25,968677,0.0
2019-04-17,26.37,26.62,26.09,26.62,1263853,0.0
2019-04-21,26.54,26.875,26.48,26.85,1578405,0.0
2019-04-22,26.95,27.37,26.905,27.36,4187676,0.0
2019-04-23,27.39,27.96,27.29,27.51,4442570,0.0
2019-04-24,27.35,27.71,27.07,27.66,1785910,0.0
2019-04-25,27.7,28.59,27.65,28.53,1936996,0.0
2019-04-28,28.5,28.76,28.38,28.61,2055410,0.0
2019-04-29,28.6,29.13,28.52,29.07,2294406,0.0
2019-04-30,29.05,29.05,28.45,28.47,1449180,0.0
2019-05-01,28.35,28.965,28.35,28.95,1706122,0.0
2019-05-02,29.06,29.16,28.91,29.05,2084715,0.0
2019-05-05,28.81,29.49,28.77,29.43,1198294,0.0
2019-05-06,29.24,29.33,28.9,29.06,2607646,0.0
2019-05-07,29.165,29.395,28.95,29.2,2928820,0.0
2019-05-08,29.51,29.735,27.87,28.28,2570183,0.0
2019-05-09,28.05,29.43,28.01,29.42,2160034,0.0
2019-05-12,29.19,29.42,29.04,29.265,2320930,0.0
2019-05-13,29.31,29.74,29.21,29.59,2736508,0.0
2019-05-14,29.5,29.76,29.415,29.545,1353424,0.0
2019-05-15,29.35,29.4556,28.4,28.61,3341902,0.0
2019-05-16,28.65,29.48,28.55,29.23,1892534,0.0
2019-05-19,29.37,29.37,28.97,29.14,1554450,0.0
2019-05-20,29.26,29.33,29.05,29.08,1671858,0.0
2019-05-21,29,29.19,28.92,29.12,1575680,0.0
2019-05-22,29.1,29.21,28.81,28.95,1781155,0.0
2019-05-23,29,29.41,28.905,29.215,2056088,0.0
2019-05-27,29.22,29.33,28.78,28.84,2023263,0.0
2019-05-28,28.64,28.67,28.09,28.43,2010049,0.0
2019-05-29,28.47,28.57,28.27,28.365,1097050,0.0
2019-05-30,28.1,28.355,27.93,28.19,1126214,0.0
2019-06-03,28.31,28.4275,27.915,28.08,1272802,0.0
2019-06-04,28.2,28.56,28.14,28.37,1495347,0.0
2019-06-05,28.38,28.54,28.22,28.365,1047328,0.0
2019-06-06,28.49,28.7,28.31,28.33,1508456,0.0
2019-06-09,28.48,28.65,28.3,28.62,2489248,0.0
2019-06-10,28.65,28.74,27.99,28.32,1888289,0.0
2019-06-11,28.36,28.69,28.36,28.48,1890869,0.0
2019-06-12,28.52,28.75,28.37,28.63,1832764,0.0
2019-06-13,28.61,28.82,28.48,28.64,1412413,0.0
2019-06-16,29.39,30.05,29.24,30.03,2664686,0.0
2019-06-17,30.12,30.18,29.625,30.06,2444972,0.0
2019-06-18,29.94,30.53,29.81,30.425,1450439,0.0
2019-06-19,30.62,30.99,30.565,30.91,2559435,0.0
2019-06-20,30.89,31.06,30.11,30.66,2666437,0.0
2019-06-23,30.67,30.67,29.545,29.96,3045879,0.0
2019-06-24,29.97,30.07,29.42,29.57,2565107,0.0
2019-06-25,29.64,29.76,28.57,28.76,2853142,0.0
2019-06-26,28.82,28.82,28.32,28.69,2250994,0.0
2019-06-27,28.78,29.06,28.58,28.94,2327350,0.0
2019-06-30,29.12,29.56,28.98,29.49,3583792,0.0
2019-07-01,29.55,29.83,29.33,29.76,1883696,0.0
2019-07-02,29.73,30.27,29.73,30.23,990509,0.0
2019-07-04,30.08,30.195,29.87,30.09,1237977,0.0
2019-07-07,29.98,30,29.83,29.92,1332725,0.0
2019-07-08,29.82,29.92,29.32,29.395,1369675,0.0
2019-07-09,29.48,29.55,29.15,29.16,1521314,0.0
2019-07-10,29.21,29.27,28.915,29.04,1152212,0.0
2019-07-11,29.02,29.04,28.67,28.725,1313925,0.0
2019-07-14,28.82,28.94,28.46,28.51,2309893,0.0
2019-07-15,28.55,28.64,28.17,28.29,2365076,0.0
2019-07-16,28.21,28.44,27.915,27.98,2115604,0.0
2019-07-17,28.02,28.09,27.395,27.98,2117206,0.0
2019-07-18,27.89,28.07,27.61,27.63,1881543,0.0
2019-07-21,27.65,27.8731,27.57,27.61,1438816,0.0
2019-07-22,28.03,28.21,27.515,27.72,2435819,0.0
2019-07-23,27.62,27.925,27.54,27.76,2453234,0.0
2019-07-24,27.65,28.17,27.65,28.01,2047136,0.0
2019-07-25,28.14,28.3,28.03,28.1,1206391,0.0
2019-07-28,28.08,28.16,27.905,28,907050,0.0
2019-07-29,27.87,28.29,27.86,28.205,2042618,0.0
2019-07-30,28.2,28.41,27.86,28.14,2054680,0.0
2019-07-31,28.19,28.55,28.02,28.14,1447899,0.0
2019-08-01,28.16,28.27,27.96,28.1,1847603,0.0
2019-08-04,27.91,28.16,27.63,28,3142871,0.0
2019-08-05,28.05,28.14,27.65,27.86,2381834,0.0
2019-08-06,27.7,27.78,27.36,27.62,4217647,0.0
2019-08-07,28.25,29.23,27.61,29.03,2945450,0.0
2019-08-08,29.03,29.59,28.96,29.08,2058854,0.0
2019-08-11,29.06,29.12,28.485,28.62,1773413,0.0
2019-08-12,28.55,28.91,28.34,28.47,1638870,0.0
2019-08-13,28.59,28.61,27.41,27.43,2053381,0.0
2019-08-14,27.56,28.01,27.51,27.84,2424464,0.0
2019-08-15,27.99,28.05,27.68,28.01,1436886,0.0
2019-08-18,28.08,28.25,27.93,27.97,1351242,0.0
2019-08-19,27.89,28.18,27.82,27.89,1562939,0.0
2019-08-20,28.02,28.02,27.615,27.72,1039737,0.0
2019-08-21,27.77,27.82,27.46,27.49,1185791,0.0
2019-08-22,27.47,27.54,26.63,26.73,1202002,0.0
2019-08-25,26.75,26.8394,26.56,26.745,1116088,0.0
2019-08-26,26.81,26.94,26.695,26.74,1939185,0.0
2019-08-27,26.71,26.9,26.55,26.83,1641936,0.0
2019-08-28,27.02,27.35,26.96,27.23,1102192,0.0
2019-08-29,27.28,27.39,27.03,27.27,1269305,0.0
2019-09-02,27.11,27.12,26.54,26.6,2090046,0.0
2019-09-03,26.5,27,25.94,27,3487492,0.0
2019-09-04,27.23,27.23,26.93,27.16,3175378,0.0
2019-09-05,27.24,27.24,26.7,26.85,2698747,0.0
2019-09-08,26.82,26.95,26.54,26.75,3044968,0.0
2019-09-09,26.65,27.17,26.42,27.15,2897216,0.0
2019-09-10,27.09,28.29,27.03,28.29,3956872,0.0
2019-09-11,28.44,28.53,27.645,27.67,1975270,0.0
2019-09-12,27.54,27.76,27.41,27.55,1203212,0.0
2019-09-15,27.55,27.66,27.2914,27.315,970278,0.0
2019-09-16,27.31,27.86,27.29,27.85,1450773,0.0
2019-09-17,27.81,28.03,27.64,27.96,1827305,0.0
2019-09-18,27.97,28.095,27.58,27.615,1131676,0.0
2019-09-19,27.6,27.745,27.3,27.32,2738791,0.0
2019-09-22,27.32,27.35,27.12,27.135,1521945,0.0
2019-09-23,27.14,27.35,26.765,26.96,1501186,0.0
2019-09-24,27,27.145,26.93,27,3835533,0.0
2019-09-25,27.34,27.59,27.06,27.23,1296300,0.0
2019-09-26,27.27,27.29,26.92,27.01,1115146,0.0
2019-09-29,27.04,27.46,27.01,27.32,1279419,0.0
2019-09-30,27.32,27.395,26.94,27.04,1154478,0.0
2019-10-01,26.94,27.07,26.61,26.925,1819419,0.0
2019-10-02,26.95,27.28,26.825,27.24,2315775,0.0
2019-10-03,27.28,27.705,27.23,27.59,2456851,0.0
2019-10-06,27.52,27.64,27.39,27.475,3073911,0.0
2019-10-07,27.38,27.43,26.93,26.95,2277912,0.0
2019-10-08,27.04,27.42,26.957,27.09,1567185,0.0
2019-10-09,27.15,27.71,26.935,27.63,4413533,0.0
2019-10-10,27.66,28.065,27.585,27.81,2109060,0.0
2019-10-13,27.55,27.67,27.195,27.401,2788319,0.0
2019-10-14,27.44,27.65,27.44,27.54,1504735,0.0
2019-10-15,27.51,27.65,27.37,27.6,1099976,0.0
2019-10-16,27.66,27.86,27.56,27.6,1693809,0.0
2019-10-17,27.47,27.74,27.468,27.585,2401213,0.0
2019-10-20,27.58,27.6,27.23,27.49,2852634,0.0
2019-10-21,27.54,27.7,27.44,27.51,1532464,0.0
2019-10-22,27.48,27.695,27.43,27.62,1047146,0.0
2019-10-23,27.6,27.855,27.53,27.705,1151073,0.0
2019-10-24,27.54,27.75,27.32,27.52,1186194,0.0
2019-10-27,27.52,27.77,27.48,27.66,1238062,0.0
2019-10-28,27.6,27.93,27.54,27.64,1310037,0.0
2019-10-29,27.72,27.92,27.5,27.9,1413785,0.0
2019-10-30,28,28.2,27.85,28.16,1515313,0.0
2019-10-31,28.25,28.43,28.17,28.21,1583121,0.0
2019-11-03,28.22,28.2546,27.73,27.86,1159852,0.0
2019-11-04,27.91,28.235,27.79,28.01,1706749,0.0
2019-11-05,28.04,28.3,27.93,28.19,2568885,0.0
2019-11-06,30.75,32,29.685,29.822,5413274,0.0
2019-11-07,29.83,29.93,28.78,29.2,2360501,0.0
2019-11-10,29.15,29.325,28.96,28.99,1247180,0.0
2019-11-11,28.99,29.255,28.881,29.2,1805813,0.0
2019-11-12,29.29,29.53,29.09,29.49,1776733,0.0
2019-11-13,29.5,30.01,29.43,29.99,1545421,0.0
2019-11-14,29.96,30.08,29.77,30.02,924336,0.0
2019-11-17,29.93,30.55,29.87,30.37,2113231,0.0
2019-11-18,30.37,30.37,29.49,30.19,2254897,0.0
2019-11-19,30.38,30.68,30.09,30.53,1349566,0.0
2019-11-20,30.45,30.66,30.16,30.62,1122406,0.0
2019-11-21,30.72,30.72,30.17,30.29,1072299,0.0
2019-11-24,30.44,30.84,30.28,30.7,1955824,0.0
2019-11-25,30.7,31.08,30.56,30.98,1388095,0.0
2019-11-26,31.06,31.31,30.89,31.21,1274015,0.0
2019-11-28,31.25,31.265,30.93,30.99,484920,0.0
2019-12-01,30.87,30.87,30.41,30.51,1582540,0.0
2019-12-02,30.27,30.42,29.95,30,2335081,0.0
2019-12-03,29.95,30.27,29.95,30.03,3131411,0.0
2019-12-04,30.19,30.19,29.19,29.2,2444945,0.0
2019-12-05,29.35,29.67,29.26,29.29,1608133,0.0
2019-12-08,29.25,29.4,29.13,29.18,1476667,0.0
2019-12-09,29.15,29.25,28.96,29.15,2568411,0.0
2019-12-10,29.12,29.195,28.755,28.83,1206457,0.0
2019-12-11,29.19,29.19,28.72,28.77,1451775,0.0
2019-12-12,28.69,28.87,28.66,28.76,1014767,0.0
2019-12-15,28.76,28.915,28.67,28.89,2662911,0.0
2019-12-16,28.78,29.09,28.78,28.89,1642203,0.0
2019-12-17,28.89,29.01,28.43,28.56,1403421,0.0
2019-12-18,28.55,28.77,28.44,28.52,1379264,0.0
2019-12-19,28.62,29.025,28.55,28.85,1992143,0.0
2019-12-22,28.91,29.0399,28.72,28.8,822471,0.0
2019-12-23,28.83,28.87,28.65,28.66,523842,0.0
2019-12-25,28.66,28.84,28.62,28.82,777343,0.0
2019-12-26,28.91,28.915,28.75,28.84,601065,0.0
2019-12-29,28.8,28.97,28.74,28.88,781380,0.0
2019-12-30,28.82,29.05,28.82,28.95,1097344,0.0
2020-01-01,28.89,28.9,28.59,28.74,1553583,0.0
2020-01-02,28.56,28.87,28.5,28.81,967755,0.0
2020-01-05,28.63,29.03,28.63,28.98,1466227,0.0
2020-01-06,28.87,29.02,28.18,28.18,1060839,0.0
2020-01-07,28.2,28.34,27.74,27.76,1634876,0.0
2020-01-08,27.84,28.055,27.81,27.87,4592891,0.0
2020-01-09,27.85,28.335,27.85,27.89,4825462,0.0
2020-01-12,27.83,27.955,27.75,27.77,2568925,0.0
2020-01-13,27.72,27.84,27.35,27.6,2304492,0.0
2020-01-14,27.62,28.18,27.6,27.855,2233416,0.0
2020-01-15,27.94,28.09,27.562,27.62,3044533,0.0
2020-01-16,27.62,27.94,27.6,27.67,3883363,0.0
2020-01-20,27.38,27.59,27.08,27.09,4949646,0.0
2020-01-21,27.16,28.11,27.16,28.03,15363443,0.0
2020-01-22,27.54,27.815,27.14,27.77,11387378,0.0
2020-01-23,27.85,28.13,27.63,28.05,7215806,0.0
2020-01-26,27.66,28.12,27.64,28.02,2815440,0.0
2020-01-27,28.05,28.57,28.01,28.53,2744656,0.0
2020-01-28,28.57,28.837,28.49,28.55,2089315,0.0
2020-01-29,28.51,28.81,28.46,28.65,2306093,0.0
2020-01-30,28.7,28.865,28.48,28.52,2589757,0.0
2020-02-02,28.48,28.795,28.46,28.68,1070145,0.0
2020-02-03,28.93,29.02,28.67,28.67,1073374,0.0
2020-02-04,28.8,28.96,28.63,28.68,750461,0.0
2020-02-05,28.76,28.97,28.43,28.56,1542507,0.0
2020-02-06,28.5,28.64,28.46,28.56,1512850,0.0
2020-02-09,28.5,28.75,28.45,28.71,2242334,0.0
2020-02-10,28.75,28.86,28.64,28.66,1017139,0.0
2020-02-11,28.66,28.76,28.47,28.63,1358782,0.0
2020-02-12,28.45,28.78,28.44,28.59,2003977,0.0
2020-02-13,28.65,28.98,28.58,28.87,1047241,0.0
2020-02-17,28.78,29.1741,28.78,28.89,3145263,0.0
2020-02-18,28.91,29.06,28.795,28.85,1237471,0.0
2020-02-19,28.83,29.33,28.8,29.3,1198580,0.0
2020-02-20,29.33,29.545,29.07,29.5,1259064,0.0
2020-02-23,29.2,29.42,28.98,29.13,1372333,0.0
2020-02-24,29.22,29.38,28.4,28.93,2819158,0.0
2020-02-25,29.06,29.42,28.495,28.71,2873175,0.0
2020-02-26,27.7,28.84,27.5,28.22,7263102,0.0
2020-02-27,27.84,28,26.77,27.87,3704623,0.0
2020-03-01,27.9,28.29,27.44,28.26,4187310,0.0
2020-03-02,28.26,28.51,27.495,27.545,5257386,0.0
2020-03-03,27.92,28.11,27.44,27.77,8553212,0.0
2020-03-04,27.11,27.27,25.855,27.02,31771349,0.0
2020-03-05,26.37,26.66,26.11,26.64,12219444,0.0
2020-03-08,25.74,26.09,21.38,24.41,13371886,0.0
2020-03-09,25.13,25.41,23.37,25.255,11198374,0.0
2020-03-10,24.72,25.08,24.05,24.52,10484272,0.0
2020-03-11,23.45,24.05,22.26,23,15361484,0.0
2020-03-12,23.75,24.06,22.55,23.47,10350548,0.0
2020-03-15,21.07,21.89,19.555,19.6,11042488,0.0
2020-03-16,20.02,20.43,19.03,20.31,16142000,0.0
2020-03-17,19.31,20.15,18.98,19.9,11855826,0.0
2020-03-18,19.9,24.635,19.9,24.32,14069144,0.0
2020-03-19,24.57,25.02,22.72,23.5,9977506,0.0
2020-03-22,23.28,23.74,22.81,23.17,9280158,0.0
2020-03-23,24.09,24.765,23.29,23.89,12601002,0.0
2020-03-24,23.95,25.7,23.64,25,8660406,0.0
2020-03-25,24.84,25.88,24.34,24.8,10521672,0.0
2020-03-26,24.06,24.79,23.86,24.36,5047984,0.0
2020-03-29,24.59,24.87,24.03,24.81,7139612,0.0
2020-03-30,24.41,24.76,24.185,24.25,4354144,0.0
2020-03-31,23.7,24.19,23.43,23.67,5764714,0.0
2020-04-01,23.35,23.96,23.29,23.86,5358176,0.0
2020-04-02,23.74,23.92,23.42,23.8,3671564,0.0
2020-04-05,24.37,24.74,24.21,24.61,4646520,0.0
2020-04-06,24.91,26.79,24.89,25.9,7243790,0.0
2020-04-07,25.97,26.79,25.63,26.615,2464194,0.0
2020-04-08,26.8,27.6,26.46,26.86,4394158,0.0
2020-04-12,26.66,26.86,26.22,26.32,2261548,0.0
2020-04-13,26.56,27.82,26.37,27.51,4251484,0.0
2020-04-14,27.05,27.37,26.73,26.85,2303286,0.0
2020-04-15,27.14,27.14,26.57,26.85,3497482,0.0
2020-04-16,27.15,27.31,25.95,26.19,8050646,0.0
2020-04-19,25.87,26.33,25.6761,26.02,3427804,0.0
2020-04-20,25.62,25.83,25.27,25.655,5146754,0.0
2020-04-21,25.83,26.66,25.8038,26.52,3846566,0.0
2020-04-22,26.48,26.59,26.06,26.16,3257502,0.0
2020-04-23,26.29,26.45,25.8996,26.3,2850710,0.0
2020-04-26,27.16,27.25,25.74,25.86,7563260,0.0
2020-04-27,28,28,26.88,27.14,10306622,0.0
2020-04-28,27.1,27.39,26.26,26.64,4818400,0.0
2020-04-29,26.62,26.77,26.155,26.46,4545070,0.0
2020-04-30,26.25,26.365,25.725,25.89,2615136,0.0
2020-05-03,25.55,26.06,25.55,26.04,2794719,0.0
2020-05-04,26.06,26.505,26.06,26.26,2640358,0.0
2020-05-05,26.51,27.01,26.46,26.74,4644222,0.0
2020-05-06,26.58,26.91,26.15,26.38,10005112,0.0
2020-05-07,26.66,26.77,26.29,26.33,4840532,0.0
2020-05-10,26.33,27.025,26.115,26.95,8527906,0.0
2020-05-11,27.2,27.24,26.52,26.59,5857692,0.0
2020-05-12,26.95,27.098,26.25,26.41,12116016,0.0
2020-05-13,25.98,26.4,25.91,26.39,5879434,0.0
2020-05-14,26.48,26.69,26.26,26.3,4284566,0.0
2020-05-17,26.76,27.015,26.6,26.95,4653266,0.0
2020-05-18,27.01,27.48,27.0066,27.22,7695554,0.0
2020-05-19,27.48,27.86,27.46,27.68,4483360,0.0
2020-05-20,26.88,27.18,26.74,26.87,16307548,0.0
2020-05-21,26.98,27.3,26.85,27.15,17933248,0.0
2020-05-25,27.52,27.58,26.915,26.925,9280748,0.0
2020-05-26,27.09,27.82,26.865,27.78,12404844,0.0
2020-05-27,28,28.45,27.78,27.78,10237014,0.0
2020-05-28,27.81,28.115,27.475,27.995,17052292,0.0
2020-05-31,28.18,28.49,28.07,28.37,8520026,0.0
2020-06-01,28.44,28.56,27.93,28.06,5268894,0.0
2020-06-02,28.23,28.92,28.18,28.48,10889978,0.0
2020-06-03,28.33,28.67,28.23,28.415,18281476,0.0
2020-06-04,28.61,29.22,28.5,28.71,22333358,0.0
2020-06-07,28.71,28.71,28.255,28.38,6281908,0.0
2020-06-08,28.22,28.565,27.955,28.355,4710838,0.0
2020-06-09,28.42,28.745,28.23,28.51,4158108,0.0
2020-06-10,28.89,29.24,28.22,28.36,6129382,0.0
2020-06-11,28.7,28.85,27.92,27.94,1512334,0.0
2020-06-14,27.81,28.6,27.65,28.58,5159220,0.0
2020-06-15,29.19,29.3,28.33,28.64,4596030,0.0
2020-06-16,28.63,29.095,28.57,28.73,3638362,0.0
2020-06-17,28.65,29.09,28.65,29.06,2743136,0.0
2020-06-18,29.32,29.46,28.72,28.73,4479580,0.0
2020-06-21,28.7,29.21,28.59,29.19,2129758,0.0
2020-06-22,29.29,29.58,29.02,29.03,2695844,0.0
2020-06-23,28.91,28.97,28.25,28.4,1500013,0.0
2020-06-24,28.37,28.6,28.175,28.44,2637203,0.0
2020-06-25,28.36,28.59,28.06,28.22,3186474,0.0
2020-06-28,28.34,28.48,27.92,28.29,2059661,0.0
2020-06-29,28.28,28.45,28.14,28.39,2237275,0.0
2020-06-30,28.36,28.77,28.32,28.66,1641096,0.0
2020-07-01,28.86,28.8625,28.445,28.53,2065805,0.0
2020-07-05,28.65,28.73,28.34,28.56,1593425,0.0
2020-07-06,28.63,29.5,28.57,29.12,2831614,0.0
2020-07-07,29,29.07,28.45,28.61,2272495,0.0
2020-07-08,29.26,29.9,29,29.01,3260911,0.0
2020-07-09,29.03,29.21,28.755,29.2,1689821,0.0
2020-07-12,29.32,29.42,28.88,28.91,1634073,0.0
2020-07-13,28.81,29.375,28.75,29.34,1087821,0.0
2020-07-14,29.54,29.6,29.2745,29.42,1277047,0.0
2020-07-15,29.45,29.655,29.32,29.535,1122686,0.0
2020-07-16,29.57,29.8,29.42,29.78,1782128,0.0
2020-07-19,29.78,29.95,29.685,29.75,1582788,0.0
2020-07-20,30,30,29.68,29.87,2095550,0.0
2020-07-21,30.03,30.37,29.835,30.3,1439214,0.0
2020-07-22,30.3,30.42,30.22,30.26,664528,0.0
2020-07-23,30.16,30.37,30.045,30.33,927354,0.0
2020-07-26,30.54,30.97,30.49,30.96,1377442,0.0
2020-07-27,31,31.1,30.715,30.89,3559091,0.0
2020-07-28,31.18,31.47,30.955,31.25,5059404,0.0
2020-07-29,30.92,31,29.99,30.77,6447044,0.0
2020-07-30,31.19,31.25,30.415,30.59,6932418,0.0
2020-08-02,30.01,30.22,29.67,29.91,8549744,0.0
2020-08-03,29.81,30.13,29.78,29.95,5100300,0.0
2020-08-04,29.97,30.005,29.85,29.93,5104361,0.0
2020-08-05,29.98,29.98,29.7421,29.83,3260604,0.0
2020-08-06,29.92,29.99,29.55,29.63,3656282,0.0
2020-08-09,29.57,29.83,29.33,29.75,5041994,0.0
2020-08-10,29.77,29.94,29.48,29.575,4403082,0.0
2020-08-11,29.73,30.28,29.63,30.12,3853084,0.0
2020-08-12,30.16,30.54,30.09,30.17,2479457,0.0
2020-08-13,30.17,30.17,29.76,29.9,2165763,0.0
2020-08-16,29.9,30.15,29.73,29.75,3362312,0.0
2020-08-17,28.74,29.26,28.35,29.09,41878390,0.0
2020-08-18,29.16,29.64,29.145,29.35,16840363,0.0
2020-08-19,29.15,29.43,29.01,29.2,7948466,0.0
2020-08-20,29.2,29.2,28.85,28.94,6117846,0.0
2020-08-23,28.99,29.185,28.82,29.16,4464103,0.0
2020-08-24,29.17,29.315,29.08,29.29,3165993,0.0
2020-08-25,29.91,30.06,29.585,29.81,10241198,0.0
2020-08-26,29.92,30.23,29.81,29.94,6463427,0.0
2020-08-27,30,30.09,29.68,30.06,4822300,0.0
2020-08-30,30.1,30.18,29.83,29.83,3792358,0.0
2020-08-31,29.92,30.03,29.79,29.97,6979122,0.0
2020-09-01,30,30.475,29.97,30.39,7619900,0.0
2020-09-02,30.46,30.555,29.59,29.81,6245026,0.0
2020-09-03,29.84,29.99,29.05,29.53,5612794,0.0
2020-09-07,29.36,29.45,28.625,28.86,6317977,0.0
2020-09-08,29.03,29.69,28.93,29.52,6211339,0.0
2020-09-09,28.76,29.075,28.51,28.53,8812459,0.0
2020-09-10,28.6,28.99,28.47,28.84,11151231,0.0
2020-09-13,28.99,29.075,28.74,28.8,4545096,0.0
2020-09-14,28.93,29.12,28.75,28.79,3047904,0.0
2020-09-15,28.9,28.99,28.4,28.43,2403458,0.0
2020-09-16,28.15,28.545,28.12,28.33,2809029,0.0
2020-09-17,28.43,28.43,27.865,28.05,3251838,0.0
2020-09-20,27.76,27.94,27.43,27.86,4946289,0.0
2020-09-21,27.98,28.215,27.765,27.86,3151533,0.0
2020-09-22,27.93,28.06,27.16,27.19,2067305,0.0
2020-09-23,27.37,27.52,27,27.26,2561499,0.0
2020-09-24,27.14,27.95,27.1,27.88,3862166,0.0
2020-09-27,28.11,28.26,27.82,27.83,1557116,0.0
2020-09-28,27.98,27.98,27.09,27.11,3825030,0.0
2020-09-29,27.14,27.62,27.14,27.59,5366205,0.0
2020-09-30,27.59,28.195,27.38,28.01,4279289,0.0
2020-10-01,27.62,28.19,27.62,28.1,3450640,0.0
2020-10-04,28.3,28.39,27.61,27.65,5659182,0.0
2020-10-05,27.66,28.22,27.61,28.04,4223138,0.0
2020-10-06,28.22,28.68,28.17,28.59,3037118,0.0
2020-10-07,28.68,28.895,28.56,28.705,2650688,0.0
2020-10-08,28.82,29.3,28.65,29.26,4107191,0.0
2020-10-11,30.1,30.32,29.75,29.8,6192565,0.0
2020-10-12,29.61,30.015,29.54,29.84,3709003,0.0
2020-10-13,29.94,30.11,29.54,29.67,4217025,0.0
2020-10-14,29.41,29.7,29.31,29.44,3804292,0.0
2020-10-15,29.37,30,29.27,29.78,15739777,0.0
2020-10-18,29.7,30.14,29.11,29.21,4786940,0.0
2020-10-19,29.47,29.67,29.23,29.23,2663381,0.0
2020-10-20,29,29.33,28.8,29.16,2673649,0.0
2020-10-21,29.18,29.695,29.09,29.54,2405286,0.0
2020-10-22,29.8,29.89,29.125,29.21,2766840,0.0
2020-10-25,29.15,29.21,28.12,28.45,5461163,0.0
2020-10-26,28.5,28.76,28.3,28.59,3953514,0.0
2020-10-27,28.13,28.39,27.52,27.73,4291041,0.0
2020-10-28,27.39,27.88,27.175,27.2,4422473,0.0
2020-10-29,27.01,27.17,26.665,26.94,4105214,0.0
2020-11-01,27.3,27.55,26.715,27.05,3343523,0.0
2020-11-02,27.33,28.03,27.33,27.8,2827661,0.0
2020-11-03,28.8,28.88,28.04,28.23,3965440,0.0
2020-11-04,28.57,28.89,28.36,28.81,2562880,0.0
2020-11-05,29.02,29.02,28.53,28.65,1876803,0.0
2020-11-08,29.56,29.73,27.69,27.71,5159044,0.0
2020-11-09,27.25,28.48,27.115,28.38,5836687,0.0
2020-11-10,28.53,29.72,28.47,29.41,4257025,0.0
2020-11-11,29.54,29.54,28.79,29.05,3222524,0.0
2020-11-12,29.1,29.4746,29.095,29.255,1398259,0.0
2020-11-15,29.3,29.68,29.09,29.47,3744001,0.0
2020-11-16,28.3,29.31,28.245,29.18,26090796,0.0
2020-11-17,29.45,29.755,29.29,29.49,10033720,0.0
2020-11-18,29.12,30.005,29.12,29.76,7703611,0.0
2020-11-19,29.53,30.005,29.5163,29.83,3335050,0.0
2020-11-22,29.96,30,29.65,29.825,3943782,0.0
2020-11-23,30,30.1,29.86,29.88,4383780,0.0
2020-11-24,30.09,30.45,29.98,30.32,3806203,0.0
2020-11-26,30.48,30.77,30.33,30.76,2540570,0.0
2020-11-29,30.8,30.84,29.96,30.45,5983384,0.0
2020-11-30,30.62,30.67,30.285,30.45,3914949,0.0
2020-12-01,30.61,30.61,29.89,30.07,2377730,0.0
2020-12-02,30.08,30.39,29.94,30.09,2606870,0.0
2020-12-03,30.3,30.6,30.08,30.53,2609376,0.0
2020-12-06,30.52,30.84,30.48,30.715,2873040,0.0
2020-12-07,30.6,30.83,30.09,30.15,5353710,0.0
2020-12-08,30.28,30.39,30.065,30.26,3203631,0.0
2020-12-09,30.48,30.64,30.06,30.17,4620304,0.0
2020-12-10,30.23,30.46,30.01,30.37,2617903,0.0
2020-12-13,30.45,30.84,30.15,30.36,3104252,0.0
2020-12-14,30.35,30.395,29.99,30.19,2897523,0.0
2020-12-15,30.17,30.68,30.165,30.65,1710944,0.0
2020-12-16,30.62,31.18,30.62,31.12,3516464,0.0
2020-12-17,31.34,31.48,30.515,30.93,6554159,0.0
2020-12-20,30.57,30.91,30.375,30.77,2691227,0.0
2020-12-21,30.76,31.1386,30.67,31.07,2181905,0.0
2020-12-22,30.77,31.74,30.69,31.61,2634584,0.0
2020-12-23,31.6,31.9,31.56,31.88,1521059,0.0
2020-12-27,32,32.14,31.66,31.99,1965820,0.0
2020-12-28,32.1,32.24,31.86,32,2611377,0.0
2020-12-29,32.04,32.215,31.79,31.82,1964655,0.0
2020-12-30,31.9019,32.095,31.66,32,2295951,0.0
2021-01-03,32.07,32.16,31.035,31.6,3664431,0.0
2021-01-04,31.61,31.71,31.25,31.64,2597391,0.0
2021-01-05,30.83,32.06,30.81,31.75,4142646,0.0
2021-01-06,31.33,31.82,31.3,31.81,6607450,0.0
2021-01-07,31.62,32.02,31.51,31.99,4330181,0.0
2021-01-10,32.09,32.1,31.28,31.36,3737373,0.0
2021-01-11,31.69,31.71,31.14,31.36,3007778,0.0
2021-01-12,31.28,31.7,31.2,31.66,3001560,0.0
2021-01-13,31.56,31.74,31.3,31.54,3965781,0.0
2021-01-14,31.48,32.075,31.34,31.87,6078738,0.0
2021-01-18,31.86,32.095,31.61,31.82,3767235,0.0
2021-01-19,31.84,32.04,31.37,31.93,2733364,0.0
2021-01-20,31.97,31.97,31.495,31.54,2341019,0.0
2021-01-21,31.52,31.71,31.28,31.47,2099769,0.0
2021-01-24,31.47,32.22,31.45,32.02,3725388,0.0
2021-01-25,32.03,32.73,31.96,32.635,5780067,0.0
2021-01-26,32.57,33.49,32.45,33.2,9400406,0.0
2021-01-27,33.15,33.69,32.385,32.4,4814804,0.0
2021-01-28,31.85,32.58,31.76,31.79,3698475,0.0
2021-01-31,32,32.16,31.745,31.91,2603487,0.0
2021-02-01,31.95,32.42,31.7,32,3619835,0.0
2021-02-02,31.8622,32.21,31.36,31.92,3431011,0.0
2021-02-03,31.86,32.32,31.62,32.3,3219423,0.0
2021-02-04,32.44,32.83,32.21,32.54,3192883,0.0
2021-02-07,32.5,32.74,31.89,32.11,3257427,0.0
2021-02-08,32.03,32.46,31.83,32.38,2081859,0.0
2021-02-09,32.6,32.63,31.88,32.02,2358378,0.0
2021-02-10,31.98,32.255,31.7501,31.92,3118539,0.0
2021-02-11,31.93,31.93,31.55,31.77,3037903,0.0
2021-02-15,31.75,31.795,31.26,31.42,3489143,0.0
2021-02-16,31.52,31.67,31.255,31.67,3717556,0.0
2021-02-17,31.51,31.78,31.26,31.73,2837896,0.0
2021-02-18,31.6,31.805,31.1802,31.23,2595171,0.0
2021-02-21,31.26,31.76,31.055,31.72,4991774,0.0
2021-02-22,31.94,32.24,31.36,31.8,4049185,0.0
2021-02-23,31.59,31.6799,31.04,31.46,4093140,0.0
2021-02-24,31.2,32.08,30.42,30.93,4993868,0.0
2021-02-25,30.92,31.19,30.28,30.53,5767012,0.0
2021-02-28,30.78,31.1,30.45,30.89,4633846,0.0
2021-03-01,30.95,31.16,30.73,30.77,3539990,0.0
2021-03-02,30.65,31.19,30.57,30.61,4578171,0.0
2021-03-03,30.77,31.45,30.66,30.87,4433859,0.0
2021-03-04,31.116,31.74,30.93,31.54,5398346,0.0
2021-03-07,31.75,32.675,31.56,32.49,6355948,0.0
2021-03-08,32.69,33.32,32.6,33.09,6651815,0.0
2021-03-09,33.335,34.05,33.29,33.58,9189728,0.0
2021-03-10,33.37,33.66,33.09,33.28,5588512,0.0
2021-03-11,33.29,33.39,32.7,33.38,4595382,0.0
2021-03-14,33.83,33.83,33.2,33.58,5802381,0.0
2021-03-15,33.6786,34.23,33.65,34.09,6689279,0.0
2021-03-16,33.56,34.22,33.5,34.11,5304925,0.0
2021-03-17,33.93,34.16,33.69,33.89,4110735,0.0
2021-03-18,34.58,34.63,34.08,34.14,7632018,0.0
2021-03-21,34,34.725,33.8535,34.58,5630766,0.0
2021-03-22,34.86,34.94,34.45,34.62,5218291,0.0
2021-03-23,34.52,34.59,34.305,34.37,3429400,0.0
2021-03-24,34.68,34.79,34.36,34.53,4667745,0.0
2021-03-25,34.18,35.31,34.15,35.24,6406033,0.0
2021-03-28,35.22,35.565,34.985,35.5,5685105,0.0
2021-03-29,35.43,35.51,34.78,34.92,4643900,0.0
2021-03-30,34.74,35.01,34.36,34.36,4961911,0.0
2021-03-31,34.4,34.72,34.23,34.5,5689535,0.0
2021-04-04,34.47,35.11,34.43,34.995,5091443,0.0
2021-04-05,34.68,35.25,34.761,35.07,4998622,0.0
2021-04-06,35.22,35.33,35.045,35.27,3529067,0.0
2021-04-07,35.33,35.485,35.24,35.32,5527926,0.0
2021-04-08,35.31,35.35,34.895,35.13,5153939,0.0
2021-04-11,35.24,35.605,35.11,35.47,4242653,0.0
2021-04-12,35.41,35.61,35.23,35.38,2709694,0.0
2021-04-13,35.38,35.51,35.21,35.35,2603306,0.0
2021-04-14,35.55,35.98,35.55,35.82,7818323,0.0
2021-04-15,35.8,36.05,35.68,36.02,3156110,0.0
2021-04-18,36.06,36.295,35.83,36.11,2828058,0.0
2021-04-19,35.98,36.38,35.95,36.17,3178927,0.0
2021-04-20,36.17,36.45,36.09,36.28,2462751,0.0
2021-04-21,35.99,36.255,35.85,36.04,3218462,0.0
2021-04-22,35.96,36.28,35.86,36.17,2269706,0.0
2021-04-25,36.02,36.15,35.5501,35.62,2894171,0.0
2021-04-26,35.53,35.7,35.285,35.52,3641532,0.0
2021-04-27,35.52,35.77,35.19,35.215,3478521,0.0
2021-04-28,35.19,36.04,35.17,35.94,4532566,0.0
2021-04-29,35.92,35.99,35.25,35.87,3266393,0.0
2021-05-02,35.97,36.37,35.83,36.07,2243825,0.0
2021-05-03,36.09,36.31,35.65,35.73,2935394,0.0
2021-05-04,35.66,36.115,35.51,36,2366866,0.0
2021-05-05,36.22,36.43,36.0399,36.34,2989055,0.0
2021-05-06,36.34,36.65,36.18,36.6,2790215,0.0
2021-05-09,36.6,36.81,36.275,36.38,2714464,0.0
2021-05-10,36.43,36.43,35.51,35.74,3211255,0.0
2021-05-11,35.48,35.79,35.25,35.42,3754335,0.0
2021-05-12,35.41,35.94,35.38,35.69,2149648,0.0
2021-05-13,36.055,36.26,35.87,36.04,2333053,0.0
2021-05-16,36.24,36.28,35.83,35.98,1850386,0.0
2021-05-17,36.05,36.24,35.94,36,1934612,0.0
2021-05-18,35.84,36.02,35.57,35.79,2253928,0.0
2021-05-19,35.6,36.48,35.6,36.385,2549724,0.0
2021-05-20,36.59,36.73,36.16,36.24,2252305,0.0
