Date,Open,High,Low,Close,Volume,OpenInterest
2017-06-01,92.94,93.55,92.38,93.54,1836763,0.0
2017-06-04,93.58,93.7,93.05,93.43,877924,0.0
2017-06-05,93.45,93.87,93.08,93.21,1175182,0.0
2017-06-06,93.45,93.88,93.14,93.78,1325533,0.0
2017-06-07,93.46,93.67,92.475,92.57,1480374,0.0
2017-06-08,92.44,92.54,90.46,90.82,2171866,0.0
2017-06-11,90.6,92.42,90.6,91.25,2014794,0.0
2017-06-12,90.68,91.66,90.17,91.59,1415455,0.0
2017-06-13,92.15,92.45,90.99,91.47,1290095,0.0
2017-06-14,91.16,91.84,91.01,91.64,1737242,0.0
2017-06-15,90.87,91.22,88.91,89.41,5154422,0.0
2017-06-18,89.96,90.24,89.02,89.83,2236892,0.0
2017-06-19,89.66,89.7722,89.14,89.28,1634321,0.0
2017-06-20,89.31,89.6975,89.11,89.4,1732256,0.0
2017-06-21,89.47,89.75,88.895,89.08,1369353,0.0
2017-06-22,89.4,89.4,88.57,88.84,2041465,0.0
2017-06-25,89.53,89.73,88.87,88.93,1325239,0.0
2017-06-26,88.76,88.95,87.48,87.53,2225190,0.0
2017-06-27,88.11,88.49,87.21,87.81,2221947,0.0
2017-06-28,87.69,87.8125,85.45,85.72,3959711,0.0
2017-06-29,86.85,87.27,85.5,85.619,2251290,0.0
2017-07-02,85.96,86.1,84.39,84.43,2121449,0.0
2017-07-04,84.45,84.76,83.645,83.79,3010445,0.0
2017-07-05,83.3,83.61,82.62,82.82,2700530,0.0
2017-07-06,82.58,83.9,82.2,83.03,2745568,0.0
2017-07-09,83.39,83.73,82.76,82.78,2109884,0.0
2017-07-10,82.2,83.99,82.2,83.77,3161912,0.0
2017-07-11,84.33,85.18,84.29,84.7,3209996,0.0
2017-07-12,84.74,85.04,84.335,84.86,1789284,0.0
2017-07-13,85.31,85.7,84.83,85.63,1859298,0.0
2017-07-16,85.68,85.75,85.09,85.61,1337452,0.0
2017-07-17,85.69,85.85,85.1732,85.6,1046633,0.0
2017-07-18,85.63,85.85,85.21,85.69,1751135,0.0
2017-07-19,86.1,86.1,85.665,85.9,2103069,0.0
2017-07-20,85.66,86.19,85.41,86.12,2169347,0.0
2017-07-23,86.12,86.31,85.6001,86.23,1180548,0.0
2017-07-24,86.24,87.61,86.145,87.43,2039733,0.0
2017-07-25,87.5,90.38,87.4101,87.66,2155322,0.0
2017-07-26,87.52,88.22,87.31,88.19,2241042,0.0
2017-07-27,87.8,88.07,87.07,87.64,1410694,0.0
2017-07-30,87.79,87.99,86.98,87.47,1776524,0.0
2017-07-31,87.38,87.77,86.55,86.67,2648853,0.0
2017-08-01,86.29,87.14,85.48,86.86,3133242,0.0
2017-08-02,86.9,87.599,86.33,86.48,3228193,0.0
2017-08-03,87.58,87.58,85.981,86.66,6752383,0.0
2017-08-06,86.54,87.23,86.26,86.97,2482312,0.0
2017-08-07,86.64,86.98,86.02,86.15,2279677,0.0
2017-08-08,86,86.74,85.51,86.46,2123429,0.0
2017-08-09,85.92,86.4,85.58,85.9,2463589,0.0
2017-08-10,85.9,86.57,85.64,86.47,2034677,0.0
2017-08-13,86.75,87.29,86.5,87.01,1843583,0.0
2017-08-14,87.05,87.2,86.5015,86.74,1366091,0.0
2017-08-15,86.48,86.68,86.28,86.5,1528556,0.0
2017-08-16,86.27,86.76,85.08,85.11,2075552,0.0
2017-08-17,84.92,85.28,84.16,84.49,2159110,0.0
2017-08-20,84.73,84.73,84.25,84.55,1325002,0.0
2017-08-21,84.76,85.13,84.65,85.04,1306241,0.0
2017-08-22,84.95,85.16,84.48,84.74,1327921,0.0
2017-08-23,84.5,84.59,82.69,82.79,2793016,0.0
2017-08-24,83.28,83.32,82.45,82.58,1795560,0.0
2017-08-27,82.78,83,81.625,82.14,1869432,0.0
2017-08-28,81.78,82.11,81.0875,81.43,2841136,0.0
2017-08-29,81.5,82.19,81.23,81.94,2694435,0.0
2017-08-30,81.1,82.1,80.29,80.75,4119005,0.0
2017-08-31,80.75,81.1,80.1,80.83,3796416,0.0
2017-09-04,80.91,81.5,80.55,81.14,2311520,0.0
2017-09-05,81.23,81.4,80.83,81.34,1844562,0.0
2017-09-06,81.45,81.72,80.83,81.46,2512368,0.0
2017-09-07,81.45,82.02,80.66,81.72,2734931,0.0
2017-09-10,82.1,82.56,81.96,82.54,1790388,0.0
2017-09-11,82.79,82.98,82.06,82.17,1728665,0.0
2017-09-12,82.26,82.35,81.67,81.9,2077323,0.0
2017-09-13,81.98,82,81,81.27,2171423,0.0
2017-09-14,81.33,81.88,80.52,81.41,4586449,0.0
2017-09-17,81.24,81.61,81.04,81.4,2081445,0.0
2017-09-18,81.3,81.42,80.6,80.82,1774653,0.0
2017-09-19,80.48,80.56,79.13,79.87,4631747,0.0
2017-09-20,79.89,80.46,78.94,79,2104991,0.0
2017-09-21,79.01,79.24,77.4,77.49,3997002,0.0
2017-09-24,77.6,78.45,77.47,78.43,3097300,0.0
2017-09-25,78.6,78.91,78.03,78.58,2041661,0.0
2017-09-26,78.64,78.8,77.8,78.22,2370256,0.0
2017-09-27,78.27,78.75,77.73,77.97,2136286,0.0
2017-09-28,78.03,78.269,77.44,77.54,2792096,0.0
2017-10-01,77.55,78.27,76.89,77.84,2852318,0.0
2017-10-02,77.95,78.14,77.29,77.83,1772147,0.0
2017-10-03,77.23,78.15,76.76,77.76,3092037,0.0
2017-10-04,77.95,78.485,77.7,78.25,2146235,0.0
2017-10-05,78.84,78.94,77.985,78.18,1856079,0.0
2017-10-08,78.29,78.62,77.195,77.33,1938035,0.0
2017-10-09,77.75,78.25,77.66,78.16,2248034,0.0
2017-10-10,78.06,78.66,77.92,78.18,1781387,0.0
2017-10-11,78.35,78.6478,78.04,78.14,2000872,0.0
2017-10-12,78.55,78.6,77.66,77.75,3085326,0.0
2017-10-15,77.79,78.095,77.48,77.65,2771019,0.0
2017-10-16,77.73,78.01,77.34,77.53,2667058,0.0
2017-10-17,77.41,77.462,76.67,77.1,2803903,0.0
2017-10-18,77,77.088,76.31,76.47,2978742,0.0
2017-10-19,76.77,77.1,76.12,76.71,3563234,0.0
2017-10-22,76.88,77.1,76.45,77.07,2234154,0.0
2017-10-23,77.12,77.42,76.93,77.21,2279553,0.0
2017-10-24,76.73,77.42,76.23,77.33,2916087,0.0
2017-10-25,77.59,77.94,77.15,77.3,2276063,0.0
2017-10-26,76.82,77.47,76.235,77.28,3049752,0.0
2017-10-29,77.2,77.22,75.21,75.27,4443685,0.0
2017-10-30,76.18,77.4,76.02,77.33,3822380,0.0
2017-10-31,77.71,77.86,77.08,77.62,3370736,0.0
2017-11-01,76.84,78.19,75.51,78.03,5652776,0.0
2017-11-02,77.87,78.19,77.57,78,3469474,0.0
2017-11-05,78.09,78.22,76.51,77.02,3248337,0.0
2017-11-06,76.93,78.64,76.49,78.19,2777163,0.0
2017-11-07,78.64,80.09,78.37,79.56,3385129,0.0
2017-11-08,79.26,79.9399,79.02,79.4,2717369,0.0
2017-11-09,78.97,79.88,78.97,79.7,1957906,0.0
2017-11-12,79.66,80.37,79.6,79.85,2545478,0.0
2017-11-13,79.54,79.88,79.03,79.38,2330843,0.0
2017-11-14,79.49,79.89,78.57,78.79,2747364,0.0
2017-11-15,78.72,80.16,78.5101,79.67,2202885,0.0
2017-11-16,79.63,80.07,79.275,79.62,2562554,0.0
2017-11-19,79.7,80.96,79.63,79.94,2801401,0.0
2017-11-20,80.12,80.29,79.76,80,1831734,0.0
2017-11-21,80.04,80.2,79.59,79.82,1740259,0.0
2017-11-23,80.25,80.35,79.54,79.75,943096,0.0
2017-11-26,79.76,80.04,79.45,79.61,2181206,0.0
2017-11-27,79.7,79.86,78.715,78.97,2580707,0.0
2017-11-28,78.95,81.56,78.83,81.09,3270202,0.0
2017-11-29,81.44,82.18,80.5,81.34,2528927,0.0
2017-11-30,80.95,81.6,80.29,81.2,2411788,0.0
2017-12-03,81.32,82.29,81.165,81.92,2013463,0.0
2017-12-04,82.05,82.48,80.51,80.63,2131438,0.0
2017-12-05,80.75,81.14,80.24,80.48,1750057,0.0
2017-12-06,80.17,80.5,79.31,79.36,1695856,0.0
2017-12-07,79.6,79.7055,77.935,78.48,3501890,0.0
2017-12-10,78.18,78.39,77.19,78.36,3048795,0.0
2017-12-11,78.33,79.09,78.12,78.95,2424431,0.0
2017-12-12,79.25,79.6,78.7699,79.29,1967687,0.0
2017-12-13,79.28,79.7,78.87,78.97,2129205,0.0
2017-12-14,79.8,79.83,79.01,79.53,3823788,0.0
2017-12-17,79.98,80.36,79.29,79.37,1793476,0.0
2017-12-18,79.52,79.82,78.39,78.49,2047104,0.0
2017-12-19,78.81,78.86,77.32,77.37,2973446,0.0
2017-12-20,77.84,78.17,77.07,77.88,2980579,0.0
2017-12-21,78.14,78.6,77.88,78.25,1955299,0.0
2017-12-25,78.12,78.47,78,78.11,1482765,0.0
2017-12-26,78.24,78.6,77.95,77.99,1255542,0.0
2017-12-27,78.22,78.29,77.72,77.92,1337802,0.0
2017-12-28,77.7,78.68,77.69,77.79,1693486,0.0
2018-01-01,78.22,78.31,76.88,77,2722233,0.0
2018-01-02,77.33,77.59,76.9,77.01,2559176,0.0
2018-01-03,77.23,78.22,77.06,77.95,2625896,0.0
2018-01-04,78.04,78.33,77.23,77.83,3328004,0.0
2018-01-07,77.82,78.58,77.82,78.48,2375462,0.0
2018-01-08,78.5,78.72,78.05,78.62,2296769,0.0
2018-01-09,78.65,78.65,77.4,77.86,2705585,0.0
2018-01-10,78.02,78.2,77.02,77.12,2757903,0.0
2018-01-11,77.35,77.57,76.6,77.34,3140988,0.0
2018-01-15,77.95,78.9204,77.56,78.65,3724010,0.0
2018-01-16,79.01,80.67,78.79,80.07,5310118,0.0
2018-01-17,80.16,80.6,79.02,79.28,2541595,0.0
2018-01-18,79.31,79.96,79.1,79.66,2702689,0.0
2018-01-21,79.82,80.45,79.76,80.18,2684586,0.0
2018-01-22,79.76,80.53,79.56,80.29,1896596,0.0
2018-01-23,80.5,80.59,79.71,79.87,2181906,0.0
2018-01-24,80,80.445,79.382,79.6646,1890190,0.0
2018-01-25,79.9,80,78.4,79.39,2677537,0.0
2018-01-28,79.13,79.88,78.39,78.41,2345540,0.0
2018-01-29,78.64,79.66,78.43,78.49,2363880,0.0
2018-01-30,78.61,78.88,77.85,78.38,2433731,0.0
2018-01-31,78.12,78.95,77.6,78.57,2342763,0.0
2018-02-01,78.12,78.34,76.65,77.17,4018642,0.0
2018-02-04,77.29,77.9385,74.175,74.27,4002628,0.0
2018-02-05,73.84,74.32,72.05,74.3,5759232,0.0
2018-02-06,73.84,74.71,73.52,73.54,5047550,0.0
2018-02-07,73.6,74.04,71.25,71.71,6507587,0.0
2018-02-08,72,72.66,70.2452,71.4,5408077,0.0
2018-02-11,71.52,72.63,71.45,71.81,3385821,0.0
2018-02-12,71.52,71.99,70.6799,71.7,2904890,0.0
2018-02-13,71.34,72.04,70.7,71.91,3613585,0.0
2018-02-14,72.19,72.78,70.65,72.7,5815349,0.0
2018-02-15,69.94,71.25,67.65,70.78,12448779,0.0
2018-02-19,70.78,70.8,68.02,68.71,6261699,0.0
2018-02-20,68.92,68.93,67.44,67.45,4805577,0.0
2018-02-21,67.38,68.249,67.05,67.64,4367699,0.0
2018-02-22,67.96,69.11,67.35,69.03,4369416,0.0
2018-02-25,69.65,70,68.56,69.73,4867166,0.0
2018-02-26,69.61,70.015,67.86,67.87,4282826,0.0
2018-02-27,68.27,68.59,67.03,67.04,3932550,0.0
2018-02-28,67.15,67.989,66.36,66.9,4011543,0.0
2018-03-01,67.02,67.61,66.52,67.16,3726650,0.0
2018-03-04,66.72,67.73,66.72,67.42,2772375,0.0
2018-03-05,67.7,67.87,67.23,67.76,2747188,0.0
2018-03-06,67.31,67.59,66.73,67.47,2404455,0.0
2018-03-07,67.05,67.36,66.465,67,2657495,0.0
2018-03-08,67.2,67.6,66.53,67.22,2948356,0.0
2018-03-11,67.26,67.89,67.1,67.7,2107217,0.0
2018-03-12,67.91,67.95,67.16,67.35,2591010,0.0
2018-03-13,67.61,67.91,66.22,66.58,3106590,0.0
2018-03-14,66.4,66.67,65.1148,65.46,4103578,0.0
2018-03-15,65.28,65.84,64.94,65.34,4587812,0.0
2018-03-18,65.18,65.36,63.58,63.96,5530728,0.0
2018-03-19,64.03,64.21,62.82,63.18,5740174,0.0
2018-03-20,62.51,62.76,61.75,62,5873202,0.0
2018-03-21,61.73,61.96,60.49,60.53,6434851,0.0
2018-03-22,60.73,61.6569,59.95,60.03,4611281,0.0
2018-03-25,60.88,61.73,60.53,61.65,3937696,0.0
2018-03-26,61.74,61.98,60.39,60.7,3918621,0.0
2018-03-27,60.84,61.96,60.751,61.37,3868642,0.0
2018-03-28,61.79,62.62,61.6848,62.28,3417479,0.0
2018-04-01,61.94,62,59.79,60.07,3769659,0.0
2018-04-02,60.62,60.66,59.48,60.23,4618340,0.0
2018-04-03,59.79,61.823,59.7261,61.38,3557063,0.0
2018-04-04,61.7,61.9,60.95,61.3,3068017,0.0
2018-04-05,61.09,61.98,60.16,60.53,2557955,0.0
2018-04-08,60.89,61.4,60.34,60.65,2936168,0.0
2018-04-09,61.65,61.82,60.62,61.24,3766249,0.0
2018-04-10,60.85,61.83,60.78,61.55,3115915,0.0
2018-04-11,61.53,61.7053,60.78,60.94,4229071,0.0
2018-04-12,61.03,61.13,60.49,60.91,2949240,0.0
2018-04-15,60.02,61.31,59.92,61.18,4384531,0.0
2018-04-16,61.69,61.81,61.09,61.69,3632074,0.0
2018-04-17,61.66,61.8,60.35,60.81,4173156,0.0
2018-04-18,60.7,60.89,59.63,59.73,5923613,0.0
2018-04-19,59.85,60.158,57.55,58.23,7978891,0.0
2018-04-22,58,58.19,57.41,57.69,6425871,0.0
2018-04-23,57.95,58,56.11,56.53,6984268,0.0
2018-04-24,56.52,57.4,56.29,56.86,5743378,0.0
2018-04-25,57.03,57.4657,56.51,57.34,4196341,0.0
2018-04-26,57.43,58.26,57.36,57.67,3254253,0.0
2018-04-29,57.9,58.16,56.36,56.38,3946001,0.0
2018-04-30,56.35,56.44,55.3,55.7,5297244,0.0
2018-05-01,55.88,55.95,54.11,54.2,7130075,0.0
2018-05-02,56.27,56.4,54.94,54.95,8842794,0.0
2018-05-03,55,58.45,54.69,58.02,7946934,0.0
2018-05-06,58.5,59.245,58.19,58.825,6349961,0.0
2018-05-07,58.69,59.13,57.62,58.77,6139158,0.0
2018-05-08,58.9397,59.32,58.09,58.48,3509513,0.0
2018-05-09,58.78,59.35,58.55,59.03,3034229,0.0
2018-05-10,58.97,59.86,58.97,59.24,3179157,0.0
2018-05-13,59.37,59.6,58.92,59.285,3069768,0.0
2018-05-14,59.16,59.49,58.62,59.04,4475098,0.0
2018-05-15,59.06,59.32,58.53,59.29,2811922,0.0
2018-05-16,58.72,58.84,57.72,58.07,3624434,0.0
2018-05-17,57.61,57.66,55.7148,56.79,6122717,0.0
2018-05-20,56.99,57.35,56.2024,56.45,3356309,0.0
2018-05-21,56.6,57.2558,56.21,56.585,3205653,0.0
2018-05-22,56.47,57.08,56.3,56.97,2246632,0.0
2018-05-23,57,57.16,56.38,57.06,2123153,0.0
2018-05-24,57.2,58.12,57.09,57.79,2653422,0.0
2018-05-28,57.57,57.86,56.94,57.4,3092501,0.0
2018-05-29,57.65,59.06,57.44,58.815,3780194,0.0
2018-05-30,58.79,58.94,57.15,57.48,3979142,0.0
2018-05-31,57.64,58.18,57.28,57.64,2917409,0.0
2018-06-03,57.85,58.66,57.75,58.41,2762547,0.0
2018-06-04,58.78,58.7916,57.6674,57.94,3604429,0.0
2018-06-05,58.09,58.09,57.01,57.92,3268432,0.0
2018-06-06,57.51,58.16,57.07,57.67,3608495,0.0
2018-06-07,57.79,58.59,57.67,58.48,3293337,0.0
2018-06-10,58.54,60.14,58.54,59.87,3845614,0.0
2018-06-11,60.23,60.65,59.29,60.13,3444845,0.0
2018-06-12,60.36,60.68,59.65,60.1,2753652,0.0
2018-06-13,60.39,61.01,59.94,60.67,2776988,0.0
2018-06-14,60.7,61.64,60.39,61.62,4712016,0.0
2018-06-17,61.4,62.65,60.47,60.86,3441225,0.0
2018-06-18,60.59,62.27,60.5,62.15,4825055,0.0
2018-06-19,62.27,63.34,62,63.05,4778214,0.0
2018-06-20,63.05,63.2,62.25,62.57,3440078,0.0
2018-06-21,62.76,63.45,62.66,63.21,2647267,0.0
2018-06-24,62.85,64.54,62.82,63.33,4127186,0.0
2018-06-25,63.58,63.61,62.35,63.21,2737962,0.0
2018-06-26,62.99,63.815,62.51,62.69,2510044,0.0
2018-06-27,62.84,63.32,62.505,62.64,2552943,0.0
2018-06-28,62.79,63.23,62.13,62.82,2057244,0.0
2018-07-01,62.58,62.59,61.52,62.09,2799188,0.0
2018-07-02,62.33,63.13,62.33,62.65,1218727,0.0
2018-07-04,62.99,64,62.64,63.94,2056614,0.0
2018-07-05,64.01,64.62,63.67,64.43,2211943,0.0
2018-07-08,64.65,64.75,63.62,63.97,2380784,0.0
2018-07-09,64.34,64.34,63.33,64.01,2467323,0.0
2018-07-10,63.91,64.28,63.51,63.74,1988881,0.0
2018-07-11,63.93,64.05,63.29,63.63,2048975,0.0
2018-07-12,63.64,64.59,63.5,63.85,3355404,0.0
2018-07-15,63.89,63.99,62.59,62.65,3043507,0.0
2018-07-16,62.64,63.38,62.55,63.05,4277215,0.0
2018-07-17,63.05,63.18,61.54,61.58,3383391,0.0
2018-07-18,61.31,62.01,60.88,61.35,5431668,0.0
2018-07-19,61.27,61.38,60.55,60.68,4163589,0.0
2018-07-22,60.57,60.89,60.14,60.29,4007742,0.0
2018-07-23,60.3,60.47,59.15,59.67,5110684,0.0
2018-07-24,59.71,60.16,58.94,59.84,2886616,0.0
2018-07-25,60.72,61.7,60.23,60.5,2854782,0.0
2018-07-26,60.6,61.0492,59.8868,60.25,2972767,0.0
2018-07-29,60.1,60.62,59.82,60.28,2340052,0.0
2018-07-30,60.61,61.17,60.01,60.25,4171840,0.0
2018-07-31,60.05,60.1,59.25,59.28,2695250,0.0
2018-08-01,59.1,59.65,58.2426,59.4,5557682,0.0
2018-08-02,61,64.99,60.38,64.48,13904999,0.0
2018-08-05,63.99,64.12,62.15,62.32,5828662,0.0
2018-08-06,62.5,62.54,61.075,61.31,4989680,0.0
2018-08-07,60.25,60.85,59.5,60.27,8964798,0.0
2018-08-08,60.46,60.62,59.68,59.99,4832788,0.0
2018-08-09,59.76,60,59.1,59.65,4143396,0.0
2018-08-12,59.54,59.71,58.83,59.28,4416964,0.0
2018-08-13,59.5,60.06,59.43,59.52,3146803,0.0
2018-08-14,59.56,59.58,58.98,59.1,4506480,0.0
2018-08-15,58.97,60.15,58.83,60.03,5049986,0.0
2018-08-16,60.3,61.31,59.77,61.01,4923861,0.0
2018-08-19,61.03,61.6817,60.61,60.64,3488153,0.0
2018-08-20,60.75,60.75,59.59,59.83,3853600,0.0
2018-08-21,59.98,60.1,59.34,59.54,2682480,0.0
2018-08-22,59.26,59.49,58.75,58.79,4161593,0.0
2018-08-23,58.92,59.42,58.76,59.02,3589449,0.0
2018-08-26,59.35,59.87,59.18,59.57,2512489,0.0
2018-08-27,59.51,59.87,58.79,58.8,3513821,0.0
2018-08-28,58.85,59.37,58.56,59.31,4454715,0.0
2018-08-29,59.13,59.57,58.165,58.21,4263903,0.0
2018-08-30,58.355,58.57,57.63,58.28,4344134,0.0
2018-09-03,58.45,58.62,56.55,56.65,5769921,0.0
2018-09-04,56.65,57.714,56.29,56.99,5856099,0.0
2018-09-05,57.04,57.25,56.06,56.8,7382826,0.0
2018-09-06,56.69,56.72,56.17,56.6,5654692,0.0
2018-09-09,56.9,57.4799,56.81,57.23,6176962,0.0
2018-09-10,57.35,57.865,56.69,57.77,6617575,0.0
2018-09-11,58.23,59.53,57.8,59.12,5032301,0.0
2018-09-12,59.25,59.91,58.9,59.48,4679233,0.0
2018-09-13,59.3,59.3589,58.6,58.97,3033801,0.0
2018-09-16,58.02,58.49,57.7,58.35,5626028,0.0
2018-09-17,57.92,58.05,56.38,57.1,5822753,0.0
2018-09-18,57.32,57.45,56.82,56.88,3981885,0.0
2018-09-19,57.22,57.9444,57.22,57.57,3775038,0.0
2018-09-20,57.93,57.94,57.05,57.13,5305529,0.0
2018-09-23,57,57.3,56.235,56.51,3703911,0.0
2018-09-24,56.65,56.843,55.6,55.65,3079797,0.0
2018-09-25,55.91,55.92,55.07,55.18,3672106,0.0
2018-09-26,55.11,55.775,54.32,55.03,6268870,0.0
2018-09-27,54.98,55.44,54.4,55.12,5277671,0.0
2018-09-30,55.49,55.935,55.225,55.54,5195196,0.0
2018-10-01,55.57,56.29,55.46,55.93,3228612,0.0
2018-10-02,56.07,56.5,55.38,55.59,4068965,0.0
2018-10-03,55.49,55.88,55.14,55.54,3262452,0.0
2018-10-04,55.69,56.04,55.23,55.9,3257200,0.0
2018-10-07,55.85,57.31,55.85,57.06,4377213,0.0
2018-10-08,57.3,57.48,55.59,56.08,6530819,0.0
2018-10-09,55.81,57.03,55.73,55.74,6168712,0.0
2018-10-10,55.97,56.23,53.57,53.82,7925349,0.0
2018-10-11,53.94,54.43,53.03,54.23,7443268,0.0
2018-10-14,54.05,54.96,54.05,54.47,3333778,0.0
2018-10-15,54.71,55.66,54.49,55.44,3561314,0.0
2018-10-16,55.41,57.02,55.3,56.41,5953388,0.0
2018-10-17,56.41,56.92,55.43,55.53,4672102,0.0
2018-10-18,56.23,57.755,56.1,57.55,6898727,0.0
2018-10-21,57.66,58.08,56.09,56.22,5164319,0.0
2018-10-22,56.2,56.8605,55.53,56.59,4827145,0.0
2018-10-23,56.42,57.38,55.705,55.77,4413270,0.0
2018-10-24,55.76,56.54,55.34,55.96,4475379,0.0
2018-10-25,55.51,55.58,54.3,54.63,5079232,0.0
2018-10-28,55.17,56.11,54.72,55.53,4945196,0.0
2018-10-29,55.62,56.43,55.33,55.84,4958785,0.0
2018-10-30,55.5,55.545,53.77,54.96,6404331,0.0
2018-10-31,55.13,56.5,54.61,56.08,5232479,0.0
2018-11-01,52.23,52.52,50.411,50.72,18926485,0.0
2018-11-04,51.07,53,51.04,52.345,9713495,0.0
2018-11-05,52.77,53.72,52.43,53.47,5922346,0.0
2018-11-06,53.85,54.03,52.9,53.55,4455092,0.0
2018-11-07,53.25,53.6,52.94,53.31,3816506,0.0
2018-11-08,53.36,54.145,53.07,53.98,4453937,0.0
2018-11-11,54.03,54.87,53.51,53.67,4026213,0.0
2018-11-12,53.75,54.27,52.98,53.38,4070670,0.0
2018-11-13,53.43,53.56,52.17,52.64,4798613,0.0
2018-11-14,52,52.27,51.45,51.98,5963993,0.0
2018-11-15,52.01,52.9,51.77,52.05,8252306,0.0
2018-11-18,51.97,52.74,51.73,51.9,4682717,0.0
2018-11-19,52.05,52.365,50.71,50.94,4982710,0.0
2018-11-20,51.03,51.48,50.72,51.16,3733312,0.0
2018-11-22,51.03,51.5,50.83,51.04,1533505,0.0
2018-11-25,51.56,51.72,50.95,51.08,3190411,0.0
2018-11-26,50.93,51.855,50.585,51.81,4343229,0.0
2018-11-27,51.32,51.41,50.62,51.19,5056169,0.0
2018-11-28,50.96,51.655,50.83,51.18,3985573,0.0
2018-11-29,51.11,51.29,50.78,51.12,3950418,0.0
2018-12-02,51.4,51.66,50.88,51.42,5255312,0.0
2018-12-03,51.4,51.69,49.86,50,5672531,0.0
2018-12-05,50,50.23,48.52,49.53,7435024,0.0
2018-12-06,49.4,49.9445,48.515,48.69,4016653,0.0
2018-12-09,48.86,49,47.19,48.29,5988623,0.0
2018-12-10,48.71,49.31,48.13,48.38,6128380,0.0
2018-12-11,48.95,49.1703,48.23,48.25,4902841,0.0
2018-12-12,48.37,48.6324,48,48.47,4322689,0.0
2018-12-13,48.36,48.45,47.3743,47.46,4897120,0.0
2018-12-16,47.5,47.9853,46.37,46.83,7111220,0.0
2018-12-17,46.98,47.24,45.88,46.139,6770183,0.0
2018-12-18,46.5,46.88,44.87,45.08,9668869,0.0
2018-12-19,45.08,45.48,44.42,44.86,10289505,0.0
2018-12-20,45.05,45.9,43.9463,44.03,10179957,0.0
2018-12-23,44.06,44.22,42.44,42.56,4922454,0.0
2018-12-25,42.66,43.28,41.6,43.28,8520013,0.0
2018-12-26,43.22,43.79,42.13,43.79,7990684,0.0
2018-12-27,43.89,44.55,43.39,43.565,7555091,0.0
2018-12-30,42.91,43.42,42.34,42.8392,8192700,0.0
2019-01-01,42.75,43.72,42.2848,43.3199,5216290,0.0
2019-01-02,43.15,43.88,42.98,43.33,5416588,0.0
2019-01-03,44.08,44.64,43.5,44.469,5344439,0.0
2019-01-06,44.49,45.71,44.01,45.355,5757627,0.0
2019-01-07,45.61,45.7337,45.04,45.385,6324582,0.0
2019-01-08,45.31,45.47,44.77,45.11,5636001,0.0
2019-01-09,45.15,45.62,44.79,45.43,4345762,0.0
2019-01-10,45.79,45.8683,44.785,45.5959,4166877,0.0
2019-01-13,45.57,46.42,45.44,46.2852,5284602,0.0
2019-01-14,46.66,46.92,46.24,46.865,5317722,0.0
2019-01-15,47,47.34,46.64,46.83,7783503,0.0
2019-01-16,46.92,47.09,46.31,47.065,5016428,0.0
2019-01-17,47.42,47.8,47,47.48,5465161,0.0
2019-01-21,47.84,47.9,46.51,47.17,6085533,0.0
2019-01-22,47.53,47.7,46.58,46.98,3908189,0.0
2019-01-23,46.58,47.075,46.4,46.5775,4937873,0.0
2019-01-24,46.84,47.24,46.66,46.7055,4657106,0.0
2019-01-27,46.78,47.11,46.06,46.89,5195535,0.0
2019-01-28,47.04,47.26,46.41,46.895,3694641,0.0
2019-01-29,47,47.14,46.52,46.72,4608381,0.0
2019-01-30,46.97,48.1,46.94,48.09,6319229,0.0
2019-01-31,48.14,48.24,47.525,47.735,3689735,0.0
2019-02-03,47.82,47.98,47.39,47.67,5056115,0.0
2019-02-04,47.62,48.16,47.46,48.13,4804568,0.0
2019-02-05,47.95,48.07,47.485,47.69,3925536,0.0
2019-02-06,47.07,47.6926,46.82,47.197,8443600,0.0
2019-02-07,47.2,47.43,46.64,47.43,4364879,0.0
2019-02-10,47.5,47.75,46.88,47.325,4301225,0.0
2019-02-11,47.59,48.47,47.5,48.11,4311997,0.0
2019-02-12,48.31,48.42,47.63,47.69,5181117,0.0
2019-02-13,47.48,47.66,46.89,47.37,4036624,0.0
2019-02-14,47.82,48.09,47.34,47.6101,5263232,0.0
2019-02-18,47.82,48.38,47.63,47.77,5971566,0.0
2019-02-19,47.9,48.5,47.63,48.25,5905744,0.0
2019-02-20,48.39,48.66,47.85,48.19,5570554,0.0
2019-02-21,35.85,36,34.51,34.944,119960856,0.0
2019-02-24,35,35.42,34.06,34.22,44798907,0.0
2019-02-25,34.24,34.51,33.04,33.11,34639570,0.0
2019-02-26,33.15,33.25,32.05,32.21,26880441,0.0
2019-02-27,32.42,33.64,31.82,33.21,35978935,0.0
2019-02-28,33.41,33.49,32.35,32.37,19192531,0.0
2019-03-03,32.9,33.55,32.77,33.24,17874849,0.0
2019-03-04,33.38,33.39,32.66,33.045,12554162,0.0
2019-03-05,33.13,33.2,32.75,32.87,8313712,0.0
2019-03-06,32.63,32.63,31.81,31.89,14042537,0.0
2019-03-07,31.69,32.3,31.6,32.11,11827378,0.0
2019-03-10,31.99,32.19,31.6512,32.18,10314124,0.0
2019-03-11,32.2,32.42,31.8562,31.99,8626894,0.0
2019-03-12,32.07,32.31,31.9,32.3,7582318,0.0
2019-03-13,32.34,32.5,31.85,31.88,7549216,0.0
2019-03-14,32.03,32.22,31.72,32.12,8005250,0.0
2019-03-17,31.8,32.1,31.53,32.03,12478567,0.0
2019-03-18,31.97,32.48,31.88,32.14,8871044,0.0
2019-03-19,32.1,32.18,31.74,32.03,9033537,0.0
2019-03-20,32.04,32.85,31.92,32.75,10218183,0.0
2019-03-21,32.83,32.85,32.19,32.3,11318034,0.0
2019-03-24,32.27,32.54,32.03,32.51,7040193,0.0
2019-03-25,32.54,33.05,32.51,32.9,6911080,0.0
2019-03-26,32.9,33.19,32.41,32.66,7040935,0.0
2019-03-27,32.7,33.03,32.68,32.89,5891962,0.0
2019-03-28,32.67,33.05,32.55,32.65,7039373,0.0
2019-03-31,32.8,32.98,32.47,32.49,3480841,0.0
2019-04-01,32.56,32.73,32.02,32.08,7986234,0.0
2019-04-02,32.24,32.36,32.02,32.26,7227369,0.0
2019-04-03,32.3,32.79,32.11,32.69,6770196,0.0
2019-04-04,32.69,33.2,32.62,33.18,7723244,0.0
2019-04-07,33.23,33.37,32.96,33.17,6136268,0.0
2019-04-08,33.16,33.23,32.85,32.96,5857980,0.0
2019-04-09,32.98,33.07,32.7,32.97,5851895,0.0
2019-04-10,33.08,33.195,32.8,33,5569130,0.0
2019-04-11,33.12,33.32,32.91,33.06,4903910,0.0
2019-04-14,33.09,33.18,32.84,33.14,4863813,0.0
2019-04-15,33.07,33.5,33.01,33.04,4295263,0.0
2019-04-16,33.05,33.11,32.85,32.89,5616235,0.0
2019-04-17,33.02,33.08,32.85,32.965,5916407,0.0
2019-04-21,33.53,33.78,32.81,32.88,9614279,0.0
2019-04-22,32.93,33.175,32.85,33.1,8152782,0.0
2019-04-23,32.86,32.9,32.329,32.77,7457545,0.0
2019-04-24,32.67,32.74,32.44,32.52,5179037,0.0
2019-04-25,32.7,33.1,32.575,33.06,5862577,0.0
2019-04-28,33.16,33.3258,33.03,33.26,5528424,0.0
2019-04-29,33.31,33.47,33.06,33.2,7306060,0.0
2019-04-30,33.2,33.57,32.93,32.98,6386851,0.0
2019-05-01,32.7,32.83,31.82,32.18,10347346,0.0
2019-05-02,32.35,32.66,32.035,32.57,6421965,0.0
2019-05-05,32.35,32.94,32.31,32.77,9340860,0.0
2019-05-06,32.63,32.96,32.2,32.5,7789939,0.0
2019-05-07,32.5,32.62,32.26,32.42,5021017,0.0
2019-05-08,32.3,32.64,31.97,32.58,6289150,0.0
2019-05-09,32.56,32.73,31.67,32.65,8110340,0.0
2019-05-12,32.29,32.43,31.82,31.95,7059942,0.0
2019-05-13,32.08,32.4,31.98,32.26,5535912,0.0
2019-05-14,32.2,32.44,31.86,32.39,5164685,0.0
2019-05-15,32.37,32.73,32.29,32.46,4511885,0.0
2019-05-16,32.41,32.87,32.205,32.52,5332303,0.0
2019-05-19,32.32,32.36,31.64,31.8,8005470,0.0
2019-05-20,31.92,32.18,31.53,31.98,5832703,0.0
2019-05-21,31.98,32.11,31.705,31.87,4988453,0.0
2019-05-22,31.71,31.76,31.2,31.47,6078967,0.0
2019-05-23,31.62,31.73,31.03,31.09,6989133,0.0
2019-05-27,31.1,31.12,29.01,29.06,19920819,0.0
2019-05-28,28.89,28.95,28.43,28.675,11649096,0.0
2019-05-29,28.28,28.31,27.25,27.4,14865032,0.0
2019-05-30,27.27,27.68,26.96,27.66,8708881,0.0
2019-06-02,27.68,28.49,27.67,28.43,11304401,0.0
2019-06-03,28.49,28.7317,28.4,28.68,8843166,0.0
2019-06-04,28.85,28.85,28.27,28.46,9191310,0.0
2019-06-05,28.44,28.64,28.17,28.64,7942870,0.0
2019-06-06,28.7,28.95,28.61,28.72,10301902,0.0
2019-06-09,30.1,30.5,29.85,30.3,22000152,0.0
2019-06-10,30.3,30.35,29.8,30.22,15865758,0.0
2019-06-11,30.21,30.37,29.97,30.12,12423256,0.0
2019-06-12,30.1,30.68,30.1,30.42,19432737,0.0
2019-06-13,30.49,30.53,29.98,30.32,22300894,0.0
2019-06-16,30.37,30.435,30.12,30.17,7142000,0.0
2019-06-17,30.43,30.49,30.12,30.27,9069375,0.0
2019-06-18,30.17,31.005,30.11,30.95,9958338,0.0
2019-06-19,31.15,31.365,30.92,31.09,7854680,0.0
2019-06-20,31.11,31.5,30.7913,31.5,9312097,0.0
2019-06-23,31.34,31.48,30.485,30.51,8985665,0.0
2019-06-24,30.39,30.85,30.3534,30.68,6761398,0.0
2019-06-25,30.41,30.95,30.16,30.84,6095529,0.0
2019-06-26,30.68,30.83,30.55,30.76,4533426,0.0
2019-06-27,30.76,31.07,30.68,31.04,4490189,0.0
2019-06-30,31.26,31.44,30.33,30.46,7016596,0.0
2019-07-01,30.43,30.64,30.23,30.52,5408718,0.0
2019-07-02,30.84,31.33,30.6381,31.23,5475741,0.0
2019-07-04,31.21,31.215,30.5243,31,4635690,0.0
2019-07-07,30.99,31.05,30.58,30.68,3778606,0.0
2019-07-08,30.6,30.81,30.435,30.49,4388144,0.0
2019-07-09,30.6,31.35,30.58,31.3,5793336,0.0
2019-07-10,31.43,31.5803,30.61,30.65,5138324,0.0
2019-07-11,30.65,30.92,30.55,30.8,3812590,0.0
2019-07-14,30.87,30.92,30.56,30.68,3219629,0.0
2019-07-15,30.68,30.7454,30.24,30.33,4257775,0.0
2019-07-16,30.39,30.52,30.26,30.44,3401418,0.0
2019-07-17,30.44,31.145,30.3525,31.06,5943964,0.0
2019-07-18,30.98,31.72,30.76,31.54,8628849,0.0
2019-07-21,31.58,31.84,31.31,31.5,6815258,0.0
2019-07-22,31.51,32.39,31.45,31.95,6020780,0.0
2019-07-23,31.94,32.08,31.58,32.07,5967904,0.0
2019-07-24,31.81,32.18,31.335,31.56,5177573,0.0
2019-07-25,31.67,31.95,31.44,31.85,3363918,0.0
2019-07-28,31.9,31.965,31.55,31.77,3604081,0.0
2019-07-29,31.63,31.86,31.3102,31.84,3778446,0.0
2019-07-30,31.87,32.26,31.465,32.01,7116829,0.0
2019-07-31,32.1,33.25,31.63,32.52,9466263,0.0
2019-08-01,32.57,32.66,31.79,32.22,4291398,0.0
2019-08-04,31.77,31.94,31.22,31.44,6591470,0.0
2019-08-05,31.44,31.5,30.55,30.57,6294230,0.0
2019-08-06,30.53,31,29.49,30.87,9459157,0.0
2019-08-07,26.73,28.24,26.05,28.22,40042078,0.0
2019-08-08,27.3807,27.66,26.44,26.5,17571228,0.0
2019-08-11,26.5,26.6,25.74,26.3,13652792,0.0
2019-08-12,26.12,26.6663,25.95,25.97,14421403,0.0
2019-08-13,25.85,26.28,25.19,25.51,13400042,0.0
2019-08-14,25.5,25.578,24.885,25.06,9050805,0.0
2019-08-15,25.2,25.65,25.101,25.42,9087331,0.0
2019-08-18,25.7,25.87,25.44,25.705,6065970,0.0
2019-08-19,25.28,25.41,25.09,25.135,5259159,0.0
2019-08-20,25.17,25.47,25.03,25.27,5181985,0.0
2019-08-21,25.29,25.72,25.22,25.62,6655105,0.0
2019-08-22,25.61,25.85,25.26,25.33,6179367,0.0
2019-08-25,25.53,25.6547,25.25,25.58,6071574,0.0
2019-08-26,25.58,25.6,24.98,25,6163757,0.0
2019-08-27,24.96,25.27,24.86,25.17,3673526,0.0
2019-08-28,25.41,25.56,25.3,25.33,5260442,0.0
2019-08-29,25.53,25.81,25.41,25.49,5788420,0.0
2019-09-02,25.42,26.14,25.22,26.06,6735468,0.0
2019-09-03,26.26,26.36,25.91,26.25,5498030,0.0
2019-09-04,26.36,27,26.36,26.58,6355525,0.0
2019-09-05,26.67,27.46,26.46,27.28,9331873,0.0
2019-09-08,27.32,28.16,27.25,28.09,7518397,0.0
2019-09-09,28.1,28.97,28.08,28.97,7644969,0.0
2019-09-10,29.11,29.68,28.78,29.27,9378092,0.0
2019-09-11,29.57,29.71,28.98,29.02,6174508,0.0
2019-09-12,29.19,29.485,29.07,29.25,4897785,0.0
2019-09-15,29.13,29.76,29.07,29.62,4729050,0.0
2019-09-16,28.49,28.72,28.24,28.35,21248435,0.0
2019-09-17,28.3,28.56,28.1,28.4,8261608,0.0
2019-09-18,28.4,28.5,28.04,28.17,6370562,0.0
2019-09-19,28.11,28.47,28.02,28.14,7838204,0.0
2019-09-22,28.2,28.28,27.925,28.21,6760826,0.0
2019-09-23,28.2,28.26,27.685,27.94,6363737,0.0
2019-09-24,27.98,28.2,27.869,28.12,5086116,0.0
2019-09-25,28.2,28.29,27.89,28.03,4830041,0.0
2019-09-26,28.1,28.23,27.705,27.82,4651686,0.0
2019-09-29,27.95,28.02,27.62,27.93,4081051,0.0
2019-09-30,27.93,28,27.22,27.34,4303031,0.0
2019-10-01,27.21,27.24,26.27,26.55,6300983,0.0
2019-10-02,26.49,26.56,25.97,26.54,4308322,0.0
2019-10-03,26.53,27,26.41,26.97,6185634,0.0
2019-10-06,27.03,27.185,26.72,26.94,6235314,0.0
2019-10-07,26.88,27,26.53,26.71,8892261,0.0
2019-10-08,26.87,26.92,26.5352,26.73,6647052,0.0
2019-10-09,26.79,27.0666,26.715,26.95,6413661,0.0
2019-10-10,27.03,27.32,26.97,27.08,16897377,0.0
2019-10-13,27.08,27.395,26.785,27.31,7215701,0.0
2019-10-14,27.3,27.62,27.103,27.49,8802371,0.0
2019-10-15,27.52,27.82,27.385,27.44,7012239,0.0
2019-10-16,27.5,27.82,27.28,27.77,7842471,0.0
2019-10-17,27.83,28.165,27.6,27.61,10183358,0.0
2019-10-20,27.5,28.02,27.41,27.8,4225671,0.0
2019-10-21,27.83,28.57,27.53,28.5,5557985,0.0
2019-10-22,28.47,28.61,28.07,28.61,6398534,0.0
2019-10-23,28.63,28.6308,28.12,28.45,4474636,0.0
2019-10-24,28.42,28.585,28.21,28.39,3556511,0.0
2019-10-27,28.36,28.48,28.13,28.37,4697423,0.0
2019-10-28,28.37,28.4,28.035,28.15,5559030,0.0
2019-10-29,28.1,28.68,27.94,28.5,8977966,0.0
2019-10-30,30.09,32.463,28.5,32.34,36460437,0.0
2019-10-31,32.12,33.38,32.12,32.62,14177944,0.0
2019-11-03,32.9,33.41,32.74,33.325,9254721,0.0
2019-11-04,33.29,33.29,32.38,32.92,7265041,0.0
2019-11-05,33.14,33.43,32.97,33.13,6455547,0.0
2019-11-06,33.17,33.25,32.48,32.73,4590093,0.0
2019-11-07,32.76,32.91,32.5,32.845,4060263,0.0
2019-11-10,32.89,32.89,32.575,32.76,3433456,0.0
2019-11-11,32.71,33.22,32.58,32.98,5548298,0.0
2019-11-12,32.87,33.42,32.715,33.3,4915919,0.0
2019-11-13,32.49,32.49,30.61,30.96,13988668,0.0
2019-11-14,30.96,31.5,30.92,31.3,6747082,0.0
2019-11-17,31.24,31.3,30.41,31.01,6604429,0.0
2019-11-18,31.11,31.4933,31.03,31.32,4476915,0.0
2019-11-19,31.15,31.44,30.96,31.09,4081569,0.0
2019-11-20,31,31,30.16,30.24,7955521,0.0
2019-11-21,30.35,30.64,30.22,30.54,4349958,0.0
2019-11-24,30.62,31.13,30.395,31.07,5314256,0.0
2019-11-25,31.2,31.25,30.28,30.48,6200892,0.0
2019-11-26,30.71,30.85,30.325,30.37,3837424,0.0
2019-11-28,30.32,30.56,30.18,30.51,1955472,0.0
2019-12-01,30.5,30.955,30.33,30.95,5165942,0.0
2019-12-02,30.82,30.9,30.47,30.8,4667381,0.0
2019-12-03,30.79,31.28,30.75,31.03,4483629,0.0
2019-12-04,31.28,31.68,31.09,31.24,4009732,0.0
2019-12-05,31.28,31.35,30.95,31.09,5854548,0.0
2019-12-08,31.24,32.24,31.14,31.92,7330136,0.0
2019-12-09,32.05,32.23,31.82,31.89,4645381,0.0
2019-12-10,31.94,32.125,31.59,31.59,5072315,0.0
2019-12-11,31.65,32.13,31.62,31.935,5102856,0.0
2019-12-12,32,32.12,31.4086,31.62,4948645,0.0
2019-12-15,31.76,32,31.55,31.74,3984022,0.0
2019-12-16,31.69,31.7837,31.355,31.64,5006494,0.0
2019-12-17,31.7,31.9,31.6236,31.74,5171452,0.0
2019-12-18,31.86,32.11,31.61,31.91,5313135,0.0
2019-12-19,32.03,32.25,31.78,32.22,8494156,0.0
2019-12-22,32.2,32.3,31.82,31.92,5941368,0.0
2019-12-23,32,32.08,31.865,31.99,1429580,0.0
2019-12-25,31.95,31.98,31.5,31.62,3401446,0.0
2019-12-26,31.72,31.885,31.53,31.61,3235066,0.0
2019-12-29,31.67,31.81,31.56,31.71,3453739,0.0
2019-12-30,31.7,32.315,31.54,32.13,4967136,0.0
2020-01-01,32.29,32.42,31.5,31.61,5316138,0.0
2020-01-02,31.5,31.65,31.22,31.25,4075446,0.0
2020-01-05,31.17,31.47,30.9,31.31,3924951,0.0
2020-01-06,31.25,31.285,30.51,30.76,5617764,0.0
2020-01-07,30.74,30.94,30.35,30.59,5039521,0.0
2020-01-08,30.67,30.69,29.94,30.58,7591257,0.0
2020-01-09,30.59,30.8742,30.57,30.7,4138319,0.0
2020-01-12,30.91,31.175,30.7,31.16,3835445,0.0
2020-01-13,31.13,31.75,31.12,31.75,4969995,0.0
2020-01-14,31.69,31.96,31.54,31.61,3556983,0.0
2020-01-15,31.7,32.02,31.65,31.73,3145932,0.0
2020-01-16,31.8,31.85,30.95,31.03,5763485,0.0
2020-01-20,30.96,31.12,30.405,31.02,12715933,0.0
2020-01-21,31.08,31.0842,30.5,30.66,8345776,0.0
2020-01-22,30.53,30.79,30.34,30.69,7305780,0.0
2020-01-23,30.7,30.725,30.09,30.41,9704345,0.0
2020-01-26,30.15,30.475,29.855,30.35,5178393,0.0
2020-01-27,30.45,30.67,30.085,30.13,5000972,0.0
2020-01-28,30.11,30.11,29.595,29.62,8227363,0.0
2020-01-29,29.61,29.99,29.27,29.945,5100260,0.0
2020-01-30,29.9,29.92,29.035,29.19,7112779,0.0
2020-02-02,29.2,29.38,28.92,29.14,4180640,0.0
2020-02-03,29.5,29.62,29.09,29.15,6982955,0.0
2020-02-04,29.36,29.95,29.11,29.37,8122433,0.0
2020-02-05,29.32,29.6,28.92,29.05,6186865,0.0
2020-02-06,28.96,30.3,28.71,29.54,12469802,0.0
2020-02-09,29.65,29.85,29.4,29.69,5271826,0.0
2020-02-10,29.89,30.15,29.62,30.01,5896489,0.0
2020-02-11,30.22,30.55,29.945,30.03,7510056,0.0
2020-02-12,29.116,29.23,27.36,27.77,33939601,0.0
2020-02-13,27.85,27.92,26.46,26.88,23085157,0.0
2020-02-17,26.77,27.45,26.3,27.34,16231792,0.0
2020-02-18,27.36,27.4527,27.11,27.31,7110569,0.0
2020-02-19,27.27,27.7781,27.15,27.44,5865389,0.0
2020-02-20,27.2,27.51,27.17,27.25,5821773,0.0
2020-02-23,26.96,27.14,26.26,26.63,11292551,0.0
2020-02-24,26.62,26.7,25.75,26.08,10731760,0.0
2020-02-25,26.23,26.24,25.36,25.65,10775598,0.0
2020-02-26,25.38,25.49,24.76,24.97,12773392,0.0
2020-02-27,24.55,24.81,24.01,24.77,13893722,0.0
2020-03-01,24.75,26.08,24.57,26.08,12569984,0.0
2020-03-02,26,26.52,25.255,25.505,10077081,0.0
2020-03-03,25.93,26.48,25.6,26.455,7572003,0.0
2020-03-04,25.83,26.75,25.73,26.65,11221872,0.0
2020-03-05,25.66,26.39,25.62,26.01,7759102,0.0
2020-03-08,24.08,24.7,23.67,23.94,15378649,0.0
2020-03-09,24.67,24.89,23.49,24.49,22615656,0.0
2020-03-10,23.91,24.24,23.305,23.65,19315118,0.0
2020-03-11,21.9,22.07,20.04,20.055,14039501,0.0
2020-03-12,21.24,23.99,20.7,23.965,13557199,0.0
2020-03-15,20.9,23.57,19.99,22.02,28046326,0.0
2020-03-16,22.21,23.91,20.84,23.83,11702065,0.0
2020-03-17,22.45,24,21.928,23.61,9475151,0.0
2020-03-18,23.16,23.56,21.92,22.3,23285516,0.0
2020-03-19,22.45,23.24,21.78,22.28,25221142,0.0
2020-03-22,22.32,23.3,20.67,20.74,26209852,0.0
2020-03-23,21.79,23.365,21.53,22.98,10070718,0.0
2020-03-24,23.39,24.32,22.88,22.95,14162577,0.0
2020-03-25,23.24,27.38,22.98,24.77,11079086,0.0
2020-03-26,24,25.18,23.61,24.25,7465881,0.0
2020-03-29,24.64,25.3,24.04,25.17,6380559,0.0
2020-03-30,25.11,25.49,24.395,24.71,11869404,0.0
2020-03-31,24.02,24.385,23.5,23.68,10724914,0.0
2020-04-01,23.48,24.79,23.36,24.64,6516083,0.0
2020-04-02,24.39,25.475,24.39,25.32,9551570,0.0
2020-04-05,26,26.12,25.56,25.9,12782180,0.0
2020-04-06,26.97,27.48,26.04,26.61,10976544,0.0
2020-04-07,26.75,27.5,26.61,27.32,6238859,0.0
2020-04-08,27.35,28.495,27.35,28.11,10154358,0.0
2020-04-12,27.9,28.175,27.34,27.93,11955404,0.0
2020-04-13,28.09,28.675,27.93,28.45,11900741,0.0
2020-04-14,28,28.09,27.41,28.06,16459190,0.0
2020-04-15,28.5,29.41,28.2,29.21,32693282,0.0
2020-04-16,29.12,29.49,28.645,29.33,20893755,0.0
2020-04-19,28.98,29.8,28.88,29.17,21502735,0.0
2020-04-20,28.93,29.13,28.31,28.47,15893220,0.0
2020-04-21,28.83,28.9,28.45,28.785,10606754,0.0
2020-04-22,28.62,29.05,28.46,28.54,12115034,0.0
2020-04-23,28.59,29.335,28.59,29.23,12275108,0.0
2020-04-26,29.5,30.25,29.35,30.19,19837154,0.0
2020-04-27,30.48,30.77,30.055,30.43,6343226,0.0
2020-04-28,30.54,31.035,30.17,30.51,6705863,0.0
2020-04-29,30.13,30.89,29.53,30.33,16001751,0.0
2020-04-30,29.99,30.24,29.15,29.39,5272561,0.0
2020-05-03,29.14,29.24,28.45,28.93,5351486,0.0
2020-05-04,29,29.485,28.86,28.95,4904711,0.0
2020-05-05,29.14,29.57,28.88,29.4,5089677,0.0
2020-05-06,29.58,29.72,28.73,28.83,8739105,0.0
2020-05-07,29.09,29.665,28.93,29.55,7831488,0.0
2020-05-10,29.31,29.575,29.26,29.33,3444731,0.0
2020-05-11,29.34,29.78,29.34,29.39,7912302,0.0
2020-05-12,29.44,29.52,28.48,28.76,11162390,0.0
2020-05-13,28.5,28.935,28.12,28.79,8064412,0.0
2020-05-14,28.71,29.32,28.56,29.19,4514486,0.0
2020-05-17,30.06,31.14,29.95,30.87,21343862,0.0
2020-05-18,30.82,30.93,29.9,29.91,11667910,0.0
2020-05-19,30.15,30.48,29.98,30.24,4098668,0.0
2020-05-20,30.06,30.11,29.59,29.72,3624041,0.0
2020-05-21,29.57,29.99,29.56,29.95,5898486,0.0
2020-05-25,30.36,30.735,30.14,30.22,5439953,0.0
2020-05-26,30.36,31.06,30.27,31.025,9207778,0.0
2020-05-27,30.62,30.75,30.26,30.41,6261500,0.0
2020-05-28,30.27,30.59,29.77,30.52,4529668,0.0
2020-05-31,30.5,30.78,30.32,30.425,4938076,0.0
2020-06-01,30.49,31.46,30.42,31.45,11833172,0.0
2020-06-02,31.5,31.83,31.28,31.3,4562956,0.0
2020-06-03,30.9735,31.5,30.82,31.49,11012298,0.0
2020-06-04,31.73,32.64,31.69,32.63,18095940,0.0
2020-06-07,32.54,34,32.51,33.95,21405040,0.0
2020-06-08,33.3,33.5,32.74,33.13,10406956,0.0
2020-06-09,33.09,33.1898,32.4,32.51,4701847,0.0
2020-06-10,31.72,31.91,31.14,31.185,5888052,0.0
2020-06-11,31.79,31.98,31.43,31.44,2670086,0.0
2020-06-14,31.26,32.12,30.99,32.12,8111511,0.0
2020-06-15,32.58,32.9,32.02,32.74,10056209,0.0
2020-06-16,32.92,33.38,32.76,32.8,4202264,0.0
2020-06-17,32.61,33.2,32.5,33.19,3330244,0.0
2020-06-18,33.25,33.7,33.07,33.48,11774536,0.0
2020-06-21,33.07,33.37,32.8,33.14,6034404,0.0
2020-06-22,33.2,33.3774,32.305,32.4,6560557,0.0
2020-06-23,32.25,32.315,31.67,32.125,5051633,0.0
2020-06-24,31.95,32.07,31.51,31.87,4327959,0.0
2020-06-25,31.89,31.89,30.8,30.9,5848040,0.0
2020-06-28,31,31.71,31,31.64,4270883,0.0
2020-06-29,31.64,32.05,31.4987,31.88,4419802,0.0
2020-06-30,31.93,32.03,31.485,31.67,3978184,0.0
2020-07-01,31.95,32.21,31.73,31.81,3752033,0.0
2020-07-05,32.08,32.34,31.85,32,3230868,0.0
2020-07-06,31.79,32.275,31.78,32.04,4061726,0.0
2020-07-07,32.04,32.16,31.48,31.86,3080313,0.0
2020-07-08,31.64,31.755,31.16,31.36,2872471,0.0
2020-07-09,31.35,32.31,31.35,32.29,4473684,0.0
2020-07-12,32.51,32.95,32.18,32.52,5343800,0.0
2020-07-13,32.3,33.435,32.28,33.3,5715844,0.0
2020-07-14,33.5,33.5,33.05,33.15,4420175,0.0
2020-07-15,33.57,34.69,33.44,34.43,8125576,0.0
2020-07-16,34.61,35.19,34.37,35.01,7602025,0.0
2020-07-19,34.92,34.92,33.91,34.12,5366794,0.0
2020-07-20,34.36,34.89,34.27,34.53,4041696,0.0
2020-07-21,34.65,34.96,34.28,34.9,3314369,0.0
2020-07-22,34.65,35.13,34.27,34.87,3655150,0.0
2020-07-23,34.9,35.25,34.511,34.69,4059352,0.0
2020-07-26,34.67,34.8875,34.49,34.83,3816746,0.0
2020-07-27,34.76,35.39,34.76,35.26,5503479,0.0
2020-07-28,35.55,35.87,35.4,35.56,6307554,0.0
2020-07-29,35.063,35.5,33.36,34.38,11594781,0.0
2020-07-30,34.12,34.83,33.83,34.4,7535537,0.0
2020-08-02,34.4742,35.05,34.25,34.8,4121424,0.0
2020-08-03,34.79,35.1399,34.38,35.09,4306676,0.0
2020-08-04,35.15,35.23,34.65,34.78,3487262,0.0
2020-08-05,34.84,35.33,34.67,35.28,4217032,0.0
2020-08-06,35.14,35.45,34.98,35.41,3299271,0.0
2020-08-09,35.115,35.12,34.52,34.8,3933580,0.0
2020-08-10,35,35.25,34.49,34.64,4114562,0.0
2020-08-11,34.89,35.5,34.765,35.33,3955230,0.0
2020-08-12,35.44,35.67,35.1333,35.57,4436742,0.0
2020-08-13,35.34,35.665,35.13,35.6,2368291,0.0
2020-08-16,35.68,36.3686,35.54,35.91,4444745,0.0
2020-08-17,36,36.01,35.26,35.65,3698357,0.0
2020-08-18,35.75,35.87,35.38,35.43,3445699,0.0
2020-08-19,35.26,35.31,34.73,34.86,3647914,0.0
2020-08-20,34.77,34.9,34.3167,34.56,4257688,0.0
2020-08-23,34.69,35.09,34.35,35.09,3878540,0.0
2020-08-24,35.31,35.41,34.915,35.37,3850392,0.0
2020-08-25,35.32,35.36,34.8301,35.31,4009904,0.0
2020-08-26,35.0914,35.235,34.7,34.76,3871559,0.0
2020-08-27,34.76,34.91,34.25,34.87,3519250,0.0
2020-08-30,34.86,35.14,34.56,35.04,3361229,0.0
2020-08-31,34.75,34.78,33.915,34.149,5183712,0.0
2020-09-01,34.292,34.94,34.11,34.71,4518956,0.0
2020-09-02,34.525,35.05,33.27,33.55,7678007,0.0
2020-09-03,33.69,33.93,33.1,33.46,5507157,0.0
2020-09-07,33.02,33.19,31.635,31.76,8388613,0.0
2020-09-08,32,32.05,31.25,31.64,7367749,0.0
2020-09-09,32.165,32.2,31.33,31.51,5022713,0.0
2020-09-10,31.66,32.17,31.24,31.7,6254895,0.0
2020-09-13,31.95,32.18,31.43,31.86,4467387,0.0
2020-09-14,32.67,33.93,31.8791,31.96,10550286,0.0
2020-09-15,32.42,32.43,31.16,31.35,8962508,0.0
2020-09-16,30.93,31.06,30.11,30.65,10174051,0.0
2020-09-17,30.7,30.7,29.475,29.74,11039150,0.0
2020-09-20,29.4,29.7,29.11,29.66,7450340,0.0
2020-09-21,29.72,29.87,29.135,29.2,4780725,0.0
2020-09-22,29.38,29.4795,28.69,28.78,5747317,0.0
2020-09-23,28.72,29.1699,28.565,28.84,4928849,0.0
2020-09-24,28.88,29.22,28.562,29.11,4683208,0.0
2020-09-27,29.66,29.99,29.43,29.83,3676644,0.0
2020-09-28,29.76,29.88,28.5,29.58,3436680,0.0
2020-09-29,29.61,30.21,29.61,29.94,3795820,0.0
2020-09-30,30,30.4,29.665,30.37,4252683,0.0
2020-10-01,29.94,30.58,29.93,30.47,4060723,0.0
2020-10-04,30.64,31.07,30.62,31,3715554,0.0
2020-10-05,31.02,31.27,30.5904,30.68,3347611,0.0
2020-10-06,30.81,31,28.5,30.84,2929482,0.0
2020-10-07,30.99,31.34,30.9,31.22,3619630,0.0
2020-10-08,31.29,31.475,31,31.11,3042967,0.0
2020-10-11,31.43,32.07,31.21,31.65,5367343,0.0
2020-10-12,31.67,32.46,31.52,32.405,5654028,0.0
2020-10-13,32.41,32.87,31.865,32.14,5091596,0.0
2020-10-14,31.8,32.32,31.56,32.3,2696035,0.0
2020-10-15,32.38,32.62,32.095,32.18,2738530,0.0
2020-10-18,32.25,32.3756,31.615,31.75,2478096,0.0
2020-10-19,32.03,32.32,31.9,31.99,2408779,0.0
2020-10-20,31.75,31.9,31.43,31.44,3038969,0.0
2020-10-21,31.43,31.61,31.06,31.21,4068488,0.0
2020-10-22,31.49,31.61,31.11,31.37,2725137,0.0
2020-10-25,31.01,31.19,30.405,30.59,4116253,0.0
2020-10-26,30.68,30.92,30.515,30.67,4192036,0.0
2020-10-27,30.25,30.35,29.21,29.25,6228525,0.0
2020-10-28,29.7,30.45,29.42,30.03,6632886,0.0
2020-10-29,30.24,30.69,29.955,30.61,8010005,0.0
2020-11-01,31.03,31.94,30.86,31.67,5681563,0.0
2020-11-02,31.86,32.5,31.7,31.75,4194364,0.0
2020-11-03,32.07,32.49,31.77,31.8,4553536,0.0
2020-11-04,31.86,32.36,31.47,31.7,6558956,0.0
2020-11-05,31.87,31.99,31.44,31.54,3179520,0.0
2020-11-08,32.39,32.58,30.565,30.595,8126211,0.0
2020-11-09,30.04,30.55,29.535,30.48,11561336,0.0
2020-11-10,30.68,31.38,30.42,31.36,5236020,0.0
2020-11-11,31.24,31.39,30.69,31.09,4818097,0.0
2020-11-12,31.27,31.61,31.05,31.58,2800138,0.0
2020-11-15,31.61,32.27,31.415,32.19,5393144,0.0
2020-11-16,31.83,31.85,31.325,31.59,4170522,0.0
2020-11-17,31.7,32.42,31.54,31.72,6164526,0.0
2020-11-18,31.56,31.95,31.4,31.88,5677387,0.0
2020-11-19,31.8,32.33,31.75,32.27,8544080,0.0
2020-11-22,32.37,32.88,32.19,32.59,5752307,0.0
2020-11-23,32.92,33.86,32.72,33.84,7516203,0.0
2020-11-24,33.21,33.25,32.5,32.55,5296177,0.0
2020-11-26,32.76,33.04,32.62,32.84,1989009,0.0
2020-11-29,32.615,32.97,32.465,32.95,3889898,0.0
2020-11-30,32.97,33.22,32.77,33.14,3894317,0.0
2020-12-01,33.06,33.32,32.75,32.78,4190955,0.0
2020-12-02,32.84,33.59,32.8,33.48,3989772,0.0
2020-12-03,33.76,34.15,33.64,34.125,5003652,0.0
2020-12-06,34,34.01,33.45,33.61,4037190,0.0
2020-12-07,33.63,34.45,33.49,34.34,5378585,0.0
2020-12-08,34.48,34.6,33.975,34.2,4367892,0.0
2020-12-09,34.01,34.24,33.88,34.1,3022722,0.0
2020-12-10,33.88,34.17,33.8,34.08,2991002,0.0
2020-12-13,34.16,34.7,34.14,34.4,4802814,0.0
2020-12-14,34.42,34.4992,33.92,34.33,4015386,0.0
2020-12-15,34.42,34.66,34.26,34.42,3660027,0.0
2020-12-16,34.66,34.78,34.463,34.62,2866223,0.0
2020-12-17,34.88,35.3697,34.51,34.76,7260606,0.0
2020-12-20,34.12,34.66,34.12,34.58,3416853,0.0
2020-12-21,34.6,34.81,34.34,34.4,2940637,0.0
2020-12-22,34.4444,35.04,34.4444,34.8,2760982,0.0
2020-12-23,34.79,34.98,34.62,34.97,1140056,0.0
2020-12-27,35.05,35.41,34.93,35.21,2770939,0.0
2020-12-28,35.31,35.3601,34.73,34.9,2865551,0.0
2020-12-29,34.9,35.03,34.64,34.69,1967651,0.0
2020-12-30,34.65,34.715,34.205,34.65,2757866,0.0
2021-01-03,34.59,34.68,33.91,34.23,4627989,0.0
2021-01-04,34.2874,34.42,33.225,33.57,7597433,0.0
2021-01-05,33.69,34.2,33.41,33.94,5727643,0.0
2021-01-06,34.02,34.0576,33.445,33.69,5144189,0.0
2021-01-07,33.505,33.65,33.21,33.63,5607167,0.0
2021-01-10,33.55,33.665,32.75,32.85,7504913,0.0
2021-01-11,32.85,32.98,31.72,32.17,9535733,0.0
2021-01-12,32.22,32.35,31.985,32.01,4865500,0.0
2021-01-13,32.1035,32.3,31.7228,32.086,6937590,0.0
2021-01-14,31.9,32.29,31.6,32,6091412,0.0
2021-01-18,32.14,32.595,31.855,32.35,5309719,0.0
2021-01-19,32.33,32.91,32.17,32.86,5932149,0.0
2021-01-20,32.85,32.9,32.38,32.79,4259947,0.0
2021-01-21,32.55,33.03,32.432,32.9,3537528,0.0
2021-01-24,32.81,33.79,32.74,33.76,5874354,0.0
2021-01-25,33.89,34.41,33.835,34.4,4265439,0.0
2021-01-26,34.07,35.295,34.07,34.72,6387934,0.0
2021-01-27,34.5,34.99,33.94,33.96,6079188,0.0
2021-01-28,33.59,34.35,33.2906,33.49,3701058,0.0
2021-01-31,33.46,33.82,33.22,33.22,4579798,0.0
2021-02-01,33.25,34.89,32.73,33.17,7596900,0.0
2021-02-02,33.27,33.27,32.77,33.01,3596312,0.0
2021-02-03,33.1,33.39,32.85,32.91,8696365,0.0
2021-02-04,33.33,34.14,33.15,33.8,6802093,0.0
2021-02-07,33.92,34.02,33.61,33.9,4058347,0.0
2021-02-08,33.91,34.1,33.44,33.7,4294440,0.0
2021-02-09,33.9,34.074,33.705,33.88,5481296,0.0
2021-02-10,34.23,36.2859,33.9,35.53,17259148,0.0
2021-02-11,35.74,36.44,35.29,35.37,8158515,0.0
2021-02-15,35.37,35.655,35.15,35.37,4728995,0.0
2021-02-16,35.4,37.14,35.22,37.02,8769800,0.0
2021-02-17,37.13,39.22,36.86,38.95,21850692,0.0
2021-02-18,38.49,38.65,37.18,37.49,13375161,0.0
2021-02-21,37.36,37.527,37.06,37.23,5586896,0.0
2021-02-22,37.4,37.8,36.47,37.12,5275093,0.0
2021-02-23,37.01,37.62,36.66,37.6,5017319,0.0
2021-02-24,37.93,38.5,37.2109,37.25,9528367,0.0
2021-02-25,37.25,37.41,36.37,36.38,6495379,0.0
2021-02-28,36.78,37.39,36.56,37.09,5265146,0.0
2021-03-01,37.17,37.63,36.89,37.31,4042079,0.0
2021-03-02,37.09,38.08,37.035,37.99,5844850,0.0
2021-03-03,38.02,38.88,36.75,37.2,10302727,0.0
2021-03-04,37.57,38.22,37.32,37.85,6516020,0.0
2021-03-07,37.82,38.87,37.82,38.67,5675036,0.0
2021-03-08,38.85,39.56,38.4,39.13,7577744,0.0
2021-03-09,39.62,39.71,38.942,39.51,6270026,0.0
2021-03-10,39.01,39.115,38.4,38.46,5067899,0.0
2021-03-11,38.53,38.59,37.81,38.12,6730239,0.0
2021-03-14,38.12,38.845,38.075,38.53,5117941,0.0
2021-03-15,38.63,38.95,38.46,38.74,5083101,0.0
2021-03-16,38.84,39.145,38.46,39.09,5115663,0.0
2021-03-17,38.93,39.25,38.77,38.95,7133757,0.0
2021-03-18,38.96,39.43,38.61,39.135,7861682,0.0
2021-03-21,39.04,39.58,38.97,39.56,3860742,0.0
2021-03-22,39.56,39.64,38.868,38.91,6167337,0.0
2021-03-23,38.84,38.969,38.22,38.24,4423186,0.0
2021-03-24,38.54,39.335,38.03,39.2,4759616,0.0
2021-03-25,39.35,40.14,38.88,40.045,6670429,0.0
2021-03-28,39.97,41.16,39.86,40.79,8001292,0.0
2021-03-29,40.9,41.2077,40.18,40.3,7355488,0.0
2021-03-30,40.06,40.36,39.74,40.01,4233566,0.0
2021-03-31,40.0718,40.09,39.3709,40.02,3731416,0.0
2021-04-04,40.05,40.49,40.07,40.31,3222177,0.0
2021-04-05,40.11,40.795,40.1,40.705,3611863,0.0
2021-04-06,40.8544,40.91,40.39,40.64,2751967,0.0
2021-04-07,40.59,40.85,40.52,40.81,3212658,0.0
2021-04-08,40.81,41.097,39.9,40.125,4688682,0.0
2021-04-11,40.32,40.89,40.15,40.71,3983149,0.0
2021-04-12,40.76,41.25,40.6,40.92,5373676,0.0
2021-04-13,40.59,40.7865,39.6597,40.29,8904053,0.0
2021-04-14,40.33,41.133,40.3,41.05,5537137,0.0
2021-04-15,41.16,41.47,40.765,41,5650687,0.0
2021-04-18,40.77,41.36,40.455,40.94,5481230,0.0
2021-04-19,40.84,41.07,40.43,41.02,4175353,0.0
2021-04-20,40.91,41.64,40.77,41.57,4514662,0.0
2021-04-21,41.47,41.49,40.8,40.98,4423721,0.0
2021-04-22,40.62,40.63,40.19,40.41,3905334,0.0
2021-04-25,40.37,40.6,39.89,40.14,6279733,0.0
2021-04-26,40.23,40.53,40.065,40.11,3455582,0.0
2021-04-27,40.26,40.48,39.96,40.12,5725026,0.0
2021-04-28,40.35,41.98,40.16,41.68,6455300,0.0
2021-04-29,41.31,41.6,40.76,41.29,5339773,0.0
2021-05-02,41.52,42.3,41.51,41.98,4378241,0.0
2021-05-03,42.09,42.48,41.89,42.36,6090884,0.0
2021-05-04,42.16,42.51,41.89,42.47,3866111,0.0
2021-05-05,42.71,43.2,42.55,43.11,4584218,0.0
2021-05-06,43.06,43.6,42.79,43.47,4524828,0.0
2021-05-09,43.48,44.26,43.42,43.62,4680953,0.0
2021-05-10,43.85,43.86,42.63,43.26,5311134,0.0
2021-05-11,43.14,43.63,42.84,42.94,4054644,0.0
2021-05-12,42.82,44.05,42.785,43.81,4200398,0.0
2021-05-13,44,44.425,43.72,43.72,2659510,0.0
2021-05-16,43.96,44.095,43.4612,43.81,2658613,0.0
2021-05-17,44,44.09,43.67,43.69,3218450,0.0
2021-05-18,43.54,43.61,43.22,43.56,3237450,0.0
2021-05-19,43.51,44,43.37,43.87,2714389,0.0
2021-05-20,43.9,44.19,43.78,44.13,3006201,0.0
