Date,Open,High,Low,Close,Volume,OpenInterest
2017-06-01,157.15,158.8299,157.01,158.73,1180112,0.0
2017-06-04,158.89,160.4975,158.07,160.29,1294343,0.0
2017-06-05,160.24,164.124,159.68,161.02,1615209,0.0
2017-06-06,162.06,162.69,160.985,162.28,1173248,0.0
2017-06-07,163.44,164.99,162.47,164.97,1353407,0.0
2017-06-08,165.35,167.05,154.38,157.79,2754719,0.0
2017-06-11,155.51,155.86,148.75,154.5,4300643,0.0
2017-06-12,156.66,157.905,152.9,155.13,2015316,0.0
2017-06-13,155.35,155.96,150.41,152.8,2022360,0.0
2017-06-14,149.59,150.7564,147.6,148.48,3282235,0.0
2017-06-15,148.83,150.97,147.66,148.21,2509520,0.0
2017-06-18,150.19,151.95,149.9,150.99,2126676,0.0
2017-06-19,151.5,152.94,149.525,150.11,1640741,0.0
2017-06-20,150.31,151.25,149.15,150.92,1306333,0.0
2017-06-21,151.32,152.415,149.52,150.04,1042211,0.0
2017-06-22,149.81,152.82,149.5228,151.78,1595851,0.0
2017-06-25,152.46,153.61,148.36,149.01,1874926,0.0
2017-06-26,148.26,148.57,144.44,144.6208,2330975,0.0
2017-06-27,145.17,148.17,142.8,147.83,2061207,0.0
2017-06-28,146.08,146.499,140.01,142.37,2149705,0.0
2017-06-29,143.37,143.57,140.83,141.42,2005198,0.0
2017-07-02,142.71,143.38,139.24,139.28,1101692,0.0
2017-07-04,140.42,142.7,139.94,142.53,1779288,0.0
2017-07-05,141.18,144.72,140.67,143.9,1854435,0.0
2017-07-06,147,149.68,146.4367,148.14,1916321,0.0
2017-07-09,148.73,151.005,147.86,150.84,1563068,0.0
2017-07-10,151.38,154.82,151.01,153.76,2009070,0.0
2017-07-11,155.41,156.35,152.92,154.58,1200928,0.0
2017-07-12,155.05,156.31,154.16,154.94,896725,0.0
2017-07-13,155.69,157.61,154.96,157.29,953690,0.0
2017-07-16,157.78,158.31,155.75,157,1259324,0.0
2017-07-17,157,159.5876,156.2369,159.34,1036834,0.0
2017-07-18,160.5,164.545,160.245,164.21,1914464,0.0
2017-07-19,164.98,165.12,161.82,164.83,1490948,0.0
2017-07-20,164.14,164.16,162.29,163.51,1409437,0.0
2017-07-23,163.5,164.68,163.27,164.26,913848,0.0
2017-07-24,164.08,164.82,162.475,164.47,1546084,0.0
2017-07-25,165.4,168.44,165.22,168.43,2319582,0.0
2017-07-26,169.1,170,161.271,164.76,4293625,0.0
2017-07-27,164.25,164.969,160.7841,161.59,1854517,0.0
2017-07-30,162.6,163,158.79,159.46,1578493,0.0
2017-07-31,160.27,160.49,157.17,157.44,1946779,0.0
2017-08-01,158.97,158.98,149.77,151.54,3757247,0.0
2017-08-02,149.5,151.49,148.26,148.91,2273336,0.0
2017-08-03,149.35,152.26,148.36,150.06,1655304,0.0
2017-08-06,150.45,155.9,150.035,155.85,1873022,0.0
2017-08-07,155.85,157.86,154.05,155.73,1674371,0.0
2017-08-08,155.46,156.36,153.37,155.19,1251593,0.0
2017-08-09,153.86,154.19,149.04,149.43,1739474,0.0
2017-08-10,149.85,154.43,149.82,154.25,1294115,0.0
2017-08-13,156.6,158.92,156.21,158.54,1452862,0.0
2017-08-14,158.59,160.609,157.77,160.21,1176050,0.0
2017-08-15,161.45,165.19,160.6401,163.21,4269855,0.0
2017-08-16,162.5,163.57,158.3,158.45,1405344,0.0
2017-08-17,160.2,161.87,158.35,160.49,1373009,0.0
2017-08-20,161.12,161.46,157.0201,158.39,1129924,0.0
2017-08-21,159.21,164.17,159.21,163.83,1562393,0.0
2017-08-22,163.14,163.97,160.74,161.68,1271673,0.0
2017-08-23,162.21,162.8,158.09,158.85,1042980,0.0
2017-08-24,159.3,159.97,156.5214,157.87,888125,0.0
2017-08-27,158.33,161.04,157.735,160.69,881689,0.0
2017-08-28,158.62,162.84,158.1,162.35,834077,0.0
2017-08-29,162.43,165,161.77,164.96,1106973,0.0
2017-08-30,165.62,167.32,165.184,165.98,1151903,0.0
2017-08-31,166.02,169.15,165.4364,166.8,1148185,0.0
2017-09-04,165.69,166.4,162.52,164.09,1010802,0.0
2017-09-05,165.25,165.85,163.04,164.98,969927,0.0
2017-09-06,165.33,168.7,164.84,168.59,924746,0.0
2017-09-07,167.74,168.7,165.3,165.84,923298,0.0
2017-09-10,167.51,170.65,167.41,169.95,1008709,0.0
2017-09-11,170.39,172.56,168.93,171.68,1033008,0.0
2017-09-12,172.29,172.49,169.88,171.53,795490,0.0
2017-09-13,170.84,174.37,170.29,172.57,1110788,0.0
2017-09-14,172.61,174.13,171.85,173.06,1772202,0.0
2017-09-17,174.41,178.18,173.95,177.28,1644608,0.0
2017-09-18,177.57,178.03,176,177.09,1475414,0.0
2017-09-19,177.41,177.64,170.4,172.99,1583535,0.0
2017-09-20,173.17,173.5445,170.13,172.31,1209669,0.0
2017-09-21,171.71,176.96,171.4,176.72,1216774,0.0
2017-09-24,176,176,170,170.18,1559594,0.0
2017-09-25,172.32,172.66,167.52,169.44,1742302,0.0
2017-09-26,175.1,180.625,173.055,179.38,2384704,0.0
2017-09-27,178.59,182.0789,177.69,181.87,1476588,0.0
2017-09-28,182.9,185.23,181.42,184.96,1241033,0.0
2017-10-01,185.04,187.57,183.4457,185.93,1397955,0.0
2017-10-02,186.46,186.7,182.8184,184.88,1050062,0.0
2017-10-03,183.97,185.27,182.1,185.02,995517,0.0
2017-10-04,185.27,185.569,180.792,182.81,1110545,0.0
2017-10-05,182.58,185.03,182.36,184.77,679812,0.0
2017-10-08,184.92,185.95,183.73,184.65,844622,0.0
2017-10-09,186.13,186.35,181.95,184.91,920983,0.0
2017-10-10,184.22,186.21,183.95,186.18,998162,0.0
2017-10-11,186.11,189.11,186.11,186.99,1550407,0.0
2017-10-12,188.64,190.305,187.52,189.9,1154235,0.0
2017-10-15,191,193.85,190.34,192.35,1782957,0.0
2017-10-16,195.01,195.49,191.9,194.62,2754914,0.0
2017-10-17,197.08,200.9108,193.12,200.49,4387955,0.0
2017-10-18,198.39,201,194.93,200.98,2430283,0.0
2017-10-19,202.42,206.34,202.42,205.34,2219438,0.0
2017-10-22,206.22,208.41,204.05,205.91,2052598,0.0
2017-10-23,206.67,206.76,203.2701,205.85,1412921,0.0
2017-10-24,205.8,205.8,199,203.1,1818955,0.0
2017-10-25,204.7,208.65,204.28,206.75,1426032,0.0
2017-10-26,207.9,208.4,204.5,207.99,1466188,0.0
2017-10-29,206.8,208.2,204.5,206.2,936182,0.0
2017-10-30,207.33,210.09,206.52,208.57,1152454,0.0
2017-10-31,210.45,210.45,200.5438,202.93,2048205,0.0
2017-11-01,203,207.02,201.51,206.83,1671785,0.0
2017-11-02,207.2,207.95,205.02,207.06,1246981,0.0
2017-11-05,207.57,207.87,204.4,206.66,1154298,0.0
2017-11-06,206.58,209.85,206.5,209.18,907561,0.0
2017-11-07,209.2,211.41,206.88,211.24,904883,0.0
2017-11-08,209.38,209.83,203.25,206.28,1501468,0.0
2017-11-09,205.86,207.65,204.5601,207.39,1070073,0.0
2017-11-12,205.37,209.37,204.56,209.19,888235,0.0
2017-11-13,208.76,209.4,206.55,208.64,644957,0.0
2017-11-14,210,210.85,206.05,207.859,1587311,0.0
2017-11-15,208.51,214.72,208.5001,213.2,1574898,0.0
2017-11-16,216.87,217,209.55,210.47,1359691,0.0
2017-11-19,211.72,216.21,211.55,215.1,1330329,0.0
2017-11-20,217.15,219.7,216.54,218.88,1452598,0.0
2017-11-21,219.2,219.5,214.24,215.17,1355610,0.0
2017-11-23,216.1,217.52,215.63,216.85,532160,0.0
2017-11-26,212.57,213.46,208,210.95,2072132,0.0
2017-11-27,211.63,215.39,209.73,213.16,1688886,0.0
2017-11-28,211.65,211.71,189.2601,194.64,6293905,0.0
2017-11-29,197.41,198.7336,191.31,192.24,3775094,0.0
2017-11-30,190,191.27,180.69,187.79,4464636,0.0
2017-12-03,189.69,189.84,179.5,180.73,4060211,0.0
2017-12-04,180.06,186.77,175.8,180.53,3906414,0.0
2017-12-05,179.24,184.32,177.5,184.23,2925723,0.0
2017-12-06,187.09,190.12,185.77,189.16,2454865,0.0
2017-12-07,191.25,193,186.03,186.49,2420676,0.0
2017-12-10,187.72,188.2,184,185.56,2018922,0.0
2017-12-11,184.5,185.37,181.14,181.6,1623213,0.0
2017-12-12,181.75,184.8222,181.28,181.4,2058917,0.0
2017-12-13,181.3,184.43,180.99,182.24,1829335,0.0
2017-12-14,183.29,187.455,181.81,186.48,2197785,0.0
2017-12-17,187.65,190.81,186.7,189.24,2177316,0.0
2017-12-18,188.13,189.42,185.65,186.19,1338649,0.0
2017-12-19,190.89,191.84,187.3,188.79,2304175,0.0
2017-12-20,188.79,189.15,184.75,185.64,1995729,0.0
2017-12-21,185.25,187.99,184.1,186.7,1089350,0.0
2017-12-25,184.26,185,182.31,184.34,1246231,0.0
2017-12-26,184.78,187.03,184,185.35,1093438,0.0
2017-12-27,185.94,187,184.9,185.52,841322,0.0
2017-12-28,185.58,186.72,184.02,184.12,979081,0.0
2018-01-01,185.25,189.52,183.87,189.26,1428040,0.0
2018-01-02,190.68,193.82,189.62,192.41,1898240,0.0
2018-01-03,195,196.85,193.15,193.37,1591224,0.0
2018-01-04,194.9,197.18,194.45,196.35,1164590,0.0
2018-01-07,196.33,199.49,196.25,197.84,1385455,0.0
2018-01-08,198.22,199.75,193.37,197.57,2210547,0.0
2018-01-09,194.34,195.23,190.29,191.66,2404330,0.0
2018-01-10,192.06,192.7,188.41,189.11,1999790,0.0
2018-01-11,189.12,191.3835,188.3,188.49,2053198,0.0
2018-01-15,192.18,195.82,188.4,190.34,3126391,0.0
2018-01-16,194.53,205.66,193.75,205.07,4527150,0.0
2018-01-17,203,206.35,199.76,205.43,3110675,0.0
2018-01-18,205.85,207.55,203.1001,207.53,1853141,0.0
2018-01-21,208.4,209.84,207.2,209.19,1939026,0.0
2018-01-22,211.03,215.14,210,215.05,3060646,0.0
2018-01-23,214.19,214.19,206.5628,209.82,3616452,0.0
2018-01-24,216,218.479,199,199.25,6553505,0.0
2018-01-25,201.95,206.42,200.28,202.4962,3688766,0.0
2018-01-28,201.24,202.28,193.28,195.97,2940747,0.0
2018-01-29,192.1,195.29,189.25,191.07,2740472,0.0
2018-01-30,192.91,193.83,190.25,191.52,1878123,0.0
2018-01-31,190,194.13,188.1998,189.06,2268045,0.0
2018-02-01,186.82,186.82,178.37,179.05,3918846,0.0
2018-02-04,175.42,182.9,170.32,170.36,4378816,0.0
2018-02-05,168.5,179,167.32,178.34,4352494,0.0
2018-02-06,175.83,179.43,171.6,171.63,2555399,0.0
2018-02-07,172.66,173.0749,162.21,162.24,3683078,0.0
2018-02-08,165.82,167.29,156.83,165.75,4690829,0.0
2018-02-11,168.08,174.48,167.27,172.96,3192127,0.0
2018-02-12,171.57,172.73,168.12,172.6,2314235,0.0
2018-02-13,171.4,183.09,171,183,4736085,0.0
2018-02-14,182.97,185.78,179.12,185.72,3379416,0.0
2018-02-15,185.45,191.205,184.6501,187.91,3397552,0.0
2018-02-19,186.93,196.05,186.41,193.5,2476855,0.0
2018-02-20,194.55,195,189.2,189.23,2493088,0.0
2018-02-21,190.16,190.44,186.9325,188.36,1177059,0.0
2018-02-22,190.24,193.67,188.61,193.0517,1557920,0.0
2018-02-25,194.48,198.97,193.15,198.43,1724819,0.0
2018-02-26,198.15,199.79,193.37,193.47,1869699,0.0
2018-02-27,194.44,196.67,191.33,191.87,2648928,0.0
2018-02-28,192.49,195.64,188.12,190.02,2272638,0.0
2018-03-01,185.05,194.89,182.1629,194.53,2048193,0.0
2018-03-04,193.06,200.02,191.2388,198.69,2457596,0.0
2018-03-05,200.14,209.5,199.51,207.93,5378854,0.0
2018-03-06,205.83,212.36,204.14,211.73,4361710,0.0
2018-03-07,214.01,214.94,210.95,212.74,2801918,0.0
2018-03-08,214.28,226.08,213.94,224.95,5115331,0.0
2018-03-11,226.05,230,223,228.67,3764814,0.0
2018-03-12,230.04,234.88,222.43,223.97,3530107,0.0
2018-03-13,223,226.125,221.06,222.71,2154309,0.0
2018-03-14,224,227,222.55,223.08,1809882,0.0
2018-03-15,224.18,225,221.285,221.93,1450488,0.0
2018-03-18,218.36,219.04,212.05,217.59,2908251,0.0
2018-03-19,218.49,221.19,217.95,219.13,1615664,0.0
2018-03-20,221.87,227.82,221.01,224.28,2858134,0.0
2018-03-21,220.5,222.93,214.65,214.88,2396419,0.0
2018-03-22,213.77,216.39,202.56,202.66,3956863,0.0
2018-03-25,210.65,215.02,207.27,214.96,2586594,0.0
2018-03-26,219.23,219.46,200.66,202.63,2936399,0.0
2018-03-27,199.63,201.75,194.26,196.21,2553729,0.0
2018-03-28,198.1,207.5,196.98,203.18,2340878,0.0
2018-04-01,201.49,202.89,191.35,193.86,2627143,0.0
2018-04-02,197.92,199.57,193.94,197.98,2007241,0.0
2018-04-03,191.23,202.66,190.5,201.67,2914003,0.0
2018-04-04,202.68,203.4115,192.2101,195.04,2691058,0.0
2018-04-05,190.91,196.27,189.09,190.71,2075831,0.0
2018-04-08,192.82,199.72,192.1102,193.15,1750368,0.0
2018-04-09,198.91,202.06,196.13,200.17,1881421,0.0
2018-04-10,198.25,203.46,197.71,200.87,1828790,0.0
2018-04-11,203.82,206.94,202.2505,206,1856145,0.0
2018-04-12,208.45,208.58,202.77,203.75,1620938,0.0
2018-04-15,205.25,205.91,201.6,203.6,1241196,0.0
2018-04-16,207.22,212.85,206.26,212.2801,4250112,0.0
2018-04-17,200.24,203.99,196.5,203.77,7255776,0.0
2018-04-18,198.58,201.14,188.785,190.4,6753733,0.0
2018-04-19,190.71,195.06,189.99,191.91,4039330,0.0
2018-04-22,193.5,196.4,190.44,191.865,2631710,0.0
2018-04-23,193.87,195.44,182.61,185.83,3912997,0.0
2018-04-24,185.99,189.575,181.6702,186.66,2243936,0.0
2018-04-25,190.89,192.99,188.82,190.42,2594438,0.0
2018-04-26,192.28,192.69,185.6,187.29,2188325,0.0
2018-04-29,187.35,188.89,183.96,185.07,2198987,0.0
2018-04-30,184.45,190.58,183.74,190.36,2061430,0.0
2018-05-01,190.29,191.95,188.29,189.53,1617661,0.0
2018-05-02,187.75,190.53,185.52,189.43,1461734,0.0
2018-05-03,188,196.88,187.63,195.445,2380570,0.0
2018-05-06,196.11,196.95,192.7224,193.46,2297252,0.0
2018-05-07,192.6,195.75,192.06,194.89,1366943,0.0
2018-05-08,195.6,200.023,195.145,199.7,1674305,0.0
2018-05-09,201.23,204.4,200.67,204.01,1316006,0.0
2018-05-10,202.42,204.76,200.87,201.57,1390349,0.0
2018-05-13,205.28,209.92,203.201,204.04,2028849,0.0
2018-05-14,203.22,204.2995,199.77,202.19,1399006,0.0
2018-05-15,203.41,208.19,202.66,206.91,1767056,0.0
2018-05-16,205.66,206.37,201.7311,203.36,1857806,0.0
2018-05-17,195.12,197.88,192.18,195.5,4105063,0.0
2018-05-20,199.12,200.94,196.5,199.87,1939477,0.0
2018-05-21,202.25,205.32,202,202.98,2152424,0.0
2018-05-22,199.98,203.97,199.8,203.32,1193690,0.0
2018-05-23,203.55,204.95,200.79,204.33,1637142,0.0
2018-05-24,202.98,203.89,201.18,202.04,1686794,0.0
2018-05-28,200.28,202.91,198.2623,200.28,1422245,0.0
2018-05-29,202.13,204.74,200.7,201.83,2060354,0.0
2018-05-30,200.66,202.1,197.85,198.17,2233234,0.0
2018-05-31,200,203.78,198.69,202.69,2573979,0.0
2018-06-03,202.4747,205.95,200.59,204.61,2122638,0.0
2018-06-04,204.68,205.47,201.43,201.84,1664011,0.0
2018-06-05,202.48,202.52,196.88,199.6,2495332,0.0
2018-06-06,192.26,192.78,184.81,188.82,9645112,0.0
2018-06-07,186.13,188.29,185.4,188.03,3409590,0.0
2018-06-10,187.65,187.83,183.19,183.68,4418463,0.0
2018-06-11,184.9,187.02,183.35,186.94,2622632,0.0
2018-06-12,184.21,188.495,184.0335,184.6,2897197,0.0
2018-06-13,185.17,186.55,180.9711,181.19,2783409,0.0
2018-06-14,179.11,180.9,178,178.45,2518852,0.0
2018-06-17,176.67,176.7,174,174.21,2685245,0.0
2018-06-18,170.9,174.825,170.51,173.44,2110679,0.0
2018-06-19,175.48,176.29,173.19,174.39,1839934,0.0
2018-06-20,178.17,179.25,175.3947,176.05,2356061,0.0
2018-06-21,177.49,177.6,172.94,174.33,1666795,0.0
2018-06-24,172.21,173,167.62,171.06,2730576,0.0
2018-06-25,175.63,175.75,171.74,173.94,2466066,0.0
2018-06-26,175.08,175.49,169.79,169.8,1847070,0.0
2018-06-27,168.01,171.14,166.37,170.87,2271177,0.0
2018-06-28,172.38,174.838,172.24,172.86,1896951,0.0
2018-07-01,169.99,173.27,168.61,173.11,1459417,0.0
2018-07-02,173.19,173.5,166.89,167.26,1560600,0.0
2018-07-04,169.31,172.3,169.29,171.86,1492305,0.0
2018-07-05,171.3,174.09,169,173.88,1579419,0.0
2018-07-08,175.73,177.12,172.3,177.03,1440248,0.0
2018-07-09,177.02,177.93,175.1,176.38,1358953,0.0
2018-07-10,174.39,175.99,168.8231,169.27,2511784,0.0
2018-07-11,170.11,173.42,169.72,171.33,1985840,0.0
2018-07-12,172.26,174.2,171.27,171.79,1547204,0.0
2018-07-15,171.12,172.9,170.7701,171.82,1207247,0.0
2018-07-16,170.53,178.04,170.53,177.24,1635849,0.0
2018-07-17,183,183.88,179.0501,181.31,2383038,0.0
2018-07-18,180,181.47,177.83,178.23,1420787,0.0
2018-07-19,178.18,178.44,175.8998,177.74,1112858,0.0
2018-07-22,176.36,176.5,171.53,174.84,1772473,0.0
2018-07-23,176.18,179.19,173,173.39,1594642,0.0
2018-07-24,173.49,174.38,170.44,172.88,1490471,0.0
2018-07-25,172.26,177.64,172,177.25,2311401,0.0
2018-07-26,185,193.45,184.5611,190.02,6327795,0.0
2018-07-29,189.49,190,185.88,187.85,2508165,0.0
2018-07-30,190.07,196.7,189.7443,190.65,2457688,0.0
2018-07-31,189.87,190.8,185.84,186.3,1650942,0.0
2018-08-01,183.78,188.08,183.62,187.1,1251014,0.0
2018-08-02,186.78,188.09,185.83,187.3,1047626,0.0
2018-08-05,186.21,188.58,186.16,188.37,1107818,0.0
2018-08-06,188.75,188.98,183.65,185.91,1748078,0.0
2018-08-07,185.05,190.5,184.71,189.97,1514493,0.0
2018-08-08,186.99,187.64,182.74,184.48,2514527,0.0
2018-08-09,180.57,181.43,177.4395,178.1,2136104,0.0
2018-08-12,178.86,179.1,176.05,178.13,1418254,0.0
2018-08-13,178.58,179.65,176.42,176.69,1289642,0.0
2018-08-14,174.47,174.82,170.89,172.88,2180279,0.0
2018-08-15,173.88,176.6978,172.3,174.3,1576191,0.0
2018-08-16,170.86,171.12,166.32,169.925,3031381,0.0
2018-08-19,169.57,172.01,166.97,171.28,1729866,0.0
2018-08-20,172.26,175.5,171.58,174.4,1792676,0.0
2018-08-21,173.43,175.09,172.701,173.08,896930,0.0
2018-08-22,172.59,174.45,172.3,172.73,1544258,0.0
2018-08-23,174.04,174.15,171.44,172.43,1536702,0.0
2018-08-26,173,178.075,172.945,176.21,2297030,0.0
2018-08-27,173.23,174.32,170.8,174.15,2617903,0.0
2018-08-28,173.28,174.94,171.87,172.62,1626398,0.0
2018-08-29,172.5,174.62,172.1505,172.47,1458996,0.0
2018-08-30,172.28,174.67,171.72,173.05,1154534,0.0
2018-09-03,171.86,172.92,168.34,171.95,1953971,0.0
2018-09-04,170.61,172.315,169.17,172.07,2009047,0.0
2018-09-05,170.3,170.8465,159.99,160.05,4214871,0.0
2018-09-06,158.6,161.42,158.52,159.61,1907535,0.0
2018-09-09,161.43,161.45,158.25,159.47,1609840,0.0
2018-09-10,155,156.195,153.19,155.38,2679952,0.0
2018-09-11,150.25,151.8,149.02,150.37,3855456,0.0
2018-09-12,152.03,154.41,151.02,153.12,1846368,0.0
2018-09-13,153.76,155.74,151.89,153.45,1702814,0.0
2018-09-16,152.68,154.42,151.82,152.1,1310208,0.0
2018-09-17,152.36,155.47,152.36,153.65,1051960,0.0
2018-09-18,155.36,155.36,152.72,153.22,1018853,0.0
2018-09-19,154.86,157.04,154.33,155.28,1619550,0.0
2018-09-20,153.51,156.55,153.51,155.68,1626755,0.0
2018-09-23,154.96,155.29,152.5101,154.73,1316097,0.0
2018-09-24,155.01,155.01,150.51,151.28,2344629,0.0
2018-09-25,148.05,151.76,147.5367,148.82,2584683,0.0
2018-09-26,150.21,151.74,148.54,150.58,1646572,0.0
2018-09-27,150.48,153.3,149.14,151.72,1509064,0.0
2018-09-30,150.63,151.86,149.1825,150.23,1728633,0.0
2018-10-01,149.5,154.85,149.2765,151.01,2072286,0.0
2018-10-02,151.84,153.31,150.22,152.18,1190934,0.0
2018-10-03,150.97,151,147.63,149,1780132,0.0
2018-10-04,148.77,150.45,146.8,147.89,1285541,0.0
2018-10-07,147.2,149.11,145.3,146.07,1601801,0.0
2018-10-08,145.62,145.9999,141.35,144.499,2896314,0.0
2018-10-09,142.4,143.67,138.76,139.85,3260613,0.0
2018-10-10,140.78,142.88,135.99,137.63,2805636,0.0
2018-10-11,142.76,146.64,140.77,143.59,2702607,0.0
2018-10-14,142,144.19,140.359,142.52,1709495,0.0
2018-10-15,144.22,146.45,143.27,145.31,2994087,0.0
2018-10-16,152.5,153.96,146.2,147.29,7260851,0.0
2018-10-17,145.82,146.54,143.405,145.21,3161069,0.0
2018-10-18,145.72,148.55,144.42,145.2,2552587,0.0
2018-10-21,146.73,147.59,143.64,144.26,1591459,0.0
2018-10-22,139.6,147.66,139.5801,146.39,2810268,0.0
2018-10-23,144.25,145.23,139.15,139.26,2643509,0.0
2018-10-24,140.98,144.05,139.39,142.58,2131970,0.0
2018-10-25,138.46,142.26,136.56,139.09,2619031,0.0
2018-10-28,140.78,142.52,133.42,135.8,2603202,0.0
2018-10-29,135.83,141.08,134.86,139.27,2680757,0.0
2018-10-30,141.66,143.07,140.2201,141.73,1822406,0.0
2018-10-31,142.64,152.04,142.495,151.84,3220093,0.0
2018-11-01,152.93,154.1,150.07,151.51,2107003,0.0
2018-11-04,151.27,151.4999,145.465,147.61,1291655,0.0
2018-11-05,146.78,152.39,146.5,152.07,1935826,0.0
2018-11-06,153.99,154,151.17,151.68,1934060,0.0
2018-11-07,150.02,153.31,149.24,151.71,781225,0.0
2018-11-08,149.57,150.86,146.89,147.81,1245507,0.0
2018-11-11,145.55,146.01,142.07,142.9,1698432,0.0
2018-11-12,145.07,147.13,143.11,143.95,1937061,0.0
2018-11-13,145.62,147.66,141.58,142.77,2324673,0.0
2018-11-14,142.17,147.78,141.6,146.44,2674018,0.0
2018-11-15,142.52,150.6555,141.62,148.05,3556873,0.0
2018-11-18,146.89,148.58,143.55,143.75,2240781,0.0
2018-11-19,140.24,149.11,139.87,143.44,4749724,0.0
2018-11-20,145.92,147.58,144.34,144.49,1999316,0.0
2018-11-22,142.89,147.21,142.89,144,815761,0.0
2018-11-25,146.5,146.96,144.17,146.76,1290847,0.0
2018-11-26,145.41,147.79,144.89,146.86,1767721,0.0
2018-11-27,147.59,153.92,145.01,153.92,2879813,0.0
2018-11-28,152.32,154.92,151.82,152.76,1748355,0.0
2018-11-29,153,157.18,150.83,157.13,2222182,0.0
2018-12-02,161,162.87,158.25,161.02,3412813,0.0
2018-12-03,158.53,159,148.505,149.68,4635187,0.0
2018-12-05,145,147.4125,142.05,145.86,5147931,0.0
2018-12-06,145.62,145.69,137.4382,138.02,2822484,0.0
2018-12-09,137.31,139.22,135.16,137.81,2510249,0.0
2018-12-10,140.41,144.77,137.39,138.29,2013471,0.0
2018-12-11,141.07,141.7553,137.4021,138.41,2501774,0.0
2018-12-12,139.51,140.56,137.73,138.75,1425489,0.0
2018-12-13,136.13,137.47,133.92,135.38,2639165,0.0
2018-12-16,135.03,139.18,133.94,135.61,1979028,0.0
2018-12-17,137.03,142.3486,136.28,137.92,1942887,0.0
2018-12-18,135.59,140.43,129.93,131.09,3164761,0.0
2018-12-19,132.12,132.95,126.65,128.32,3951259,0.0
2018-12-20,129.11,131.99,126.74,127.16,2524133,0.0
2018-12-23,126.57,127.42,123.22,123.35,1205484,0.0
2018-12-25,124.97,130.94,122.64,130.92,2266185,0.0
2018-12-26,127.91,133.28,127.51,133.26,1650726,0.0
2018-12-27,133.6,138.04,133.325,135.28,1927048,0.0
2018-12-30,136.78,137.9,134.31,135.52,1368684,0.0
2019-01-01,133.46,139.645,133.4,138.0599,1390598,0.0
2019-01-02,135.36,136.35,131.35,132.05,1670935,0.0
2019-01-03,134.09,138.24,133.35,137.91,1646003,0.0
2019-01-06,138.47,141.07,137.39,139.29,1095967,0.0
2019-01-07,140.23,140.47,133.36,136.8675,2350506,0.0
2019-01-08,138.71,144.67,138.28,143.405,2838375,0.0
2019-01-09,143.09,145.57,141.39,144.58,1645741,0.0
2019-01-10,143.95,147.07,142.9,144.04,1815952,0.0
2019-01-13,142.25,142.32,138.63,140.73,2184275,0.0
2019-01-14,141.32,142.36,138.88,139.9822,1290003,0.0
2019-01-15,140.14,141.75,138.67,138.84,1473204,0.0
2019-01-16,137.97,141.95,136.65,141.55,1541722,0.0
2019-01-17,143.29,149.88,143.1,147.24,3343438,0.0
2019-01-21,146.35,146.53,138.43,139.54,2186211,0.0
2019-01-22,140.67,142.27,137.5826,139.4,2373587,0.0
2019-01-23,150.25,162.18,150.02,160.85,12419530,0.0
2019-01-24,163.03,166.81,159.75,165.33,6214915,0.0
2019-01-27,159.99,167,158.995,166.16,3904090,0.0
2019-01-28,169.34,169.97,163.91,165.37,3131311,0.0
2019-01-29,167.43,172.53,166.65,170.59,3596513,0.0
2019-01-30,169.61,172.9,167.86,169.9,2761036,0.0
2019-01-31,170.2,173.5,169.425,172.62,2511629,0.0
2019-02-03,172.46,173.95,170.88,172.82,1358998,0.0
2019-02-04,172.58,174.44,171.7,173.48,1805820,0.0
2019-02-05,174.33,180.525,174,177.18,3137515,0.0
2019-02-06,175.015,176.7,173.26,175.67,1810688,0.0
2019-02-07,172.68,175.64,171.65,175,1425462,0.0
2019-02-10,175.63,177,174.8351,176.05,1485838,0.0
2019-02-11,178,180.14,177.3,179.37,1637157,0.0
2019-02-12,180.08,182.96,179.28,181.02,1865002,0.0
2019-02-13,180.06,185.2369,180.06,181.655,1719523,0.0
2019-02-14,182.02,183.15,179.34,181,2002443,0.0
2019-02-18,180.94,183,180.36,180.38,1385263,0.0
2019-02-19,181.17,183.2,180.56,182.23,1766693,0.0
2019-02-20,182.19,182.84,178.57,178.82,1731881,0.0
2019-02-21,176.44,179.91,175.1,179.16,2473313,0.0
2019-02-24,182.3,182.3844,179.42,179.6,1688596,0.0
2019-02-25,178.89,180.32,178.2,178.55,1305007,0.0
2019-02-26,177.64,178.21,174.32,177.23,1616623,0.0
2019-02-27,176.16,177.04,174.8999,176.14,1389675,0.0
2019-02-28,177.67,179.0593,175.89,176.75,1234607,0.0
2019-03-03,177.35,180.29,176.56,177.78,2154235,0.0
2019-03-04,176.96,177.27,173.4,173.53,2422800,0.0
2019-03-05,173.5,173.93,168.18,169.19,2832105,0.0
2019-03-06,168.51,168.535,164.89,167.15,2178063,0.0
2019-03-07,164.7,169.41,163.6,168.83,1773289,0.0
2019-03-10,169.63,173.08,169.52,172.06,1554408,0.0
2019-03-11,172.86,173.21,170.9001,172.09,1465964,0.0
2019-03-12,173.11,173.11,170.01,170.41,1779188,0.0
2019-03-13,171,178.43,171,176.53,3338508,0.0
2019-03-14,186.71,187.96,182.24,182.41,2916053,0.0
2019-03-17,181.82,183.37,178.51,180.23,1887966,0.0
2019-03-18,180.28,182.3342,178.99,179.38,1429977,0.0
2019-03-19,179.17,180.69,174.6,175.68,1741944,0.0
2019-03-20,175.79,186.585,175.79,183.73,2748342,0.0
2019-03-21,182.31,184.44,178.9774,179.49,1881199,0.0
2019-03-24,179.03,180.8,176.93,179.12,1098392,0.0
2019-03-25,179.74,182.695,179,180.04,1418021,0.0
2019-03-26,180.17,180.8,177.1,177.65,1245450,0.0
2019-03-27,177.77,178.99,174.11,175.67,1512911,0.0
2019-03-28,177.77,179.79,177.08,179,1225351,0.0
2019-03-31,182,185.01,181.45,184.71,680394,0.0
2019-04-01,185.07,185.81,183.02,184.26,1176470,0.0
2019-04-02,187.63,193.08,186.23,191.56,2764031,0.0
2019-04-03,189.59,193.82,189.31,191,1999196,0.0
2019-04-04,193.21,195.79,192,195.15,1875385,0.0
2019-04-07,193.6,194.62,191.34,193.57,1575185,0.0
2019-04-08,191.82,191.95,189.1658,190.45,1596368,0.0
2019-04-09,189.8,191.6112,188.6,190.83,1348547,0.0
2019-04-10,191.31,193.47,190.5,191.32,1042410,0.0
2019-04-11,194.11,195.3,192.47,194.05,1065662,0.0
2019-04-14,193.375,193.375,189.945,192.8,1229914,0.0
2019-04-15,194.5,196.88,193.8683,194.63,1403703,0.0
2019-04-16,197.34,197.97,194.29,196.31,1546282,0.0
2019-04-17,196.73,197.28,194.47,194.8,1169801,0.0
2019-04-21,196.29,196.75,193.09,195.22,1093987,0.0
2019-04-22,195,196.24,193.4,194.84,1362455,0.0
2019-04-23,195.15,199.98,194.59,195.39,2281853,0.0
2019-04-24,203,209.5,202.5006,204.96,4310544,0.0
2019-04-25,203,207.19,199.6,206.4,2612423,0.0
2019-04-28,206.73,207.73,204.38,206.12,1349975,0.0
2019-04-29,206.23,208.805,205.2855,207.37,1443038,0.0
2019-04-30,208.04,209.04,203.89,204.03,1041659,0.0
2019-05-01,203.96,207.38,203.3966,206.79,1196695,0.0
2019-05-02,207.39,208.81,206.17,207.8,1138577,0.0
2019-05-05,200.33,205.28,198.75,204.54,1162966,0.0
2019-05-06,200.89,201.91,194.85,200,2605493,0.0
2019-05-07,198.5,201.7,197.0933,199.71,1379214,0.0
2019-05-08,196,199.97,193.03,198.64,1807543,0.0
2019-05-09,197.09,199.5,193.94,197.94,1530403,0.0
2019-05-12,191.3,192.01,186.94,188.24,2586935,0.0
2019-05-13,190.46,194.06,189.47,192.45,1464476,0.0
2019-05-14,191.16,197.9,190.65,195.48,1414612,0.0
2019-05-15,192.04,196.48,190.6584,194.4,1563482,0.0
2019-05-16,193.09,200,193,194.11,2278594,0.0
2019-05-19,188.64,189.65,182.74,183.71,3007281,0.0
2019-05-20,186.61,188.61,185.49,186.91,1692286,0.0
2019-05-21,185.38,188.53,185.15,187.181,1042351,0.0
2019-05-22,183.8,185.88,182.27,185.45,1658232,0.0
2019-05-23,186.78,187.98,181.7,181.85,1925170,0.0
2019-05-27,183.54,184,178.65,178.77,2110934,0.0
2019-05-28,177.13,178.4,174.7,177.55,2378634,0.0
2019-05-29,177.95,182.2,177.52,178.62,1127271,0.0
2019-05-30,176.31,179.5763,174.53,174.58,1330007,0.0
2019-06-02,175.48,177.445,171.07,172.4,2190071,0.0
2019-06-03,174.54,180.8,172.76,180.3,2033253,0.0
2019-06-04,181.16,183.16,178.93,182.31,1836691,0.0
2019-06-05,182.35,185.25,181.65,184.65,1416824,0.0
2019-06-06,185.63,189.26,184.6306,186.66,1438536,0.0
2019-06-09,188.09,193.77,188.09,191.17,1440899,0.0
2019-06-10,194.91,195.29,189.37,189.91,1321581,0.0
2019-06-11,183.37,184.22,178.82,179.85,2428323,0.0
2019-06-12,180.84,182.21,178.75,180.23,3003580,0.0
2019-06-13,176.32,177.46,173.5,176.79,3890314,0.0
2019-06-16,176.79,176.79,172.38,172.51,1642120,0.0
2019-06-17,174.98,184.05,174.4335,180.47,2065978,0.0
2019-06-18,181.94,183.37,179.42,181.51,1089421,0.0
2019-06-19,185.08,186.49,182.355,183.97,976587,0.0
2019-06-20,182.69,185,182.43,183.07,1301176,0.0
2019-06-23,182.09,182.97,180.61,181.26,1386658,0.0
2019-06-24,181.23,181.62,175.58,175.81,1791544,0.0
2019-06-25,179.37,182.54,178.59,181.28,1753329,0.0
2019-06-26,182.89,186.79,182.75,186.13,1587138,0.0
2019-06-27,189.145,189.735,187.09,187.87,1328137,0.0
2019-06-30,194.57,197.95,189.12,191.34,2136638,0.0
2019-07-01,190.97,190.97,185.52,187.225,1400267,0.0
2019-07-02,187.39,187.89,184.5919,184.85,852936,0.0
2019-07-04,183.18,184.17,181.1,183.74,1764955,0.0
2019-07-07,179.2,182.42,178.92,181.34,1327527,0.0
2019-07-08,180.09,184.04,179.91,183.07,1572209,0.0
2019-07-09,185.35,189.58,183.72,184.19,1675423,0.0
2019-07-10,185.74,185.74,182.32,184.87,1497008,0.0
2019-07-11,186.47,192.39,185.47,191.27,1747240,0.0
2019-07-14,192.36,193.74,191.09,192.77,856549,0.0
2019-07-15,191.07,192.56,189.4,189.81,998351,0.0
2019-07-16,190.45,192.5,188.11,191.74,1361507,0.0
2019-07-17,193.08,200.1,192.16,198.23,1892871,0.0
2019-07-18,200.29,200.7978,196.93,198.49,1440372,0.0
2019-07-21,202.88,207.87,202.87,207.2,2139529,0.0
2019-07-22,207.6,210,206.36,209.76,1696430,0.0
2019-07-23,210,218.49,209,217.01,2993931,0.0
2019-07-24,213.68,214.27,210.07,210.74,1824386,0.0
2019-07-25,211.45,212.9,209.55,210.79,882221,0.0
2019-07-28,210.31,211.17,207.85,210.82,888560,0.0
2019-07-29,208.63,212.73,207.56,211.37,850850,0.0
2019-07-30,210.7,212.36,206.16,208.69,2385269,0.0
2019-07-31,207.89,217.7,204.045,205.695,2796082,0.0
2019-08-01,204.32,204.99,200.71,204.38,1939161,0.0
2019-08-04,197.76,198.76,191.62,193.43,1937335,0.0
2019-08-05,197.23,199.66,193.12,194.49,1758193,0.0
2019-08-06,192.45,197.35,190.71,196.45,1949394,0.0
2019-08-07,201.01,202.39,198.37,201.47,1546007,0.0
2019-08-08,199.34,200.28,194.42,195.32,1566761,0.0
2019-08-11,194.39,197.18,193.797,196.31,1044016,0.0
2019-08-12,196.31,206.55,195.09,205.72,1974069,0.0
2019-08-13,199.35,201.54,197.255,198.42,1457637,0.0
2019-08-14,199.73,200.94,196.4463,198.96,930650,0.0
2019-08-15,198.93,206.33,198.37,205.06,1554397,0.0
2019-08-18,210,211.215,207.15,208.13,1254828,0.0
2019-08-19,208.21,208.73,205.3272,206.76,748116,0.0
2019-08-20,209.11,209.58,206.92,208,810583,0.0
2019-08-21,208.18,211.52,206.06,210.52,858375,0.0
2019-08-22,207.65,209.5,199.75,200.36,1663472,0.0
2019-08-25,204.32,205.53,200.04,201.35,1094402,0.0
2019-08-26,203.43,203.43,198.14,199.63,977953,0.0
2019-08-27,199.66,203.81,197.16,203.34,1041254,0.0
2019-08-28,207,210,206.28,207.63,1250754,0.0
2019-08-29,211.38,213.0495,209.34,210.51,1010176,0.0
2019-09-02,211,214.01,209.02,212.94,1675117,0.0
2019-09-03,215.28,222.22,215.23,221.61,2173605,0.0
2019-09-04,227.17,232.255,225.535,226.74,2619827,0.0
2019-09-05,227.11,229.94,225.1,227.93,1482841,0.0
2019-09-08,229.72,232.64,228.17,230.42,2037407,0.0
2019-09-09,229.65,232,226.4901,231.94,1596463,0.0
2019-09-10,232.18,234.75,230.56,234,1657920,0.0
2019-09-11,235.63,236.34,231.692,234.86,1054743,0.0
2019-09-12,236.63,237.9,233.94,235.55,1293999,0.0
2019-09-15,232.79,237.08,230.62,234.94,1033779,0.0
2019-09-16,234.19,236.8,232.4,236.77,1287825,0.0
2019-09-17,235.01,238.69,234.32,237.65,1376947,0.0
2019-09-18,238.8,238.9,235.355,236.78,1139289,0.0
2019-09-19,237.21,239.4,233.31,235.09,2031694,0.0
2019-09-22,235,240.09,234.38,238.08,1039468,0.0
2019-09-23,239.2,240,234.32,235.81,1643714,0.0
2019-09-24,232.99,241.96,232.77,241.59,1519368,0.0
2019-09-25,241.85,244.98,241.1,242.91,1582671,0.0
2019-09-26,238.81,238.81,227.455,230.08,2690208,0.0
2019-09-29,229.73,233.305,227.29,231.12,1322631,0.0
2019-09-30,233,235.53,228.21,230.33,1361298,0.0
2019-10-01,227.18,229.58,225.95,227.98,1324187,0.0
2019-10-02,229.32,230.1,225.17,229.05,1224965,0.0
2019-10-03,230.17,233.41,229.43,233.19,1758414,0.0
2019-10-06,233.17,234.5,231.92,232.06,2000167,0.0
2019-10-07,229.87,231.25,225,227.66,2566736,0.0
2019-10-08,232,234.74,231.07,233.14,2827046,0.0
2019-10-09,232.59,237.41,232.166,234.62,2292750,0.0
2019-10-10,239.81,240.28,236.61,236.98,2135371,0.0
2019-10-13,237.66,237.85,235.64,236.28,1305405,0.0
2019-10-14,237.76,243.575,236.8018,242.1,3028469,0.0
2019-10-15,238,239.88,233.76,234.71,3517972,0.0
2019-10-16,238.89,240.29,235.28,236.11,2287561,0.0
2019-10-17,235.52,235.7,230.23,233.61,2762766,0.0
2019-10-20,237.7,239.87,235.25,238.47,1010789,0.0
2019-10-21,239.59,240.045,234.84,234.9,879676,0.0
2019-10-22,232.57,235.48,231.15,232.97,1633316,0.0
2019-10-23,252.45,265.85,251.95,265.6,4995457,0.0
2019-10-24,265,270.63,263.01,270.11,2253197,0.0
2019-10-27,272.54,282,272.1,281.19,2353461,0.0
2019-10-28,280.47,282.88,275.57,276.49,1958038,0.0
2019-10-29,276.5,278.36,274,277.52,1063154,0.0
2019-10-30,276.79,277.54,267.23,271.2,1834945,0.0
2019-10-31,273.82,278.51,272.3037,278.25,1380689,0.0
2019-11-03,280,281.72,274.4052,278.09,1198540,0.0
2019-11-04,279.55,280.82,274.39,277.86,1305754,0.0
2019-11-05,276.46,276.72,270.25,275.43,1533353,0.0
2019-11-06,278.25,278.3,272.3,274.1,1013708,0.0
2019-11-07,271.3,273.25,269.1,272.76,1130525,0.0
2019-11-10,269.66,273.11,268.6316,271.26,1041577,0.0
2019-11-11,275.6,276.57,269,269.98,980955,0.0
2019-11-12,268.87,272.87,267.67,272.49,774398,0.0
2019-11-13,271.8,275.81,270.81,275.09,1092521,0.0
2019-11-14,280.14,285.8723,280,283.77,1993509,0.0
2019-11-17,283.98,285.765,280.8,282.73,1205370,0.0
2019-11-18,284.57,284.57,276.58,276.71,1156207,0.0
2019-11-19,275.98,277.26,270.4,274.13,1069312,0.0
2019-11-20,266.29,269.68,262.9,263.9,2263509,0.0
2019-11-21,265.48,266.67,260.12,261.98,1171328,0.0
2019-11-24,264.07,270.06,263.67,268.94,1333394,0.0
2019-11-25,270,271.41,267.2201,269.56,799933,0.0
2019-11-26,270.8,272.055,269.38,271,716558,0.0
2019-11-28,270.8,270.8,265.79,266.83,638467,0.0
2019-12-01,266.48,266.48,261.3261,262.82,1163523,0.0
2019-12-02,256.79,261.6,255.5,257.83,1411747,0.0
2019-12-03,262.75,264.44,261.37,262.9,1045816,0.0
2019-12-04,264.65,265.25,262.43,264.73,763862,0.0
2019-12-05,268,272.585,266.85,269.95,1186073,0.0
2019-12-08,271.31,272.21,267.06,268.02,888087,0.0
2019-12-09,268.5,271.63,267.18,269.03,983700,0.0
2019-12-10,268.75,276.05,268.515,275.38,1237110,0.0
2019-12-11,274.45,285.53,274.09,284.7,1638835,0.0
2019-12-12,283.89,288.87,280.51,281.96,2148733,0.0
2019-12-15,286.15,288.44,284.25,284.25,1261518,0.0
2019-12-16,286.5,291.25,285.33,290.68,1820679,0.0
2019-12-17,290.41,291.895,286.89,287.9,1044210,0.0
2019-12-18,290.61,293.41,288.28,293.33,1090070,0.0
2019-12-19,297.79,299.39,293.72,297.43,2042477,0.0
2019-12-22,298.38,299,294.27,294.43,883788,0.0
2019-12-23,295.69,296.08,292.115,294.58,352406,0.0
2019-12-25,294.97,295.32,293.14,294.83,534366,0.0
2019-12-26,295.92,296.37,292.765,293.7,500467,0.0
2019-12-29,292.51,293.215,287.64,292.53,707157,0.0
2019-12-30,291.5,292.59,288.52,292.4,631240,0.0
2020-01-01,295.78,299.8,294.491,298.14,1188346,0.0
2020-01-02,292.05,296.81,291.72,294.67,797701,0.0
2020-01-05,289.79,292.03,287.54,289.19,963981,0.0
2020-01-06,291.74,298.535,291.376,296.39,1246636,0.0
2020-01-07,297.48,301.67,295.2,300.03,1191369,0.0
2020-01-08,302.12,303.88,293.5,297.9,1190007,0.0
2020-01-09,299.11,301.2822,292.95,294.38,1230747,0.0
2020-01-12,294.38,297.33,292.505,297.31,923387,0.0
2020-01-13,300.14,304.37,296.74,300.75,1423703,0.0
2020-01-14,299.28,300.55,296.72,298.4,987735,0.0
2020-01-15,301.82,307.258,300.9516,305.96,1185590,0.0
2020-01-16,307.05,308.49,302.16,307.92,1484453,0.0
2020-01-20,308.19,311.9066,307.31,308.72,2572921,0.0
2020-01-21,311,315.36,310.75,311.24,2554638,0.0
2020-01-22,312.19,312.68,307.55,312.4,2756842,0.0
2020-01-23,315.89,316.73,303.71,306.53,3007547,0.0
2020-01-26,297.03,298.6775,292.69,293.79,1547409,0.0
2020-01-27,298.78,303.25,293.3554,301.69,1566092,0.0
2020-01-28,302.23,303.99,295.91,298.43,1517362,0.0
2020-01-29,318.4,319,305.76,310.95,3641291,0.0
2020-01-30,308,308.97,297.27,298.16,2150567,0.0
2020-02-02,300,309.58,300,308.44,1594697,0.0
2020-02-03,316.49,326.82,316.12,325.39,2307446,0.0
2020-02-04,331.23,332.49,323.7,325.57,1771871,0.0
2020-02-05,326,326.85,323,323.52,1113680,0.0
2020-02-06,320.63,321.28,314.72,315.23,1182195,0.0
2020-02-09,313.98,319.89,313,319.89,937170,0.0
2020-02-10,322.87,326.83,322.87,325.65,1237542,0.0
2020-02-11,328,335.18,328,334.63,1492814,0.0
2020-02-12,335.05,344.32,333.62,341.68,1844739,0.0
2020-02-13,341.49,344.21,336.7601,339.3,880920,0.0
2020-02-17,323.24,332,323,325.49,2532361,0.0
2020-02-18,331.18,335.4099,330.3,334.08,1309503,0.0
2020-02-19,331.95,334.04,324.02,328.39,1650533,0.0
2020-02-20,326.22,327.04,315.24,316.74,1954010,0.0
2020-02-23,299.2,305.3074,295.12,300.22,2858351,0.0
2020-02-24,305.82,306.9,289.39,292.11,2372147,0.0
2020-02-25,296.24,304.63,294.62,296.71,1845813,0.0
2020-02-26,285.64,293.755,282.01,285.62,2505237,0.0
2020-02-27,275.82,294.45,273.66,294.45,2740526,0.0
2020-03-01,296.64,300.55,284.015,300.37,2126907,0.0
2020-03-02,300.3,308.3,288.59,291.38,2255669,0.0
2020-03-03,298.87,306.3,293.8,306.3,1718350,0.0
2020-03-04,297.85,309.65,296,299.14,2415074,0.0
2020-03-05,290.77,298.6699,285.25,294.43,1798072,0.0
2020-03-08,273,283.2584,267.23,267.23,2310343,0.0
2020-03-09,275.68,287.86,267.44,287.86,2162225,0.0
2020-03-10,279.7,284.49,272.583,276.41,5458926,0.0
2020-03-11,257.07,265.5899,237.45,237.85,3334849,0.0
2020-03-12,254,262.94,242.63,261.77,2320725,0.0
2020-03-15,223.82,245.77,213.08,213.54,5521022,0.0
2020-03-16,217.07,237.825,203.73,229.29,3257825,0.0
2020-03-17,203.44,215.34,181.38,194.53,3036158,0.0
2020-03-18,190.52,201.396,187.02,195.01,6125362,0.0
2020-03-19,200.01,224.14,187.11,187.8,3488271,0.0
2020-03-22,190.68,199.95,185.84,192.86,2708108,0.0
2020-03-23,209.49,232.63,207.365,230.64,2619403,0.0
2020-03-24,231.82,250.11,228.31,233.51,2596746,0.0
2020-03-25,240.18,260.98,235,260.67,2909957,0.0
2020-03-26,253.35,262.88,240.4,241.21,2903468,0.0
2020-03-29,244.55,257.9327,241.24,255.77,3720872,0.0
2020-03-30,252.25,254.99,238.09,240.39,2421843,0.0
2020-03-31,228.95,237.195,220.21,223.35,2204064,0.0
2020-04-01,219.58,226.36,215.921,220.59,1718025,0.0
2020-04-02,223.06,224.44,213.29,218.3566,1280846,0.0
2020-04-05,231.62,252.4,229.075,250.75,5782390,0.0
2020-04-06,264.52,265,251.44,255.38,4747672,0.0
2020-04-07,259.89,272.27,257.3311,266.71,1698317,0.0
2020-04-08,271.7,277.42,255.76,258.28,2271749,0.0
2020-04-12,256.21,259.3,250.24,258.78,2481008,0.0
2020-04-13,266.2,274.49,263.59,272.5,2715642,0.0
2020-04-14,266,266.4,258.55,262.81,3938292,0.0
2020-04-15,270.01,274.94,263.29,270.58,6254393,0.0
2020-04-16,278.1552,280.22,271.47,279.02,4514874,0.0
2020-04-19,273.03,274.92,266.34,266.93,4746749,0.0
2020-04-20,262.42,263.41,242.57,243.41,10834888,0.0
2020-04-21,255.455,272.86,255.455,271.64,7324429,0.0
2020-04-22,268.85,276.47,262.79,263.96,9720936,0.0
2020-04-23,268.53,268.68,258.11,266.67,3798036,0.0
2020-04-26,270.2,274.427,262.88,264.41,3804853,0.0
2020-04-27,270.23,271.4899,259.47,261.84,1524250,0.0
2020-04-28,268,281.95,265.17,279.98,1927812,0.0
2020-04-29,275,275.69,254.71,255.28,6416538,0.0
2020-04-30,246.73,247,229.69,234.85,5476256,0.0
2020-05-03,233.98,234.982,231.38,234.46,4927410,0.0
2020-05-04,240.6137,252.04,239.9,242.81,2076706,0.0
2020-05-05,249.35,254.49,244.01,244.46,4006530,0.0
2020-05-06,250,253.76,247.1,247.78,2798552,0.0
2020-05-07,252.9043,266.37,252.055,265.35,2639032,0.0
2020-05-10,262.47,265.19,259.1,262.315,2831310,0.0
2020-05-11,265.2739,266.91,255.71,255.71,1602517,0.0
2020-05-12,255.96,257.24,241.78,247.99,4735640,0.0
2020-05-13,243.56,269.99,240.34,269,6609530,0.0
2020-05-14,252.75,258.0899,248.81,251.84,6593048,0.0
2020-05-17,259.4884,262.99,253.46,257.44,2265611,0.0
2020-05-18,257.85,268.2,256.4086,261.89,1789080,0.0
2020-05-19,268,273.416,267.12,271.34,3399064,0.0
2020-05-20,270.25,271.289,260,260.7,1584629,0.0
2020-05-21,262.36,263.83,257.63,261.33,1315412,0.0
2020-05-25,269.5,272.05,265.84,266.36,1613969,0.0
2020-05-26,268.32,276.46,258.21,276.1,2305049,0.0
2020-05-27,273,279.805,265.365,266.63,4064180,0.0
2020-05-28,270.51,275.8,266.09,273.91,1991182,0.0
2020-05-31,270.6,276.2694,269.86,271.03,1293312,0.0
2020-06-01,272.41,273.49,267.1,271.58,3001224,0.0
2020-06-02,278.51,290,275.55,286.89,2225187,0.0
2020-06-03,285.53,293.6,283.16,291.92,3746282,0.0
2020-06-04,299.89,310,299.38,304.92,4561832,0.0
2020-06-07,306.85,308.03,296.21,297.59,2657760,0.0
2020-06-08,295.65,305.77,293.11,302.33,3006002,0.0
2020-06-09,301.41,304.67,299.45,301.44,1488683,0.0
2020-06-10,292.29,298.63,281.88,281.95,3462212,0.0
2020-06-11,292.8029,294.4,284.6,284.68,453338,0.0
2020-06-14,275.85,291.7385,274.51,291.45,1835873,0.0
2020-06-15,303.48,308.75,299.67,305.98,2321753,0.0
2020-06-16,310.59,314.44,307.62,313.63,1572844,0.0
2020-06-17,314.01,317.725,312.53,314.81,2307833,0.0
2020-06-18,320.3,325.115,313.54,315.15,3754353,0.0
2020-06-21,312,314.84,307.0617,312.18,1350881,0.0
2020-06-22,315.02,319.0599,312.5,315.77,1531422,0.0
2020-06-23,311.04,316.63,303.97,305.78,1590911,0.0
2020-06-24,308.17,313.38,300.6058,312.8,1294356,0.0
2020-06-25,312.4,312.69,300.36,302.53,1763291,0.0
2020-06-28,303.75,309,300.61,308.7,1281624,0.0
2020-06-29,311.19,325.8,308.93,323.09,2521806,0.0
2020-06-30,322.15,322.77,316.12,317.45,1352430,0.0
2020-07-01,322.86,327.4488,318.64,323.85,1549743,0.0
2020-07-05,330.01,336.99,328.98,334.83,1244157,0.0
2020-07-06,332.13,337.27,327.5,327.89,1017834,0.0
2020-07-07,332.79,335.4,329.39,333.89,835965,0.0
2020-07-08,337.36,338.9284,331.05,335.55,1524944,0.0
2020-07-09,335.09,340.29,330.65,339.81,1334582,0.0
2020-07-12,343,350.24,336.85,337.05,1963263,0.0
2020-07-13,336.07,347.51,331.4,346.21,1679771,0.0
2020-07-14,347.07,348.8,335.61,343.46,1460957,0.0
2020-07-15,340.27,346.71,338.89,344.54,934171,0.0
2020-07-16,347.86,348.33,341.1501,346.27,855199,0.0
2020-07-19,346.27,355.94,342.01,353.72,1072290,0.0
2020-07-20,357.37,362.2,352.34,357.02,1568796,0.0
2020-07-21,359.97,363,356.5,361.96,942326,0.0
2020-07-22,358.85,367.56,354.155,354.96,1143354,0.0
2020-07-23,344.21,348,336.28,345.5,1865165,0.0
2020-07-26,347.44,360.0773,346.675,358.025,1443761,0.0
2020-07-27,354.61,358.93,348.6,348.89,1151364,0.0
2020-07-28,352.1,361.84,349,360.82,1886261,0.0
2020-07-29,367.775,381.48,367.08,378.75,2424933,0.0
2020-07-30,379.56,380.16,369.29,377.17,1833354,0.0
2020-08-02,380.8,387.695,379.6279,381.38,1016724,0.0
2020-08-03,382.18,385.75,380.22,384.96,1032847,0.0
2020-08-04,384.58,387.09,382.28,383.43,710732,0.0
2020-08-05,377,379.6,370.79,377.74,1503735,0.0
2020-08-06,378.38,381.69,366.45,372.1,1246811,0.0
2020-08-09,372.83,376.82,369.15,376.03,668090,0.0
2020-08-10,378.86,380.87,367.39,369.09,1009978,0.0
2020-08-11,372.18,383.28,369.93,381.51,1092653,0.0
2020-08-12,380.01,382.45,374.3801,376.95,997759,0.0
2020-08-13,379,384.99,373,373.65,1235510,0.0
2020-08-16,376.55,384.17,372.81,379.1,1259845,0.0
2020-08-17,381.95,382.7021,372.93,374.59,953150,0.0
2020-08-18,374.03,376.19,368.26,372.19,976619,0.0
2020-08-19,360.1,363.4,355.27,358.38,2096643,0.0
2020-08-20,355.92,356.71,350.33,353.44,2354751,0.0
2020-08-23,359.4,360.67,347.32,350.75,1579333,0.0
2020-08-24,353.05,356.3,350.5,352.38,1186450,0.0
2020-08-25,352.55,354,348.07,351.6,1063484,0.0
2020-08-26,354.86,354.86,338.59,341.67,1798643,0.0
2020-08-27,342.66,351.99,341.45,350.61,1490918,0.0
2020-08-30,348.55,349.145,336.24,336.34,2277334,0.0
2020-08-31,339.55,346.5,337.568,340.54,1845485,0.0
2020-09-01,345.98,365.141,344.25,362.94,2570998,0.0
2020-09-02,357.295,357.295,339.395,341.52,2264304,0.0
2020-09-03,339,339.9,319.69,333.09,2319324,0.0
2020-09-07,310.96,316.46,302.19,302.72,2884284,0.0
2020-09-08,310.96,311.81,300.335,300.9,2654331,0.0
2020-09-09,300.56,305.08,295.78,297.79,1683249,0.0
2020-09-10,300.54,303.336,292.28,293.99,1606325,0.0
2020-09-13,301.77,308.62,299.63,305.21,1730253,0.0
2020-09-14,310.6094,312.817,303,308.59,1523098,0.0
2020-09-15,311.67,314.38,305.863,306.76,1276195,0.0
2020-09-16,296.17,308.59,296.17,305.87,1650251,0.0
2020-09-17,308.26,310.83,301.89,307.22,2076410,0.0
2020-09-20,305.08,317.82,300.695,314.98,1723697,0.0
2020-09-21,318.33,319.73,310.1921,318.55,1341985,0.0
2020-09-22,322.38,327.59,315.8603,317.07,1966131,0.0
2020-09-23,314.02,334.18,314.02,327.47,2077822,0.0
2020-09-24,324.72,331.89,322,330.3,1402490,0.0
2020-09-27,331.42,337.85,328.7,336.67,1433291,0.0
2020-09-28,333.9275,342.56,333.785,337.71,1550952,0.0
2020-09-29,335.24,338.23,330.2,331.37,1422596,0.0
2020-09-30,339.14,339.25,333.14,339.25,1362031,0.0
2020-10-01,329.36,335.8599,328.56,328.58,915359,0.0
2020-10-04,333,343.05,332.61,342.31,1249074,0.0
2020-10-05,340.96,351.08,339.41,340.92,1070977,0.0
2020-10-06,347.4,351.5,343.51,345.785,888172,0.0
2020-10-07,348.37,355.67,347,355.61,997270,0.0
2020-10-08,360.9,364.66,359.17,363.02,985930,0.0
2020-10-11,369.43,373.39,367.14,370.11,1250397,0.0
2020-10-12,372,378.5,367.4,373.83,1003511,0.0
2020-10-13,375.32,381.96,370.21,374.23,1159762,0.0
2020-10-14,362.77,376.3,358.92,375.54,1367165,0.0
2020-10-15,376.5,376.5,364.65,365,1365780,0.0
2020-10-18,367.5,369.6603,362.01,363.28,913836,0.0
2020-10-19,366,368.51,362.52,363.74,726832,0.0
2020-10-20,363.08,370.1113,362.015,366.5,1294256,0.0
2020-10-21,360.36,363.33,353.08,358.01,2016758,0.0
2020-10-22,360,362.5,350.315,353.79,1033355,0.0
2020-10-25,350.36,353.47,343.3,347.84,935836,0.0
2020-10-26,348.53,349.67,342.54,343.83,791071,0.0
2020-10-27,336.93,344.54,333.31,338.565,1222836,0.0
2020-10-28,339.02,358.19,338.8036,352.79,1338961,0.0
2020-10-29,348.05,352.72,338.27,341.74,1198539,0.0
2020-11-01,348.12,354.47,345.18,350.6,986654,0.0
2020-11-02,356.6916,373.17,355.12,370.53,1416686,0.0
2020-11-03,373.89,383.1999,367.28,379.89,1222062,0.0
2020-11-04,390,400.34,388.45,400.12,1520180,0.0
2020-11-05,399.83,412.01,395.85,409.21,1098819,0.0
2020-11-08,425,436,415.81,415.9,1647924,0.0
2020-11-09,409.09,415.74,404.46,407.58,1185689,0.0
2020-11-10,411.98,428.61,410,423.89,1215555,0.0
2020-11-11,424.84,426,416.35,418.43,759175,0.0
2020-11-12,425.23,429.75,424.09,425.7,836365,0.0
2020-11-15,430.8,439.65,427.07,439.65,1169032,0.0
2020-11-16,435.5,437.82,428.95,431.98,873601,0.0
2020-11-17,436.11,438.8421,430,430.12,1084761,0.0
2020-11-18,428.96,438.87,425,437.91,1025601,0.0
2020-11-19,438.5,444.96,433.375,433.63,1329697,0.0
2020-11-22,436.58,449.8722,435.05,448.44,991428,0.0
2020-11-23,450,451.12,440.75,446.72,1018886,0.0
2020-11-24,448.45,449.53,440.5,446.6,742355,0.0
2020-11-26,450.2,460.615,449.82,456.53,638492,0.0
2020-11-29,455.2,456.89,445.6,452.66,857459,0.0
2020-11-30,460.06,469.49,457.59,467.65,1189540,0.0
2020-12-01,466.26,480.98,465.55,478.85,1682536,0.0
2020-12-02,480.14,491.75,479.22,484.07,1379812,0.0
2020-12-03,486.94,501.6,486.16,500.06,1641171,0.0
2020-12-06,499.43,509.45,495.35,509.05,1315101,0.0
2020-12-07,505.62,516.65,505.3519,511.35,1158976,0.0
2020-12-08,509.04,514.68,489.724,493.56,1631905,0.0
2020-12-09,489.95,496.195,484.8,489.97,1104939,0.0
2020-12-10,488.47,494.28,483.73,491.75,1150131,0.0
2020-12-13,495.69,500.98,490.175,491.78,858832,0.0
2020-12-14,500,503.25,492.6701,495.785,973039,0.0
2020-12-15,496.01,496.475,489.28,493.24,822752,0.0
2020-12-16,489.64,491.88,482.86,486,1300138,0.0
2020-12-17,484.24,485.71,477.7,481.04,1394097,0.0
2020-12-20,469.12,484.71,468.74,483.23,1370396,0.0
2020-12-21,479.43,481.74,473.4,477.21,824863,0.0
2020-12-22,479.62,480.79,470.91,470.91,593819,0.0
2020-12-23,473.68,480.34,472.9,480.03,308937,0.0
2020-12-27,485.58,487.43,475.36,476.09,602906,0.0
2020-12-28,475.66,477.015,469,473.11,822486,0.0
2020-12-29,478.37,488.34,476.12,484.04,815894,0.0
2020-12-30,482.3,483.98,465.5004,471.92,1494335,0.0
2021-01-03,478.15,491.96,473.32,478.02,1634017,0.0
2021-01-04,479.45,498.83,479.45,494.71,1469518,0.0
2021-01-05,490.53,505.71,489,496.53,1135184,0.0
2021-01-06,507.33,517.72,506.65,514.29,1034122,0.0
2021-01-07,514,522.25,498.07,501.81,1290369,0.0
2021-01-10,495.52,519.9099,493.55,515.85,911835,0.0
2021-01-11,520.23,537.86,518.93,536.34,1716794,0.0
2021-01-12,534.24,534.24,523.19,526.38,1084501,0.0
2021-01-13,542.4,570.52,542.34,557.86,1836014,0.0
2021-01-14,552.9836,554.689,537.28,548.22,1358122,0.0
2021-01-18,559.83,582.48,558.69,580.11,1829659,0.0
2021-01-19,583.64,585.4161,559.57,562.85,1626891,0.0
2021-01-20,569.4,570.305,551.7,564.19,1120369,0.0
2021-01-21,562.77,575.58,557.12,563.85,946209,0.0
2021-01-24,571.35,575.61,552.66,567.91,1353303,0.0
2021-01-25,570.27,571.29,550.397,552.66,1049500,0.0
2021-01-26,538.6,544.97,512.01,515.04,1981837,0.0
2021-01-27,526.37,528,504,507.35,2273186,0.0
2021-01-28,505.01,505.91,481.0506,483.99,2581678,0.0
2021-01-31,491.05,505,486.9225,501.42,1484644,0.0
2021-02-01,512.5,517.45,505,516.39,1282338,0.0
2021-02-02,520.1,521.49,501.475,504.33,1491185,0.0
2021-02-03,504.5,520.5,500.14,520.07,1279955,0.0
2021-02-04,524.52,525,509.18,509.76,1133890,0.0
2021-02-07,515,533.35,514.16,533.29,1212576,0.0
2021-02-08,535.62,541,526.89,527.74,856205,0.0
2021-02-09,533,536.67,521.28,532.5,745617,0.0
2021-02-10,540,576.57,539.18,572.21,2607625,0.0
2021-02-11,570.18,597.7399,565,585.81,1836812,0.0
2021-02-15,590,603.5996,587,592.11,1124888,0.0
2021-02-16,583.69,589.43,571,585.82,1034365,0.0
2021-02-17,578.64,582.34,567.0864,577.55,1009953,0.0
2021-02-18,594.38,602,588.69,598.89,1568874,0.0
2021-02-21,589.39,592.63,565.7,567.44,1338419,0.0
2021-02-22,556.55,568.8099,536.41,562.35,1573868,0.0
2021-02-23,556.16,597.87,554,597.58,1339837,0.0
2021-02-24,590,592.46,544.63,547.56,2371990,0.0
2021-02-25,556.93,574.66,545.17,567.19,1443230,0.0
2021-02-28,576.56,600.5,575.6,599.15,1459503,0.0
2021-03-01,594.01,598.76,572.4,573.65,1096689,0.0
2021-03-02,570.75,581.58,550.01,551.13,1455221,0.0
2021-03-03,548.56,559.98,511.43,529.415,2148991,0.0
2021-03-04,542.6739,550.12,516.27,547.97,1954558,0.0
2021-03-07,542.81,554.52,501.67,502.47,1690152,0.0
2021-03-08,525.9,546.8,523.54,543.51,1439188,0.0
2021-03-09,548.66,551.99,515.735,518.69,1822543,0.0
2021-03-10,533.8694,542.42,529.05,535.46,1396584,0.0
2021-03-11,525,527.75,516.8001,524.82,1259514,0.0
2021-03-14,521.6,537.32,520.25,536.59,856002,0.0
2021-03-15,542.51,560.17,539.345,547.19,1284431,0.0
2021-03-16,538.88,558.18,530,553.1,932133,0.0
2021-03-17,542.13,555.8212,533.33,538.81,2299696,0.0
2021-03-18,541.9448,550.99,532.6001,542.24,1442566,0.0
2021-03-21,554,567.5871,550.04,560.38,1165082,0.0
2021-03-22,564,564.59,543.54,544.41,1204562,0.0
2021-03-23,570.67,575.7499,551.63,551.9,1747363,0.0
2021-03-24,542.12,551.61,525.02,547.55,1328368,0.0
2021-03-25,549.72,584.77,549.0501,584.62,1605730,0.0
2021-03-28,582.34,582.52,559.75,569.73,1328344,0.0
2021-03-29,565,576.85,562.12,572.34,765746,0.0
2021-03-30,584,603.49,583.495,595.53,2018594,0.0
2021-03-31,610.1,640,610.12,639.3,2183265,0.0
2021-04-04,648.45,666,639.56,661.42,2163848,0.0
2021-04-05,660,666.64,644,652.43,2146949,0.0
2021-04-06,652.48,667.419,650.48,658.64,1347470,0.0
2021-04-07,667.0177,669,654.0099,668.72,1045847,0.0
2021-04-08,663.2,668.9,656.72,661.99,1139452,0.0
2021-04-11,658.66,659.6,645,650.27,1469438,0.0
2021-04-12,655.56,657.225,637.8,645,1176344,0.0
2021-04-13,640.53,651.9,634,640.83,715015,0.0
2021-04-14,648.02,651.78,637.84,649.5,922277,0.0
2021-04-15,650.82,652.3,640.83,644.16,820411,0.0
2021-04-18,643.73,648.34,609.3001,622.07,2195910,0.0
2021-04-19,616.74,625.09,608.2,612.88,1100861,0.0
2021-04-20,619.58,641.25,617.44,640.97,1592951,0.0
2021-04-21,643.9,649.94,611,614.72,2199490,0.0
2021-04-22,620.77,630,613.57,627.49,1311547,0.0
2021-04-25,626.31,643.35,623.73,643.17,1114847,0.0
2021-04-26,647.98,649,639.8,644.88,872935,0.0
2021-04-27,644,644,633.53,638.57,621387,0.0
2021-04-28,641.9683,643,629.52,641.21,790809,0.0
2021-04-29,630.42,637.485,619.82,620.44,1000802,0.0
2021-05-02,628.64,630,613.778,617.3511,1052617,0.0
2021-05-03,609.05,609.55,590.2,606.23,1358969,0.0
2021-05-04,617.2,620.99,603.36,610.43,844637,0.0
2021-05-05,609.16,619.15,601.41,617.56,1045037,0.0
2021-05-06,625.99,634.8,618.2,630.64,917199,0.0
2021-05-09,621.65,624.07,586.16,586.41,1554358,0.0
2021-05-10,568.557,595.1471,562.93,592.08,1780340,0.0
2021-05-11,575.47,577.72,555.8,557.68,2183587,0.0
2021-05-12,572.96,594.3928,570.18,584.73,2718213,0.0
2021-05-13,596,609.4251,578,602.94,1286433,0.0
2021-05-16,593,592.72,576,592.34,995043,0.0
2021-05-17,597.92,601.33,584.74,585.36,954627,0.0
2021-05-18,569.1,603.09,566.03,602.19,1332655,0.0
2021-05-19,607.6,634,604.395,626.74,1820411,0.0
2021-05-20,624.35,625.48,610.2,614.1,1262763,0.0
