Date,Open,High,Low,Close,Volume,OpenInterest
2017-06-01,56.41,56.85,54.06,54.31,20825669,0.0
2017-06-04,54,54.09,52.7262,52.91,5166393,0.0
2017-06-05,52.38,52.62,51.52,52.06,3501988,0.0
2017-06-06,52.11,52.67,51.92,52.25,2090797,0.0
2017-06-07,52.24,53,51.7,51.72,1610881,0.0
2017-06-08,51.67,52.19,51.3,51.7,2536814,0.0
2017-06-11,51.54,52.3,51.3,51.9,1944184,0.0
2017-06-12,52.13,52.585,51.79,52.39,1908601,0.0
2017-06-13,53.25,53.92,52.87,53.09,2673109,0.0
2017-06-14,52.77,53.3,52.3,53.13,1615966,0.0
2017-06-15,52.97,53.31,52.305,52.97,1949818,0.0
2017-06-18,53.18,54.01,52.91,53.85,1779663,0.0
2017-06-19,53.96,53.96,52.36,52.51,2138872,0.0
2017-06-20,52.59,53.47,52.35,53.3,1570443,0.0
2017-06-21,53.24,54.43,53.12,54.25,1489379,0.0
2017-06-22,54.47,55.4,54.09,55.37,2467823,0.0
2017-06-25,55.53,56.2,55.12,55.51,2406828,0.0
2017-06-26,55.48,56.13,54.96,55.04,1743671,0.0
2017-06-27,55.29,56.3,55.1219,56.17,2765020,0.0
2017-06-28,57.38,59.44,57.01,59.13,6026747,0.0
2017-06-29,59.5,60.22,59.0615,59.656,2935189,0.0
2017-07-02,59.68,60.605,59.67,60.02,867768,0.0
2017-07-04,60,60.49,59.35,59.75,1523774,0.0
2017-07-05,59.39,59.55,57.62,57.99,1933780,0.0
2017-07-06,58.39,59.1,58.031,58.38,1126191,0.0
2017-07-09,58.23,58.855,57.51,58.67,1269325,0.0
2017-07-10,58.69,58.95,58.18,58.78,1134407,0.0
2017-07-11,58.9,59.17,58.22,58.73,956136,0.0
2017-07-12,58.88,59.69,58.62,59.33,1223260,0.0
2017-07-13,59.61,60,59.46,59.81,684369,0.0
2017-07-16,59.95,60.67,59.68,59.76,1288140,0.0
2017-07-17,59.49,60.0375,59.15,59.39,1127762,0.0
2017-07-18,59.92,61.6,59.48,61.36,1863572,0.0
2017-07-19,61.39,61.4825,60.73,61.13,1421758,0.0
2017-07-20,61.03,62.05,60.93,61.92,1872426,0.0
2017-07-23,61.59,62.26,61.44,62.01,1729147,0.0
2017-07-24,60.77,62.16,60.66,61.91,2147513,0.0
2017-07-25,61.71,61.8036,61.26,61.461,1047936,0.0
2017-07-26,61.26,61.91,60.42,61.47,1088158,0.0
2017-07-27,61.38,62.2,61.04,61.82,1164767,0.0
2017-07-30,61.98,61.98,60.94,61.61,1042950,0.0
2017-07-31,61.57,61.73,60.42,61.59,1010132,0.0
2017-08-01,61.55,61.82,60.935,61.23,800976,0.0
2017-08-02,60.84,61.57,60.41,60.495,1279463,0.0
2017-08-03,60.78,62.19,60.37,61.76,1396923,0.0
2017-08-06,61.9,62.91,61.76,62.51,1012609,0.0
2017-08-07,63,63.86,62.23,62.51,1172690,0.0
2017-08-08,62.08,62.49,61.5,61.89,822568,0.0
2017-08-09,61.25,61.495,60.1,60.26,1063815,0.0
2017-08-10,59.19,60.84,58.55,59.75,1195152,0.0
2017-08-13,60.03,60.56,59.75,59.9201,1362003,0.0
2017-08-14,59.31,60.9,58.45,59.49,2962454,0.0
2017-08-15,59.96,59.99,59.2,59.76,930233,0.0
2017-08-16,59.56,59.83,58.92,58.93,929025,0.0
2017-08-17,58.44,58.924,57.61,58.12,1331214,0.0
2017-08-20,59.67,60.47,57.96,59.45,3754165,0.0
2017-08-21,59.83,60.08,59.45,59.81,1135873,0.0
2017-08-22,59.53,60.5,59.44,60.35,959005,0.0
2017-08-23,60.75,61.48,59.81,60.03,1623584,0.0
2017-08-24,60.22,60.83,59.85,60.21,1006257,0.0
2017-08-27,60.69,61.11,59.76,60.14,1090982,0.0
2017-08-28,59.91,60.16,58.24,58.29,2744165,0.0
2017-08-29,58.46,58.9,56.87,57.61,3945255,0.0
2017-08-30,57.77,58.32,56.56,57.57,5163340,0.0
2017-08-31,61.22,62.58,60.5,61.69,10362810,0.0
2017-09-04,62.09,62.18,60.375,61.56,3184033,0.0
2017-09-05,61.48,61.99,60.56,61.51,1881105,0.0
2017-09-06,61.5,61.61,60.41,61.31,1415573,0.0
2017-09-07,61.02,63,60.69,62.34,2856502,0.0
2017-09-10,62.48,63.08,61.86,61.9,1429777,0.0
2017-09-11,62.19,62.2755,61.33,61.79,894371,0.0
2017-09-12,61.72,62.12,61.31,61.49,913025,0.0
2017-09-13,61.58,61.58,59.79,61.11,1625151,0.0
2017-09-14,61.23,61.375,59.995,60.6,1634505,0.0
2017-09-17,60.74,60.93,59.18,59.75,1696029,0.0
2017-09-18,59.33,59.79,58.01,58.94,2698851,0.0
2017-09-19,58.88,59.06,58.06,58.56,1275417,0.0
2017-09-20,58.31,58.85,58,58.6,742101,0.0
2017-09-21,57.9,58.7899,57.87,58.15,1282443,0.0
2017-09-24,57.89,58.36,57.19,57.4,1620467,0.0
2017-09-25,57.76,59.64,57.76,59.34,2559525,0.0
2017-09-26,59.33,60.2769,59.15,60.13,1614945,0.0
2017-09-27,60.02,60.94,59.91,60.27,1000938,0.0
2017-09-28,60.5,62.33,60.13,62.24,1874330,0.0
2017-10-01,62.17,63.21,61.7375,62.82,1786000,0.0
2017-10-02,62.98,63.345,61.91,62.22,1181238,0.0
2017-10-03,62.14,62.6,61.26,61.32,878898,0.0
2017-10-04,61.28,62.28,61.17,61.74,966352,0.0
2017-10-05,61.74,62.08,61.14,61.29,995331,0.0
2017-10-08,61.33,62.1,60.7969,61.98,1191696,0.0
2017-10-09,61.88,63.4,61.82,63.35,1309672,0.0
2017-10-10,63.27,63.27,62.37,62.68,1475327,0.0
2017-10-11,61.69,61.9,60.19,60.5,2890515,0.0
2017-10-12,60.42,61.4,57.55,59.17,4960586,0.0
2017-10-15,59.21,59.36,57.82,58.19,1923221,0.0
2017-10-16,57.85,59.85,57.4,58.94,3410335,0.0
2017-10-17,59.2,59.78,59,59.73,1354335,0.0
2017-10-18,59.67,60.23,59.25,60.11,1233278,0.0
2017-10-19,61.48,63.35,61.051,63.2964,3069577,0.0
2017-10-22,63.38,64.81,63.3,63.84,1899452,0.0
2017-10-23,63.71,63.95,61.82,61.85,1696184,0.0
2017-10-24,61.99,62.47,60.78,62.07,1240505,0.0
2017-10-25,62.31,63.35,60.53,62.03,2746355,0.0
2017-10-26,61.82,62.86,61.5,62.41,1046352,0.0
2017-10-29,62.29,62.52,61.6,61.73,773865,0.0
2017-10-30,61.8,62.97,61.46,61.49,989223,0.0
2017-10-31,62.21,62.88,60.81,61.49,924937,0.0
2017-11-01,61.85,61.92,60.52,60.7599,752647,0.0
2017-11-02,61.02,61.54,60.62,61.15,546780,0.0
2017-11-05,61.36,61.99,61.27,61.8,836369,0.0
2017-11-06,61.65,61.71,60.11,60.23,822859,0.0
2017-11-07,60.35,61.75,59.93,61.64,901169,0.0
2017-11-08,61.25,64.3,61.25,64,2255982,0.0
2017-11-09,63.92,65,63.66,64.87,1506349,0.0
2017-11-12,64.88,65.97,64.069,64.61,1285677,0.0
2017-11-13,64.09,65.06,63.55,64.93,728494,0.0
2017-11-14,64.38,65.61,63.88,64.9,743766,0.0
2017-11-15,64.9,65.93,64.38,65.72,583792,0.0
2017-11-16,66.29,67.43,66.11,66.31,973012,0.0
2017-11-19,66.29,67.08,65.8,66.89,813065,0.0
2017-11-20,66.96,67.0275,66.16,66.58,917953,0.0
2017-11-21,66.4,67.25,66.33,66.8,646515,0.0
2017-11-23,67.01,67.41,66.42,66.8,363833,0.0
2017-11-26,67.09,67.57,65.91,66.13,1260958,0.0
2017-11-27,66.24,67.6,66.08,67.37,1174646,0.0
2017-11-28,67.58,68.59,66.57,66.85,2010650,0.0
2017-11-29,67,68.27,66.55,66.95,1683722,0.0
2017-11-30,66.78,67.38,65.87,67.25,1491426,0.0
2017-12-03,68.35,68.49,67.16,67.2,1594436,0.0
2017-12-04,67.03,67.45,65.3,66.36,1576870,0.0
2017-12-05,66.08,67.8299,66.05,67.71,4125549,0.0
2017-12-06,73.35,73.84,71.29,72.005,7964773,0.0
2017-12-07,72.48,74.03,72.13,73.77,2630956,0.0
2017-12-10,73.78,74.78,73.22,73.66,1590422,0.0
2017-12-11,73.47,74.99,73.32,74.31,1363891,0.0
2017-12-12,74.21,74.79,73.74,74.1999,669766,0.0
2017-12-13,75.6,75.9499,74.03,74.78,1667460,0.0
2017-12-14,75.3,76.01,74.89,75.83,1618836,0.0
2017-12-17,76.45,76.98,76,76.55,1334433,0.0
2017-12-18,77,77.22,76.41,76.59,898754,0.0
2017-12-19,76.87,77.28,76.54,76.9,911947,0.0
2017-12-20,77.35,78,77.25,77.72,1085292,0.0
2017-12-21,77.72,78.6,76.96,78.5,762960,0.0
2017-12-25,78.3,80.04,78.3,79.41,1215761,0.0
2017-12-26,79.75,79.98,78.7,79.28,579397,0.0
2017-12-27,79.5,80.1,79.14,79.61,988193,0.0
2017-12-28,79.64,80,78.52,78.59,1036984,0.0
2018-01-01,77.31,80.27,77.31,79.69,2129114,0.0
2018-01-02,79.82,80.24,78.25,78.57,1386742,0.0
2018-01-03,78.61,80.01,78.3,79.84,1357378,0.0
2018-01-04,80,80.46,79.18,79.42,1319870,0.0
2018-01-07,81.5,81.92,77.44,79.06,2476433,0.0
2018-01-08,79,79.76,78.74,79.505,1184400,0.0
2018-01-09,79.18,79.44,78.5837,78.84,898470,0.0
2018-01-10,79.29,79.33,78.39,79,721401,0.0
2018-01-11,79.67,79.67,78.53,78.87,969310,0.0
2018-01-15,78.95,78.98,76.45,76.71,1145757,0.0
2018-01-16,77.08,78.39,76.81,77.93,999590,0.0
2018-01-17,78.07,78.7575,77.32,77.57,876322,0.0
2018-01-18,77.73,79.7,77.67,79.33,1062785,0.0
2018-01-21,79.41,79.64,78.601,78.96,1013302,0.0
2018-01-22,78.88,79.925,78.53,79.67,644810,0.0
2018-01-23,79.89,79.96,78.22,79.2,672177,0.0
2018-01-24,79.08,79.4,78.04,78.62,711459,0.0
2018-01-25,78.62,79.4,78.23,79.08,627730,0.0
2018-01-28,78.81,80.64,78.64,79.97,848376,0.0
2018-01-29,79.65,79.78,78.54,79.49,476596,0.0
2018-01-30,79.47,80.049,77.98,78.23,785333,0.0
2018-01-31,77.23,79.25,77.01,78.83,1251598,0.0
2018-02-01,78.79,79.78,78.17,78.625,1267693,0.0
2018-02-04,77.99,79.88,77.4,77.4,1322900,0.0
2018-02-05,75.66,78.88,74.9,78.619,3372443,0.0
2018-02-06,78.77,82.359,78.77,81.02,2563575,0.0
2018-02-07,81.75,83.31,76.63,76.66,2150271,0.0
2018-02-08,77.51,79,75.43,77.11,2238200,0.0
2018-02-11,77.61,78.44,76.79,76.8,2167355,0.0
2018-02-12,76.86,77.72,76.73,77.26,3005255,0.0
2018-02-13,76.6,81.8286,76.6,81.22,2464231,0.0
2018-02-14,81.26,81.54,78.43,80.92,1678493,0.0
2018-02-15,80.85,82.64,80.5,81.4,1225264,0.0
2018-02-19,80.87,81.4,80.17,80.58,1032320,0.0
2018-02-20,80.58,82.565,80.44,81.17,693483,0.0
2018-02-21,81.25,82.21,80.71,80.85,646141,0.0
2018-02-22,81.3,82,79.9,81.86,681810,0.0
2018-02-25,82.43,83,81.215,82.33,581633,0.0
2018-02-26,82.65,83.59,80.39,80.46,1080746,0.0
2018-02-27,81.01,82.44,80.95,81.09,1229183,0.0
2018-02-28,81.01,81.94,79.81,81.04,968261,0.0
2018-03-01,79.78,82.29,79.36,82.08,660676,0.0
2018-03-04,81.64,82.24,80.76,81.14,856029,0.0
2018-03-05,81.18,83.98,80.87,83.7,1513600,0.0
2018-03-06,82.91,83.4899,80.64,81.33,1216429,0.0
2018-03-07,81.75,81.99,80.29,80.75,695704,0.0
2018-03-08,81.18,82.01,80.09,80.99,1193244,0.0
2018-03-11,81.17,81.635,79.61,80.325,1171542,0.0
2018-03-12,80.97,81.55,79.785,79.79,1305978,0.0
2018-03-13,79.95,80.95,78.66,80.73,1240314,0.0
2018-03-14,80.73,81.63,79.4,79.61,642258,0.0
2018-03-15,79.47,81.46,79.47,80.75,877122,0.0
2018-03-18,81.03,81.03,79.78,80.28,779624,0.0
2018-03-19,80.25,81.5924,80.02,81.46,810152,0.0
2018-03-20,81.48,81.8699,80.31,80.7,1304833,0.0
2018-03-21,80,81.29,80,81.1,1307201,0.0
2018-03-22,81.1,82.21,79.26,79.51,1568224,0.0
2018-03-25,80.19,80.52,78.32,80.34,1974524,0.0
2018-03-26,80.53,80.71,77.97,78.7001,2834410,0.0
2018-03-27,84.5,87.98,83.06,85.95,9115153,0.0
2018-03-28,86.79,89.54,86.32,89.12,4031966,0.0
2018-04-01,89.01,90.25,86.65,87.28,2510676,0.0
2018-04-02,87.44,88.99,87.41,88.68,1598050,0.0
2018-04-03,87.99,88.7588,87.358,88.24,2025422,0.0
2018-04-04,88.85,91.44,88.24,91.28,2172544,0.0
2018-04-05,91.08,91.35,88.69,89.61,1813678,0.0
2018-04-08,90,90.847,89.35,89.64,1230574,0.0
2018-04-09,90.38,91.19,90.07,90.94,682371,0.0
2018-04-10,90.66,91.84,90.5051,91.07,1272277,0.0
2018-04-11,91.26,92.13,90.88,92.02,988232,0.0
2018-04-12,92.33,92.89,91.192,91.72,1628428,0.0
2018-04-15,92,93.81,91.75,93.75,1449102,0.0
2018-04-16,94.62,94.85,94.03,94.6,1673645,0.0
2018-04-17,94.41,95.66,94.41,95,1547851,0.0
2018-04-18,95,95.58,94.28,95.29,992063,0.0
2018-04-19,95.31,96.37,95.13,96.31,1434976,0.0
2018-04-22,94.26,96.96,94.2,96.64,1806792,0.0
2018-04-23,97.48,97.98,96.47,96.9,1736733,0.0
2018-04-24,97.64,97.97,96.64,97.845,1004214,0.0
2018-04-25,97.98,98.81,97.85,98.43,1262999,0.0
2018-04-26,98.54,99.3928,98.31,99.17,1472643,0.0
2018-04-29,99.58,100.57,99.35,99.81,1105577,0.0
2018-04-30,99.45,99.93,98.76,99.69,1004904,0.0
2018-05-01,99.89,100.73,99.4,99.75,862940,0.0
2018-05-02,99.07,100.4466,99.07,99.85,1080919,0.0
2018-05-03,99.49,99.65,95.39,95.5,3100075,0.0
2018-05-06,95.76,97.51,95.76,97.16,1322203,0.0
2018-05-07,96.83,98.28,96.83,98.2,773314,0.0
2018-05-08,98.19,99.06,97.44,98.97,682352,0.0
2018-05-09,99.31,99.46,97.28,97.91,891819,0.0
2018-05-10,97.77,98.7,97.554,98.54,710034,0.0
2018-05-13,98.94,98.97,98.04,98.66,612251,0.0
2018-05-14,98.21,99.91,97.78,98.93,801301,0.0
2018-05-15,99.4,101.94,99,101.66,1119898,0.0
2018-05-16,101.72,103.04,101.37,102,840127,0.0
2018-05-17,101.5,103.1199,101.5,102.81,1347549,0.0
2018-05-20,103.49,105.262,103.16,103.75,1183629,0.0
2018-05-21,103.75,104.13,102.751,102.87,1204051,0.0
2018-05-22,102.55,106.54,102.02,105.28,2135627,0.0
2018-05-23,105.06,106.68,104.865,106.405,887380,0.0
2018-05-24,106.99,107.49,105.76,106.18,1026700,0.0
2018-05-28,106.25,107.6757,105.51,105.67,1737916,0.0
2018-05-29,105.94,106.98,104.601,105.63,2743038,0.0
2018-05-30,106.15,106.462,103.8,105,3180281,0.0
2018-05-31,113.95,123.84,113.2,122.19,12648774,0.0
2018-06-03,122.6233,125.1,121.53,124.99,3198354,0.0
2018-06-04,124.7,125.77,123.92,124.06,2027751,0.0
2018-06-05,124.12,126.8531,123.88,124.18,1824164,0.0
2018-06-06,124.7,126.47,122.22,122.68,1767329,0.0
2018-06-07,121.5,122.95,120.5901,122.01,2494070,0.0
2018-06-10,122.72,122.75,120.55,122.37,1586264,0.0
2018-06-11,122.52,125.23,122.15,124.96,1253422,0.0
2018-06-12,125.38,127.344,124.68,125.13,1658142,0.0
2018-06-13,125.09,126.4246,124.64,125.87,1072943,0.0
2018-06-14,124.21,128.91,123.55,128.3799,1471752,0.0
2018-06-17,127.59,129.79,126.9,129.7236,1286231,0.0
2018-06-18,128.3,129.32,126.83,128.09,972457,0.0
2018-06-19,128.49,128.51,127.07,128.27,892288,0.0
2018-06-20,128.54,129.58,126.73,127.7,744548,0.0
2018-06-21,128.6,128.6,124.17,124.18,1362106,0.0
2018-06-24,124.26,126.43,122.47,124.83,1279534,0.0
2018-06-25,127,127.6,125.28,126.79,1124079,0.0
2018-06-26,126.5,127.59,123.05,123.86,1251345,0.0
2018-06-27,123.79,125.255,122.78,124.94,1251086,0.0
2018-06-28,126.24,127.489,124.85,124.87,741151,0.0
2018-07-01,124.99,125.53,123.23,125.48,1024852,0.0
2018-07-02,126.12,126.8,124.97,125.22,513663,0.0
2018-07-04,125.81,125.81,123.95,124.58,545255,0.0
2018-07-05,124.73,128.88,124.5,128.54,1593262,0.0
2018-07-08,130,130.49,125.8813,126.53,1406580,0.0
2018-07-09,126.85,128.23,126.2724,127.39,789897,0.0
2018-07-10,126.19,126.45,124.62,125.64,690201,0.0
2018-07-11,126.47,126.64,125.02,125.73,550610,0.0
2018-07-12,125.94,126.83,124.91,125.42,645881,0.0
2018-07-15,125.27,127.49,124.79,127.21,651232,0.0
2018-07-16,127.02,130.4073,127.02,129.45,1373280,0.0
2018-07-17,129.36,129.95,125.965,128.8,697879,0.0
2018-07-18,128.7,129.01,127,127.77,840202,0.0
2018-07-19,127.6,128.9,126.29,126.45,1080253,0.0
2018-07-22,126.45,126.97,125.07,125.36,826716,0.0
2018-07-23,125.93,126.39,122.4,122.95,1207386,0.0
2018-07-24,123.66,125.49,122.94,125.02,983255,0.0
2018-07-25,124.75,126.16,123.19,124.49,689980,0.0
2018-07-26,124.42,124.92,118.85,120,1303600,0.0
2018-07-29,120.04,121.25,118.65,118.83,1014494,0.0
2018-07-30,118.86,120.645,117.655,119.98,739982,0.0
2018-07-31,120.18,121.81,119.55,120.57,1091646,0.0
2018-08-01,120.93,125.22,120.53,124.36,1276644,0.0
2018-08-02,124.35,126.33,124.35,126.07,942206,0.0
2018-08-05,126,126.52,124.38,126.33,960457,0.0
2018-08-06,127.08,127.1,124.99,125.63,834917,0.0
2018-08-07,125.77,127.65,124.85,127.16,842925,0.0
2018-08-08,127.74,128.69,127.11,128.15,553594,0.0
2018-08-09,127.48,130.76,126.78,130.51,1348906,0.0
2018-08-12,131.08,131.88,129.29,129.94,994680,0.0
2018-08-13,130.5,130.92,127.59,129.47,992001,0.0
2018-08-14,128.9,128.9,125.06,126.44,911124,0.0
2018-08-15,129.2,130.48,127.17,129.47,906773,0.0
2018-08-16,130.25,130.9,129.0799,130.19,708662,0.0
2018-08-19,130.93,137.19,130.305,136.68,2203602,0.0
2018-08-20,137.3,139.64,134.69,135.63,1184640,0.0
2018-08-21,136.28,138.24,135.38,135.49,897168,0.0
2018-08-22,135.49,137.575,134.61,136.22,774989,0.0
2018-08-23,137.15,140.33,136.68,138.75,1137295,0.0
2018-08-26,139.48,140.4162,137.79,138.17,1096622,0.0
2018-08-27,138.32,139.2734,137.12,138.68,1012761,0.0
2018-08-28,138.7,138.939,135.08,138.71,1718347,0.0
2018-08-29,137.8,138.38,135.69,136.95,2313709,0.0
2018-08-30,153.3,159.79,153.01,154.97,12115667,0.0
2018-09-03,154.86,160,154.71,157.3,3477132,0.0
2018-09-04,157.17,157.29,152.08,152.74,1960302,0.0
2018-09-05,153.57,154.97,150.78,150.99,1497123,0.0
2018-09-06,150.74,153.99,150.59,150.81,1494997,0.0
2018-09-09,151.5,154.78,151.5,154.11,1054986,0.0
2018-09-10,154.17,155.25,152.2,153.23,1116335,0.0
2018-09-11,153.3,154.07,150.87,153.01,1004429,0.0
2018-09-12,153.16,154.815,152.2,154.61,895903,0.0
2018-09-13,154.73,155.64,152.47,153.75,782973,0.0
2018-09-16,159.1,160.68,154.8201,155.34,1978914,0.0
2018-09-17,155.69,158.94,153.8,158.44,1021442,0.0
2018-09-18,158.63,158.63,154.0486,155.19,1211482,0.0
2018-09-19,155.45,156.4,154.39,155.98,892443,0.0
2018-09-20,156.59,158.131,154.63,156.98,1102242,0.0
2018-09-23,156.57,157.78,156.03,157.32,733223,0.0
2018-09-24,157.55,159.08,157.08,158.415,657515,0.0
2018-09-25,157.75,159.88,156.77,158.95,759720,0.0
2018-09-26,160,161.5,158.66,161.24,1009417,0.0
2018-09-27,161.25,164.1399,161.25,162.51,1019652,0.0
2018-09-30,163.8,164.79,161.19,161.58,706066,0.0
2018-10-01,162.88,163.13,160,160.22,815212,0.0
2018-10-02,161.25,161.83,159.35,161.5,859074,0.0
2018-10-03,160.22,161.08,156.33,157.04,1069723,0.0
2018-10-04,156.69,158.34,151.4552,153.83,1695226,0.0
2018-10-07,153.02,154.915,148.34,150.77,1128322,0.0
2018-10-08,149.84,153.45,149,150.185,1178864,0.0
2018-10-09,149.17,149.555,140.4,140.76,1785567,0.0
2018-10-10,139.29,144.91,137.68,140.52,1672206,0.0
2018-10-11,145.53,146.9,141.07,143.7,2488107,0.0
2018-10-14,146.79,146.979,142.86,144.44,1051999,0.0
2018-10-15,145.56,147.22,142.97,146.79,1200879,0.0
2018-10-16,146.98,147.77,142.75,143.56,699134,0.0
2018-10-17,143.09,145.65,140.92,142.69,1051688,0.0
2018-10-18,143.48,144.1,136.53,136.78,1324589,0.0
2018-10-21,136.47,140.9,136.0249,139.87,988653,0.0
2018-10-22,137.21,137.7151,133.13,137.47,1516413,0.0
2018-10-23,140.8,140.9666,134.16,134.18,1343603,0.0
2018-10-24,134.31,138.59,134,137.23,1014027,0.0
2018-10-25,134.49,136.6699,133.14,134.79,1199016,0.0
2018-10-28,136.69,139.15,133.95,135.87,1217507,0.0
2018-10-29,135.36,142.63,135.12,142.16,1586465,0.0
2018-10-30,143.75,146.6,140.66,140.73,1698435,0.0
2018-10-31,141.66,144.65,138.97,144.17,918266,0.0
2018-11-01,145.37,145.45,140.04,142.02,1023762,0.0
2018-11-04,143.28,143.84,139.15,142.19,1020269,0.0
2018-11-05,141.83,143.6,139.92,141.155,1109025,0.0
2018-11-06,141.77,144.56,139.681,143.23,1384123,0.0
2018-11-07,143.27,143.79,140.11,142.27,858584,0.0
2018-11-08,141.39,142,136.38,137.56,1169056,0.0
2018-11-11,137.28,138.36,134.66,135.41,1313519,0.0
2018-11-12,135.53,140.35,134.65,138.72,1433698,0.0
2018-11-13,140.87,144.07,138.375,140.13,1884275,0.0
2018-11-14,138.33,139.98,134.7,139.82,1485872,0.0
2018-11-15,138.08,138.08,134.35,134.53,1665701,0.0
2018-11-18,134.5,135.875,126.62,126.99,2561961,0.0
2018-11-19,119.45,124.95,118.52,121.54,2710340,0.0
2018-11-20,122.19,124.6251,121.865,123.88,1715154,0.0
2018-11-22,122.5,124.01,120.61,120.85,704915,0.0
2018-11-25,122.04,125.42,121.87,123.58,2391640,0.0
2018-11-26,122.9,124.3403,121.4,122.78,1353532,0.0
2018-11-27,123.94,129.285,123.94,128.98,2100488,0.0
2018-11-28,128.03,130.4375,126.84,129.43,1928036,0.0
2018-11-29,129.25,133.26,129.25,132.56,2374965,0.0
2018-12-02,137,140.08,134.1,139.96,3110653,0.0
2018-12-03,139.5,139.58,131.325,133.61,3049527,0.0
2018-12-05,133,134.71,126.5576,131.65,4384619,0.0
2018-12-06,132,136.26,113.61,113.84,7817490,0.0
2018-12-09,113.35,116.59,112.3655,115.01,3466715,0.0
2018-12-10,117.03,119.9344,115.8,116.85,2894325,0.0
2018-12-11,120.21,123.53,118.5,122.67,3876175,0.0
2018-12-12,122.99,125.8,118.15,120.25,4600291,0.0
2018-12-13,118.43,122.15,117.61,119.13,2402215,0.0
2018-12-16,119.83,122,117.5,118.89,2959034,0.0
2018-12-17,120.02,122.41,118.38,119.2,3026599,0.0
2018-12-18,119.52,120.77,114.15,115.72,2265090,0.0
2018-12-19,114.83,118.21,111.34,115.08,2994771,0.0
2018-12-20,116.76,119.75,113.53,113.71,2964415,0.0
2018-12-23,112.21,115.885,110.71,113.12,1554260,0.0
2018-12-25,114.13,122.74,113.95,122.64,2361904,0.0
2018-12-26,120.64,124.18,118.69,123.31,1818108,0.0
2018-12-27,124.4,125.37,120.64,121.44,1910494,0.0
2018-12-30,123.12,123.34,120.56,121.12,1273251,0.0
2019-01-01,118.89,124.585,118.28,123.23,1708957,0.0
2019-01-02,121.85,126.12,120.319,124.55,2667708,0.0
2019-01-03,125.85,129.57,125.31,128.6,1968189,0.0
2019-01-06,129.33,135.1,129.33,134.275,2362038,0.0
2019-01-07,135.52,137.1752,133.67,135.95,1717441,0.0
2019-01-08,137.5,137.51,134.6401,135.88,2531643,0.0
2019-01-09,131.03,132.41,129.5,131.46,3245233,0.0
2019-01-10,130.97,133.15,130.57,132.175,2808266,0.0
2019-01-13,136.64,145,135.38,139.72,6715938,0.0
2019-01-14,139.36,141.65,138.51,141.15,2307000,0.0
2019-01-15,142.36,143.25,141.3682,142.18,1515240,0.0
2019-01-16,141.73,146.04,141.73,145.18,2228404,0.0
2019-01-17,147.52,152.04,147.07,152.01,2989025,0.0
2019-01-21,150.52,151.6554,148.32,149.19,1602657,0.0
2019-01-22,151.43,151.73,147.75,149.86,1357791,0.0
2019-01-23,150,150.26,147.23,148.37,1189146,0.0
2019-01-24,150,152.8104,149.2984,152.05,1585066,0.0
2019-01-27,150.34,150.77,148.62,149.74,1303159,0.0
2019-01-28,149.83,149.93,147.81,148.84,1211038,0.0
2019-01-29,150.14,150.3963,148.23,148.64,1107724,0.0
2019-01-30,148.31,148.9314,146.31,147.825,2097860,0.0
2019-01-31,147.45,147.85,144.36,146.08,1591053,0.0
2019-02-03,145.34,147.45,144.68,146.59,1595851,0.0
2019-02-04,147.55,151.57,146.6807,146.81,1697758,0.0
2019-02-05,146.96,147.2674,143.4704,145.77,1337125,0.0
2019-02-06,144.33,147.35,143.06,147.3238,1485172,0.0
2019-02-07,147.13,150,147,148.39,1159695,0.0
2019-02-10,149.7,151.93,149.28,149.73,1250086,0.0
2019-02-11,150.86,157.55,150.57,157.31,2702407,0.0
2019-02-12,157.935,158.67,154.11,155.295,1677128,0.0
2019-02-13,153.51,156.42,152.35,154.8,1030618,0.0
2019-02-14,155.6,156.23,150.54,150.95,1647579,0.0
2019-02-18,149.18,149.8,145.53,147.41,2160693,0.0
2019-02-19,147.45,149.505,147.0301,148.1,1160204,0.0
2019-02-20,147.47,149.11,147.05,148.12,885123,0.0
2019-02-21,148.7,149.36,147.5,149.21,817066,0.0
2019-02-24,150.12,151.51,148.05,148.52,1051248,0.0
2019-02-25,148.2,151.4,148.1928,150.97,1173240,0.0
2019-02-26,150,152.15,149.0525,150.57,874865,0.0
2019-02-27,150.18,151.23,148.5255,150.43,999632,0.0
2019-02-28,152.56,153.95,150.1901,151.39,1486397,0.0
2019-03-03,152.1,152.89,146.46,147.76,1361195,0.0
2019-03-04,148.07,149.68,147.45,148.89,826976,0.0
2019-03-05,149.6,150.23,147.6625,149.09,770850,0.0
2019-03-06,148.37,148.92,146.4154,147.65,1081329,0.0
2019-03-07,146.01,146.623,141.78,142.4979,2339686,0.0
2019-03-10,143,145.54,142.35,145.33,1971401,0.0
2019-03-11,145.28,146.06,142.67,145.8,1688782,0.0
2019-03-12,146.15,147.71,145.25,145.4,1156942,0.0
2019-03-13,145.09,145.09,141.01,144.18,2105489,0.0
2019-03-14,144.1287,144.6,141.55,141.79,1511200,0.0
2019-03-17,142.2,144.49,141.51,144.31,1151430,0.0
2019-03-18,144.66,146.3048,143.77,144.99,1082279,0.0
2019-03-19,145.42,145.5,142.13,144.34,1037002,0.0
2019-03-20,144.64,149.55,144.54,148.91,1531208,0.0
2019-03-21,145.73,147.63,142.24,143.21,2338254,0.0
2019-03-24,142.91,147.37,141.34,146.53,2362661,0.0
2019-03-25,148.01,148.43,142.8,143.53,2595254,0.0
2019-03-26,144.32,146.86,143.8827,146.77,3903387,0.0
2019-03-27,169.15,171.45,166.1,167.52,13659802,0.0
2019-03-28,165.91,168.3,162.95,163.87,6589057,0.0
2019-03-31,164.76,167.2,163.22,165.41,1671686,0.0
2019-04-01,165.61,166.7,164.0105,165.51,2067644,0.0
2019-04-02,165.6,167.5,163.95,166.12,1733195,0.0
2019-04-03,166.27,171.69,166.15,171.43,2656237,0.0
2019-04-04,172.04,172.9,168.8406,169.37,1806949,0.0
2019-04-07,168.78,170.4,168.36,169.73,1420213,0.0
2019-04-08,169.41,169.8,165.53,167.51,2357756,0.0
2019-04-09,168.3,169.82,166.68,167.5,1490769,0.0
2019-04-10,167.69,168.66,166.93,167.96,1292903,0.0
2019-04-11,168.5,170.68,167.5,169.82,1147975,0.0
2019-04-14,170.69,173.07,170.02,172.02,2191516,0.0
2019-04-15,173,173.3225,168.73,169.27,1718670,0.0
2019-04-16,169.89,171.99,167.93,171.24,1486394,0.0
2019-04-17,171.74,174.64,169.72,173.29,2123881,0.0
2019-04-21,173.2,173.66,172.04,172.99,1066169,0.0
2019-04-22,174.51,177.16,173.03,176.83,2198289,0.0
2019-04-23,177.79,179.495,174.41,178.33,2331400,0.0
2019-04-24,178.34,179.22,176.6132,177.3,1464361,0.0
2019-04-25,177.75,178.04,175.41,177.08,1303103,0.0
2019-04-28,176.61,178.85,176.5,177.52,1502982,0.0
2019-04-29,177.26,177.75,175.625,176.35,1110366,0.0
2019-04-30,176.23,178.2729,175.58,175.67,1052699,0.0
2019-05-01,176.65,177.75,174.81,176.55,1119588,0.0
2019-05-02,176.84,178.98,176.01,178.63,922802,0.0
2019-05-05,175.2,178.22,174.59,177.75,856290,0.0
2019-05-06,177,177.4999,172.1,174.1,1539018,0.0
2019-05-07,173.86,177,172.7924,175.09,822889,0.0
2019-05-08,173.53,174.89,171.28,173.71,1114659,0.0
2019-05-09,173.51,175.11,170.0106,173.68,1009522,0.0
2019-05-12,170,171.13,166.22,167.36,1815944,0.0
2019-05-13,168.54,171.505,167.32,170.69,1142630,0.0
2019-05-14,169.82,173.75,168.85,172.8,1107643,0.0
2019-05-15,173.9,177.06,173.68,176.8,1239489,0.0
2019-05-16,176.49,176.65,172.56,173,1274546,0.0
2019-05-19,171.89,174.86,170.28,174.33,981214,0.0
2019-05-20,174.88,177.27,174.6,176.44,1139469,0.0
2019-05-21,176,176.205,174.53,175.73,772121,0.0
2019-05-22,173.56,174.93,169.99,170.11,1295705,0.0
2019-05-23,171.17,173.24,170.55,172.76,1353084,0.0
2019-05-27,173.11,176.04,173.02,173.52,1385279,0.0
2019-05-28,172.44,172.795,160.88,161.47,4572922,0.0
2019-05-29,161.57,165.2924,161.57,163.82,1640952,0.0
2019-05-30,161.05,165.63,160.8838,165.58,1471177,0.0
2019-06-02,165.83,167.5,162.29,163.98,1148193,0.0
2019-06-03,165.4,169.36,165.02,168.9,1123414,0.0
2019-06-04,170.14,173.82,169.38,173.57,1618798,0.0
2019-06-05,173.51,173.5426,169.71,170.44,1349642,0.0
2019-06-06,171.66,172.8,169.59,172.421,1654488,0.0
2019-06-09,174.34,176.38,170.98,171.35,1802430,0.0
2019-06-10,172.31,173.94,170.305,171.65,1859806,0.0
2019-06-11,171.93,173.445,169.29,170.9703,3396755,0.0
2019-06-12,181.9865,182.89,172.5,174.58,20550546,0.0
2019-06-13,173.04,177.72,171.6048,176.71,6769876,0.0
2019-06-16,177.74,184.68,177.09,183.45,3739937,0.0
2019-06-17,184.99,188.802,184.445,188.09,2667116,0.0
2019-06-18,188.14,189,186.09,186.99,1587520,0.0
2019-06-19,189.2,190.52,185.37,186.51,1986668,0.0
2019-06-20,184.6,184.8,180.85,181.88,3414257,0.0
2019-06-23,182.16,184.31,181.55,182.615,1726800,0.0
2019-06-24,182.64,182.89,175.17,177.26,2318174,0.0
2019-06-25,178.08,180.74,177.03,177.26,1705272,0.0
2019-06-26,177.72,180.6862,177.09,180.1,1141474,0.0
2019-06-27,180.6219,181.1083,178.65,180.295,1329020,0.0
2019-06-30,182.33,183.83,179.31,179.95,1553030,0.0
2019-07-01,179.95,182.7,179.59,180.87,1764041,0.0
2019-07-02,181.51,184.47,180.8,183.93,1009888,0.0
2019-07-04,183.2,183.4621,180.7,183.28,1400881,0.0
2019-07-07,181.86,186.95,181.6,186.82,1447007,0.0
2019-07-08,184.93,186.5,183.9,186.03,1818428,0.0
2019-07-09,187,187.32,183.16,183.87,1382910,0.0
2019-07-10,183.71,184.41,181.6,183.02,1172142,0.0
2019-07-11,185,190.52,184.6101,189.52,2686252,0.0
2019-07-14,189.72,191.44,186.75,189.17,1480371,0.0
2019-07-15,189.32,191.14,187.67,190.24,1213197,0.0
2019-07-16,190.33,190.96,188.99,190.37,717746,0.0
2019-07-17,189.56,190.5,187.1,189.39,1031809,0.0
2019-07-18,190.1,190.5475,187.88,187.96,772997,0.0
2019-07-21,189.46,189.66,186.08,187.74,915922,0.0
2019-07-22,189,189.84,186.71,189.1,992167,0.0
2019-07-23,189.07,192.42,189.0664,192.21,1005243,0.0
2019-07-24,192.95,193.71,190.7,191.25,881634,0.0
2019-07-25,192.25,192.74,189.81,190.61,814423,0.0
2019-07-28,190.67,192.34,188.68,192.08,720246,0.0
2019-07-29,190.98,193.46,189.4641,191.75,1000597,0.0
2019-07-30,191,194.25,189.039,191.09,1147716,0.0
2019-07-31,191.28,192.15,184.07,185.63,1487745,0.0
2019-08-01,184.6,184.89,177.6,178.91,1676570,0.0
2019-08-04,173.6,176.55,172.12,174.48,1926067,0.0
2019-08-05,176.5,180.46,175.82,179.67,1152385,0.0
2019-08-06,177.44,181.59,176.0195,181.37,855462,0.0
2019-08-07,182.6,186.88,182.26,186.35,1201233,0.0
2019-08-08,185.44,185.84,180.94,182.88,840245,0.0
2019-08-11,182,182.05,177.66,178.82,903739,0.0
2019-08-12,177.62,183.72,176.42,179.68,1368967,0.0
2019-08-13,176.05,176.855,174.01,174.6,1186412,0.0
2019-08-14,176.2,176.3484,172.4355,175.34,905064,0.0
2019-08-15,177.51,179.54,176.18,177.75,894992,0.0
2019-08-18,179.95,181.03,177.37,178.67,1054999,0.0
2019-08-19,178.84,180.6,177.24,179.72,927705,0.0
2019-08-20,182,183.53,179.905,183.34,888173,0.0
2019-08-21,183.88,185.12,180.78,184.09,1008942,0.0
2019-08-22,183,184.12,178.83,180.02,1496945,0.0
2019-08-25,182.98,182.98,180.1608,182.29,739686,0.0
2019-08-26,182.95,183.8,179.8,180.07,901447,0.0
2019-08-27,179.25,183.0798,178.53,182.79,811192,0.0
2019-08-28,184.83,187.1999,184.16,186.06,1242711,0.0
2019-08-29,187.48,187.7405,182.585,184.65,1113285,0.0
2019-09-02,183.53,184.26,178.26,179.54,1906670,0.0
2019-09-03,180.65,181.86,179.99,180.7,1811826,0.0
2019-09-04,184,188.95,183.9,188.33,4103692,0.0
2019-09-05,197.79,204.44,197.75,203.16,10098079,0.0
2019-09-08,203.51,203.76,194.06,194.4,3667741,0.0
2019-09-09,194.5,194.5,190.9,193.26,2393467,0.0
2019-09-10,193.02,198.78,192,196.46,2030132,0.0
2019-09-11,198.17,201.55,196.88,198.73,1772384,0.0
2019-09-12,198.8,199.4199,194.86,195.14,1074593,0.0
2019-09-15,193.73,194.91,192.12,193.7,1216323,0.0
2019-09-16,193.5,197.33,193.38,195.5,1104854,0.0
2019-09-17,195.46,197.16,192.65,195.35,1169394,0.0
2019-09-18,195.7,196.06,193.17,193.56,1110818,0.0
2019-09-19,194.08,196.04,189.18,189.26,1784226,0.0
2019-09-22,190.7,195.87,190.7,195.19,2197093,0.0
2019-09-23,196.45,196.79,190.7354,193.94,1839050,0.0
2019-09-24,193.94,195.1,190.57,192.93,1225865,0.0
2019-09-25,192.36,193.93,189.64,191.45,869276,0.0
2019-09-26,192.68,192.96,188.55,189.72,992866,0.0
2019-09-29,190.32,193.41,190.05,192.54,1021577,0.0
2019-09-30,193.41,194.07,191.32,192.67,1101645,0.0
2019-10-01,190.92,191.75,187.12,189.14,1234487,0.0
2019-10-02,188.76,190.3,185.36,190.15,1073992,0.0
2019-10-03,190.45,193.43,189.945,193.11,1825807,0.0
2019-10-06,191.92,193.4,190.81,191.75,1690441,0.0
2019-10-07,190.06,194.24,188.94,191.37,1706895,0.0
2019-10-08,193.85,194.5,192,192.24,1685437,0.0
2019-10-09,192.28,198.22,191.6125,198.12,4426293,0.0
2019-10-10,199.55,202.98,199.55,201.6,4311032,0.0
2019-10-13,201.89,205.11,201.24,203.04,3318228,0.0
2019-10-14,203.4,205.4,202.311,203.94,3704910,0.0
2019-10-15,202.36,203.93,201.67,203.07,2736430,0.0
2019-10-16,204.8,205.65,204.23,205.04,2524175,0.0
2019-10-17,203.7,209.02,203.31,207,4437181,0.0
2019-10-20,206.48,207.6458,203,205.34,1354464,0.0
2019-10-21,206.42,207.17,203.96,204.49,992145,0.0
2019-10-22,204.05,206.42,203.5,205.36,954125,0.0
2019-10-23,205.22,206.88,204.91,206.84,764424,0.0
2019-10-24,206.35,208.06,205,208,923041,0.0
2019-10-27,203.98,207.53,203,205.93,2334790,0.0
2019-10-28,206.13,207.48,204.66,205.57,1119890,0.0
2019-10-29,205.77,206.11,204.3,205.91,1224402,0.0
2019-10-30,205.35,207.4,203.15,204.24,1596413,0.0
2019-10-31,205.18,205.66,199.23,200.72,1462643,0.0
2019-11-03,203.89,204,194.15,196.465,2505925,0.0
2019-11-04,197,197.8899,191.21,194.44,1957974,0.0
2019-11-05,196.98,200.9,194.29,200.87,2299347,0.0
2019-11-06,202,203.55,200.9,202.85,1655206,0.0
2019-11-07,202.58,204.31,202.27,204.13,1239422,0.0
2019-11-10,203.25,207.19,202.69,207.18,1086820,0.0
2019-11-11,207.18,208.74,206.67,207.81,1592453,0.0
2019-11-12,207.59,211.31,206.96,211.12,1514955,0.0
2019-11-13,210.04,213.64,210,213.16,1186854,0.0
2019-11-14,214.31,216.05,212.26,215.92,1269952,0.0
2019-11-17,214.5,219.08,213.914,218.5,1473479,0.0
2019-11-18,217.79,219.97,216.51,216.91,1538668,0.0
2019-11-19,216.84,218.06,215.33,216.9516,1337949,0.0
2019-11-20,216.98,218.9,216.51,216.76,875439,0.0
2019-11-21,218,220,215.11,219.9,1849981,0.0
2019-11-24,222.25,226.66,222,222.15,1734905,0.0
2019-11-25,223.26,225.01,220.25,222.96,1308788,0.0
2019-11-26,223.89,229.65,223.04,228.83,1684262,0.0
2019-11-28,228.735,228.84,225.57,225.69,674848,0.0
2019-12-01,226.25,226.9999,222.81,225.52,1273607,0.0
2019-12-02,222.57,223.99,220.9,223.1,1344259,0.0
2019-12-03,225,226.33,223.48,225.47,1246493,0.0
2019-12-04,227.5,230.82,226.28,230.79,1324558,0.0
2019-12-05,232.56,233.12,229.06,229.4,1690880,0.0
2019-12-08,232.03,233.53,230.23,230.89,1812702,0.0
2019-12-09,231.67,231.7,227.07,229.66,2618890,0.0
2019-12-10,229.9,235.4961,228,233.37,3808778,0.0
2019-12-11,226.25,228.82,218.18,224.49,10779935,0.0
2019-12-12,220.43,225.5,218.8101,223.52,4578453,0.0
2019-12-15,224.88,227.32,223.76,225.34,2430362,0.0
2019-12-16,225.83,226.44,221.455,223.09,2134671,0.0
2019-12-17,223.97,225.6,223.3,224.32,1791986,0.0
2019-12-18,223.85,224.75,222.27,224.13,1486956,0.0
2019-12-19,224.69,230.57,224.3908,230.24,2758945,0.0
2019-12-22,230.8,231.14,227.0701,228.1,1265657,0.0
2019-12-23,228.47,229.41,227.11,229.02,592610,0.0
2019-12-25,229.39,233.4212,229.31,231.12,1730528,0.0
2019-12-26,232.56,232.79,229.76,230.02,1306462,0.0
2019-12-29,229.8,231.75,227.53,230.84,1053580,0.0
2019-12-30,231.14,232,229.67,231.67,842481,0.0
2020-01-01,232.9,233.47,231.765,233.38,1228798,0.0
2020-01-02,231.24,234.5,230.23,232.6,1215149,0.0
2020-01-05,231.49,235.53,230.8,235.44,1345657,0.0
2020-01-06,235.5,236.85,233.34,233.83,1090820,0.0
2020-01-07,234.88,238.01,234.01,237.24,1742702,0.0
2020-01-08,239.22,239.47,235.29,235.9,1060423,0.0
2020-01-09,236.21,236.2777,233.26,234.79,1052222,0.0
2020-01-12,238.57,245.35,238.11,245.31,3579691,0.0
2020-01-13,246.28,247.51,243.45,243.78,1520059,0.0
2020-01-14,245.15,246.0429,243.39,243.49,926835,0.0
2020-01-15,245,245.52,241.79,243.72,1266524,0.0
2020-01-16,245.51,245.73,241.15,241.25,1176165,0.0
2020-01-20,241.43,243.475,240.0005,242.41,2414212,0.0
2020-01-21,243.3,246.02,243.06,244.35,2266409,0.0
2020-01-22,242.62,244.28,241.5,243.05,1543883,0.0
2020-01-23,243.74,245.06,239.2695,240.46,1771526,0.0
2020-01-26,233.8,237.8699,231.84,236.74,1170610,0.0
2020-01-27,238.66,240.19,236.332,239.35,883972,0.0
2020-01-28,240.32,244.33,238.77,243.67,892078,0.0
2020-01-29,241.84,244,240.9,243.77,673877,0.0
2020-01-30,243.48,243.5799,239.3,239.38,1251102,0.0
2020-02-02,240.18,247.7,240.18,246.47,1604503,0.0
2020-02-03,249.85,250.1,247.66,247.99,1251214,0.0
2020-02-04,249.15,249.71,243.555,243.82,1411140,0.0
2020-02-05,244.35,244.53,242.79,243.79,1045599,0.0
2020-02-06,243.77,246.89,242.17,243.59,1001057,0.0
2020-02-09,244.02,249.74,244.02,248.55,1059146,0.0
2020-02-10,249.34,252.385,248.34,251.58,939802,0.0
2020-02-11,252.11,254.1574,250.78,253.88,581723,0.0
2020-02-12,253.41,256.8,252.37,253.76,848377,0.0
2020-02-13,254.68,256,253.15,254.43,874935,0.0
2020-02-17,254.01,259.74,253.66,259.23,1139345,0.0
2020-02-18,261,263.5,259.81,262.51,792775,0.0
2020-02-19,262.93,266.2,258.75,263.48,1474011,0.0
2020-02-20,263,265.1,253.8001,255.97,1499171,0.0
2020-02-23,245.39,247.87,235.69,246.19,1793808,0.0
2020-02-24,248.38,250.4478,237.05,238.67,1458259,0.0
2020-02-25,239.15,244.13,237.04,238.55,1070913,0.0
2020-02-26,230.44,232.48,220.21,220.74,2685353,0.0
2020-02-27,210.44,217.7,208.9,217.58,3520996,0.0
2020-03-01,219.19,229.21,216.486,228.91,2210765,0.0
2020-03-02,229.05,235.42,225.955,226.77,3337607,0.0
2020-03-03,230.54,232.88,221.235,231.61,1642869,0.0
2020-03-04,225.4,227.38,216.15,221.38,2685741,0.0
2020-03-05,213.26,223.35,212.235,218.55,2376216,0.0
2020-03-08,201.19,208.33,194.24,199.73,2019193,0.0
2020-03-09,206.37,206.99,197.1108,204.13,2084727,0.0
2020-03-10,199.39,201.49,191.39,193.76,4064792,0.0
2020-03-11,179.45,180.33,167.331,169.01,3715755,0.0
2020-03-12,178,178,162.3201,176.74,2814316,0.0
2020-03-15,155.49,155.89,138.29,138.48,8780006,0.0
2020-03-16,141.7,156.8,136.0853,144.88,3601694,0.0
2020-03-17,135.12,140.64,128.845,140.31,3253559,0.0
2020-03-18,136.33,162.7799,136.33,154.86,5796978,0.0
2020-03-19,163.51,182.53,162.6,165.01,5125873,0.0
2020-03-22,165.55,180.3565,165.05,172.02,4184159,0.0
2020-03-23,183.25,194.9,180.1,192.91,2653637,0.0
2020-03-24,195.5,202.86,192.43,193.48,3005231,0.0
2020-03-25,197.05,202.84,189.05,200.8,3541365,0.0
2020-03-26,192.8,195.55,184.0555,188.84,3453283,0.0
2020-03-29,188.5,196.96,183.03,193.74,4207546,0.0
2020-03-30,193.53,194.2015,188.19,189.54,1792701,0.0
2020-03-31,181,187.28,181,183.5,1685357,0.0
2020-04-01,182,185.5,177.77,185.5,2221571,0.0
2020-04-02,184.71,184.765,179.1,181.26,2090662,0.0
2020-04-05,188.22,195.7,185.75,194.95,4585648,0.0
2020-04-06,202.48,203.44,194.7,194.87,4052954,0.0
2020-04-07,196.8,200.5,194.33,196.01,1159691,0.0
2020-04-08,199.64,206,198.48,203.63,1795864,0.0
2020-04-12,202.76,203.44,197.66,199.0566,1884505,0.0
2020-04-13,203.72,206.77,201.58,205.18,3154809,0.0
2020-04-14,200.2,208.5,199.6,207.9409,5279778,0.0
2020-04-15,210,214.425,207.68,209.19,7652403,0.0
2020-04-16,215.25,226.42,213.52,226,8498172,0.0
2020-04-19,222.793,224.51,216.79,218.69,5651672,0.0
2020-04-20,215,216.55,206.5,206.74,7946486,0.0
2020-04-21,210.91,214.22,210.01,212.065,2899345,0.0
2020-04-22,212.39,216.72,210.42,211.65,4205589,0.0
2020-04-23,213.76,216.5,212.1,214.55,4067753,0.0
2020-04-26,217.6,227.87,216.38,226.83,4002137,0.0
2020-04-27,231.3,231.95,224.1901,224.585,1269410,0.0
2020-04-28,229.84,237.49,227.51,232.43,1287000,0.0
2020-04-29,229.72,231.55,223.5,223.52,2654052,0.0
2020-04-30,219.11,220.46,216.2,218.69,1617007,0.0
2020-05-03,215.08,218.84,213.97,218.55,1996368,0.0
2020-05-04,221.72,222,216.1835,218.21,1226235,0.0
2020-05-05,218.99,225,218.97,223.11,2348104,0.0
2020-05-06,224.53,228.59,220.57,226.21,3042194,0.0
2020-05-07,229,238.32,228.5001,237.9,1950518,0.0
2020-05-10,237.57,246.84,234.53,245.79,3554184,0.0
2020-05-11,247.07,248.75,242.34,242.6,1777281,0.0
2020-05-12,242.25,243.1,225.89,229.28,4301814,0.0
2020-05-13,226.56,237.74,225.81,237.57,2738464,0.0
2020-05-14,234.89,247.54,234.01,246.96,3284100,0.0
2020-05-17,253.7328,259.61,252.03,255.65,1747214,0.0
2020-05-18,256.89,257.38,251.03,251.4,1299078,0.0
2020-05-19,256.1,259.6,255.18,258.27,2037674,0.0
2020-05-20,259.37,268.265,257.565,267.53,1720293,0.0
2020-05-21,268.7,277.02,267.02,276.83,1996971,0.0
2020-05-25,282.55,284.92,279.31,281.5,1761411,0.0
2020-05-26,281.38,282.9,271.6,281.61,2041165,0.0
2020-05-27,281.47,291.31,277.52,284.42,4352744,0.0
2020-05-28,285.91,301.49,284.1502,300.16,3558164,0.0
2020-05-31,299.77,310.22,297.25,308.82,2265953,0.0
2020-06-01,305.51,314.87,302.0101,312.49,5314462,0.0
2020-06-02,313.06,324.7,312.5001,323.7,2662849,0.0
2020-06-03,321.5,323.52,313.5,317.46,5269908,0.0
2020-06-04,319.16,323.8,317,319.5,4439474,0.0
2020-06-07,322.06,322.625,312.73,315.21,4941375,0.0
2020-06-08,313.2,318.9,307.8,316.2,4548304,0.0
2020-06-09,318.6,324.76,316.5401,323.24,1590587,0.0
2020-06-10,314.37,321.1,306.63,308.5047,5521758,0.0
2020-06-11,302.84,308.38,295.5211,295.6121,3126661,0.0
2020-06-14,289.17,303.25,288.61,303.05,2129127,0.0
2020-06-15,310.79,312.802,303.27,310.62,1998220,0.0
2020-06-16,313,313.83,302.57,303.69,1551462,0.0
2020-06-17,303.99,305.66,299,302.98,2923630,0.0
2020-06-18,306.98,307.01,295.29,297.63,2972174,0.0
2020-06-21,298.01,306.57,293.85,304.7899,1497597,0.0
2020-06-22,308.01,310.2136,300.73,301.21,1233849,0.0
2020-06-23,299.48,303.15,290.52,295.4,1462620,0.0
2020-06-24,294.3,295.26,288.5,295.12,1145724,0.0
2020-06-25,293.8,295.1,288.11,289.66,1144853,0.0
2020-06-28,290.11,295.67,284.29,294.35,1543887,0.0
2020-06-29,305,318.3236,304.2,312.14,5287934,0.0
2020-06-30,314.5,316.99,306.355,308.62,1698383,0.0
2020-07-01,312.15,312.5917,302.4954,304.67,1747969,0.0
2020-07-05,309,316.12,308.6,314.34,2374468,0.0
2020-07-06,313.12,313.13,306.31,306.75,1239187,0.0
2020-07-07,310.88,311.25,306.575,309.87,1138873,0.0
2020-07-08,309.8,319.1099,303.68,315.25,3186673,0.0
2020-07-09,316.64,317.97,308.12,314.2,1645588,0.0
2020-07-12,316.75,321.82,304.539,305.33,2040655,0.0
2020-07-13,303.53,309.445,295.01,308.25,1960247,0.0
2020-07-14,308.5944,314,304.14,312.52,1405322,0.0
2020-07-15,308.5,315.21,306.78,313.03,1079368,0.0
2020-07-16,315.02,319.04,310.86,316.84,1567863,0.0
2020-07-19,319.14,329.85,317,326.85,1869711,0.0
2020-07-20,330.36,330.9,324.07,325.03,1377562,0.0
2020-07-21,325.89,329.484,322.534,326.57,835332,0.0
2020-07-22,327.16,337.5673,317.94,320.01,1859446,0.0
2020-07-23,316.26,325.71,313.62,321.55,1359359,0.0
2020-07-26,324.28,333.18,323.04,331.55,1870790,0.0
2020-07-27,331.22,333.8799,321.91,322.87,1456072,0.0
2020-07-28,322.2,329.5,321.5,326.25,1252783,0.0
2020-07-29,322.3,325.38,316.99,323.45,1172823,0.0
2020-07-30,326.17,326.2753,319.6,325.61,1144734,0.0
2020-08-02,327.99,331.17,324.01,328.59,986518,0.0
2020-08-03,327.93,330.39,324.3201,328.14,909775,0.0
2020-08-04,330.94,343.59,328.265,340.4,2062132,0.0
2020-08-05,342.32,343.09,334.12,339.18,1048151,0.0
2020-08-06,339.08,343.74,336.51,342.08,1513579,0.0
2020-08-09,342.72,346.0628,337.3928,344.23,1234386,0.0
2020-08-10,344.32,344.7802,334.87,335.47,1446893,0.0
2020-08-11,338,346.43,337.79,345.59,1149964,0.0
2020-08-12,349.99,354.59,346.27,350.445,1342682,0.0
2020-08-13,350.15,351.69,345.03,349.09,820922,0.0
2020-08-16,350.49,355.82,350,354.99,646328,0.0
2020-08-17,358.07,360.77,352.4549,358.78,926643,0.0
2020-08-18,360.58,364.89,356.17,360.97,832096,0.0
2020-08-19,358.18,367.94,356.3,366.42,1003427,0.0
2020-08-20,367.45,369.77,364.55,368.63,710707,0.0
2020-08-23,372.2,377.84,369.395,376.31,1492591,0.0
2020-08-24,376.51,380.5896,372.21,378.45,982557,0.0
2020-08-25,381.41,383.2,376.67,381.5,966509,0.0
2020-08-26,384,384.05,373.892,375.01,1629340,0.0
2020-08-27,377,380.92,376.13,377.48,1194719,0.0
2020-08-30,377.5,379.31,372.5,375.34,1560592,0.0
2020-08-31,376.6,391.38,373.56,391.16,1297367,0.0
2020-09-01,398.11,399.8965,387.075,398.25,1528570,0.0
2020-09-02,393.39,396.83,376.37,377.87,2297445,0.0
2020-09-03,372.39,376.4,345.9703,361.41,2926299,0.0
2020-09-07,351.01,365,348.5,349.8,2610627,0.0
2020-09-08,334.83,334.92,315.25,323.59,8151127,0.0
2020-09-09,331.43,336.2798,317.67,320.01,2680019,0.0
2020-09-10,322.9966,322.9966,308.63,313.59,2989978,0.0
2020-09-13,315.99,317.75,311.13,313.82,1659647,0.0
2020-09-14,318.33,319,312.68,315.71,1760089,0.0
2020-09-15,316.32,317.43,309.58,309.99,1518834,0.0
2020-09-16,304.15,308.8385,301.55,303.11,2034990,0.0
2020-09-17,304.73,304.8,290.57,294.42,2614232,0.0
2020-09-20,289.65,295.68,287.21,295.61,2149394,0.0
2020-09-21,297.62,314.15,296.77,313.6,3742926,0.0
2020-09-22,325.34,331.85,313.794,316.91,4467849,0.0
2020-09-23,312.89,320.92,303.2089,315.87,2275629,0.0
2020-09-24,315.61,316.5,308.59,315.53,1533894,0.0
2020-09-27,317.88,319.2908,310.595,318.99,1246940,0.0
2020-09-28,318.74,325.2399,315.97,323.49,1240053,0.0
2020-09-29,328.8006,334.341,326.81,329.44,1683705,0.0
2020-09-30,334.32,343.2699,332.62,341.17,1491159,0.0
2020-10-01,333,339.2644,327.73,332.83,1558832,0.0
2020-10-04,334,337.97,327.026,337.88,1168855,0.0
2020-10-05,335.66,339.49,327.39,329.36,1315048,0.0
2020-10-06,333.38,339.2,333.095,338.91,1086062,0.0
2020-10-07,343.9,343.935,337.17,337.97,898204,0.0
2020-10-08,340.81,349.35,338.4,346.59,1603016,0.0
2020-10-11,351.2,351.55,342.825,348.055,1108370,0.0
2020-10-12,350,359.235,348.2,356.29,1235812,0.0
2020-10-13,358.89,358.89,346.305,351.995,925575,0.0
2020-10-14,345.12,354.73,345,353.6,646600,0.0
2020-10-15,356.15,358.565,348.29,350.14,745361,0.0
2020-10-18,351,352.31,336.05,336.33,1034794,0.0
2020-10-19,338.26,338.4067,329.88,330,1130681,0.0
2020-10-20,331.16,336.66,325.16,325.45,1262184,0.0
2020-10-21,326.53,327.365,316.48,325.94,1617125,0.0
2020-10-22,327.01,334.19,322.8222,333.91,1032408,0.0
2020-10-25,336.26,340.85,325.65,331.77,1207086,0.0
2020-10-26,332.88,337.2875,330.51,333.67,755216,0.0
2020-10-27,330.39,333,326.26,329.51,933617,0.0
2020-10-28,332.98,335.2,326.4201,329.98,659453,0.0
2020-10-29,326.69,328.67,314.63,319.67,1192547,0.0
2020-11-01,321.02,324.23,307.8101,315.33,1136336,0.0
2020-11-02,317.5,328.86,312.05,327,1036207,0.0
2020-11-03,336.75,342.25,331.075,340.64,1120720,0.0
2020-11-04,345.21,348.51,338.25,347.18,1054872,0.0
2020-11-05,348.15,349.64,343.02,344.25,661915,0.0
2020-11-08,353.01,353.93,326.65,326.96,1505775,0.0
2020-11-09,326.18,328.5199,311.04,321.86,1326760,0.0
2020-11-10,325.605,337.86,322.19,336.73,859529,0.0
2020-11-11,335,338.88,328.57,329.64,779251,0.0
2020-11-12,330.5,332.65,326,326.105,544662,0.0
2020-11-15,324.02,332.8,322.17,330.81,494680,0.0
2020-11-16,331,340.7,327.21,338.4,713340,0.0
2020-11-17,339.81,342.59,333.85,336.56,834204,0.0
2020-11-18,336.32,345.36,332.16,344.34,831071,0.0
2020-11-19,342.7,349.98,340.295,345.74,784847,0.0
2020-11-22,348.45,351.41,343.62,348.54,728893,0.0
2020-11-23,350.57,352,344.41,349.5,605318,0.0
2020-11-24,350,358.25,348.18,357.85,1015767,0.0
2020-11-26,361.66,365.78,358.01,365.78,812687,0.0
2020-11-29,367.78,371.98,357.49,370.3,1310280,0.0
2020-11-30,373.21,379.6882,370.44,377.52,1437368,0.0
2020-12-01,375.6949,381.37,371.5805,372.46,1019121,0.0
2020-12-02,374.21,383.54,373.38,375.41,1447920,0.0
2020-12-03,378.87,380.245,374.36,376.96,1130550,0.0
2020-12-06,376.3,376.55,366.66,371.48,1936665,0.0
2020-12-07,372.03,375.67,367,371.2,1389546,0.0
2020-12-08,374.51,378.5,361.84,363.35,1580759,0.0
2020-12-09,367.02,370.68,359.7764,369.44,1969238,0.0
2020-12-10,366.33,366.565,343.28,344.213,6292458,0.0
2020-12-13,344,354.83,337.07,352.37,2602638,0.0
2020-12-14,355.94,360.8137,353.615,355.9499,1565321,0.0
2020-12-15,357.21,363.5,351.565,363.03,1684801,0.0
2020-12-16,367,387.37,363.99,385.86,3088831,0.0
2020-12-17,387.06,387.22,373.18,378.29,1930158,0.0
2020-12-20,373.355,377.7699,369.46,373.31,1304407,0.0
2020-12-21,373.75,375,357.52,360.07,1833014,0.0
2020-12-22,363,363.99,354.91,355.13,1185447,0.0
2020-12-23,355,356.385,350.45,351.16,692571,0.0
2020-12-27,355.185,355.185,345.5,351.35,1293268,0.0
2020-12-28,353.76,354.22,343.67,353.16,1161269,0.0
2020-12-29,355,356,349.8,350.79,882685,0.0
2020-12-30,349.28,351.81,346.7578,347.84,705413,0.0
2021-01-03,351.67,356.83,346.41,356.49,1738659,0.0
2021-01-04,357.89,369.441,357.375,366.53,2021521,0.0
2021-01-05,362.11,367.6,357.48,363.51,994520,0.0
2021-01-06,366.87,374.2,364.6,367.32,935080,0.0
2021-01-07,367.36,370.54,362.59,365.46,914331,0.0
2021-01-10,354.13,373.0798,352.34,361.66,1644880,0.0
2021-01-11,361.6,362.2525,351.1411,356.82,1566635,0.0
2021-01-12,357.75,359.01,350.5,351.99,1023220,0.0
2021-01-13,352.3,357.59,347.51,347.73,982532,0.0
2021-01-14,347,347.2,337.43,344.51,1322718,0.0
2021-01-18,346.49,348.55,340.1501,342.26,1086213,0.0
2021-01-19,344.91,357.13,343.81,355.08,1230028,0.0
2021-01-20,356.76,358.05,348.7964,349.26,779393,0.0
2021-01-21,349.15,350.1657,344.42,346.49,593295,0.0
2021-01-24,347.14,350,335,340,1707834,0.0
2021-01-25,340.5,340.5,328.65,330.54,1883134,0.0
2021-01-26,325.5,331.489,312.9,329.93,2009821,0.0
2021-01-27,330.8,336.5,328.7,330,1586731,0.0
2021-01-28,327.85,330.81,322.01,328.81,1133096,0.0
2021-01-31,329.38,334.22,324.4,333.69,1315101,0.0
2021-02-01,335.82,344.33,334.67,343.92,1071377,0.0
2021-02-02,344.99,345,331.52,332.52,1249187,0.0
2021-02-03,335.34,340,334.35,338.6,1042995,0.0
2021-02-04,340.2,340.2,332.91,334.09,1152572,0.0
2021-02-07,335.95,342.43,334.12,339.66,909889,0.0
2021-02-08,336.65,342.33,334.15,340.4,889829,0.0
2021-02-09,341.2,344.91,338.01,340.76,747260,0.0
2021-02-10,344.72,347,340.86,346,875669,0.0
2021-02-11,345.01,345.67,339.25,342.86,719740,0.0
2021-02-15,344.19,345,339.23,339.81,752711,0.0
2021-02-16,338.07,338.59,331.19,337.53,805322,0.0
2021-02-17,334.85,338.42,325.75,336.81,1135880,0.0
2021-02-18,337,338.19,331.12,332.23,1025754,0.0
2021-02-21,328.81,328.81,319.3119,321.67,1199312,0.0
2021-02-22,315.77,325.51,304.87,323.1,1801322,0.0
2021-02-23,318.79,321.18,312.51,317.9,1056537,0.0
2021-02-24,316.2,326.1894,308.575,310,1186708,0.0
2021-02-25,312.35,316.58,306.3993,311.69,1245114,0.0
2021-02-28,313.09,317.35,312.11,314.96,1231142,0.0
2021-03-01,316.51,321.25,312.1044,317.57,1225533,0.0
2021-03-02,313.69,315.7544,295.68,295.8,2307386,0.0
2021-03-03,296.41,299.28,280.4835,285.18,2834133,0.0
2021-03-04,290.45,293.82,269.2801,293.23,2416585,0.0
2021-03-07,291.17,295.87,288.05,289.09,1872836,0.0
2021-03-08,296.95,304.85,294.78,298.47,1422371,0.0
2021-03-09,302.07,311.41,299.19,309,2068046,0.0
2021-03-10,313.53,315.34,308.74,310.17,1551851,0.0
2021-03-11,304.46,307.7,299.01,306.06,1183127,0.0
2021-03-14,306.73,314.565,304.1656,314.3,794829,0.0
2021-03-15,315.55,316.8896,305.7,308.72,840449,0.0
2021-03-16,303.89,316.59,303.89,315.47,885865,0.0
2021-03-17,311.17,316.2,305.28,306.41,945509,0.0
2021-03-18,305.37,312.48,303.51,308.71,1269758,0.0
2021-03-21,309.59,316.52,308.76,313.6,764344,0.0
2021-03-22,314.22,321.3,312.9001,314.23,1027299,0.0
2021-03-23,316.95,319.7,306.68,307.5,878681,0.0
2021-03-24,303.56,307.85,298.54,305.93,1253001,0.0
2021-03-25,302.6096,314.15,302.48,314.15,932653,0.0
2021-03-28,317.4611,319.8,310.25,316.16,1305127,0.0
2021-03-29,314.52,320.5799,311.44,316.93,1999610,0.0
2021-03-30,307.65,311.6859,300.05,306.71,4663024,0.0
2021-03-31,308.29,308.792,300.32,301.07,2838591,0.0
2021-04-04,303,302.86,295.89,298.51,1968768,0.0
2021-04-05,300.38,309.33,298.0201,308.65,1868828,0.0
2021-04-06,306.75,311.32,304.75,306.04,1063748,0.0
2021-04-07,309.85,313.88,308.11,312.56,1418456,0.0
2021-04-08,311.45,319.3,310.6,318.1,1281883,0.0
2021-04-11,317.78,324.26,314.36,323.87,1120630,0.0
2021-04-12,322.6,324.42,318.57,324.09,983277,0.0
2021-04-13,323.86,325,321.22,323.03,941068,0.0
2021-04-14,324.39,328.4,323.4,325.81,885428,0.0
2021-04-15,325.51,325.73,321.51,324.29,842368,0.0
2021-04-18,322.5,324.97,321.475,322.31,933179,0.0
2021-04-19,322.8,323.65,314.83,316.45,788192,0.0
2021-04-20,316.49,326.68,316.49,326.68,1159785,0.0
2021-04-21,326.65,338.88,326.18,338.82,2014114,0.0
2021-04-22,338.77,342.46,336.71,340.98,1515024,0.0
2021-04-25,340.92,341.12,334.84,337.81,716023,0.0
2021-04-26,337.69,341.4754,336.2,339.28,562506,0.0
2021-04-27,339.27,342,335.59,338.21,559875,0.0
2021-04-28,340.84,347,339.17,343.1,944695,0.0
2021-04-29,342.86,344.453,334.99,335.07,821723,0.0
2021-05-02,336.41,337.02,332.76,335.36,662436,0.0
2021-05-03,330,331.99,321.88,325,884952,0.0
2021-05-04,327.48,330.74,321.02,322.09,745016,0.0
2021-05-05,320.5,323.77,317.29,321.22,635612,0.0
2021-05-06,323.2,331.5497,322.03,330.31,792749,0.0
2021-05-09,330.3,331.645,324.15,324.24,716631,0.0
2021-05-10,318.69,323.77,316.4,322.04,1100972,0.0
2021-05-11,317.02,321.7,304.3,305.3,1130815,0.0
2021-05-12,307.78,311.04,304,307.99,751871,0.0
2021-05-13,309.42,316.775,309,314.67,515208,0.0
2021-05-16,312.86,314.65,309.12,314.54,524089,0.0
2021-05-17,314.54,316.58,310.7878,312.25,585850,0.0
2021-05-18,307.46,310.92,304.38,310.16,651290,0.0
2021-05-19,310.91,320.04,310.72,319.17,729663,0.0
2021-05-20,322.32,322.87,310.4118,313.2,1089409,0.0
