Date,Open,High,Low,Close,Volume,OpenInterest
2017-06-01,108.89,110.51,108.76,110.06,2162212,0.0
2017-06-04,110.1,110.35,107.8,108.19,1625361,0.0
2017-06-05,107.32,107.51,104.92,104.98,3605442,0.0
2017-06-06,105.56,105.605,103.12,105.12,3188774,0.0
2017-06-07,104.56,105.17,102.4,105.07,2698990,0.0
2017-06-08,104.98,105.46,101.86,102.41,3028995,0.0
2017-06-11,101.79,102.49,100.77,102.07,4157898,0.0
2017-06-12,102.55,103.89,102.25,103.89,2093081,0.0
2017-06-13,104.38,104.91,102.8568,103.92,1843380,0.0
2017-06-14,103.35,104.82,102.54,104.76,1185232,0.0
2017-06-15,104.2,105.31,103.97,104.5,2495068,0.0
2017-06-18,105.01,106.31,104.64,105.94,1251859,0.0
2017-06-19,105.43,105.883,104.16,104.18,1237781,0.0
2017-06-20,104.32,104.819,103.67,104.13,1065211,0.0
2017-06-21,104.09,104.4,103.39,103.89,920713,0.0
2017-06-22,103.81,104.45,103.32,104.03,1382431,0.0
2017-06-25,104.07,105.15,103.51,103.93,1081449,0.0
2017-06-26,103.53,103.558,100.89,101.03,2043151,0.0
2017-06-27,101,102.51,100.47,101.97,1669330,0.0
2017-06-28,102.16,102.34,99.08,100.23,1876716,0.0
2017-06-29,101.16,101.22,100.28,100.31,1301581,0.0
2017-07-02,100.61,101,99.92,100.1,929607,0.0
2017-07-04,100.3,101.56,100.05,101.17,1773648,0.0
2017-07-05,100.45,100.75,99.38,99.63,1501942,0.0
2017-07-06,99.7,100.74,99.43,100.36,1378954,0.0
2017-07-09,100.23,100.89,99.56,100.71,1136473,0.0
2017-07-10,100.33,100.95,99.83,100.74,1460689,0.0
2017-07-11,101.63,102.05,100.68,100.81,1127822,0.0
2017-07-12,100.85,101.24,100.46,100.69,688455,0.0
2017-07-13,100.59,101.37,100.17,100.98,943597,0.0
2017-07-16,100.89,101.95,100.61,101.359,930617,0.0
2017-07-17,100.98,102.31,100.64,101.99,1007422,0.0
2017-07-18,101.88,102.61,101.451,102.24,784380,0.0
2017-07-19,102.14,102.93,101.91,102.39,965183,0.0
2017-07-20,102.05,103.06,102.02,102.83,951842,0.0
2017-07-23,103.03,103.12,102.61,102.7,1059029,0.0
2017-07-24,103.15,103.32,102.64,103.04,1218323,0.0
2017-07-25,103.39,104.84,102.47,103.05,2161841,0.0
2017-07-26,103.48,104.41,102.98,104.04,1387587,0.0
2017-07-27,103.64,104.6124,103.27,103.33,1408478,0.0
2017-07-30,103.75,104.97,103.57,104.2,833549,0.0
2017-07-31,104.8,105.55,104.61,105.14,954223,0.0
2017-08-01,104.38,104.74,102.05,103.48,1737804,0.0
2017-08-02,103.62,105.19,103.45,103.66,1490097,0.0
2017-08-03,104.07,105.05,103.65,105.01,1502337,0.0
2017-08-06,107.01,107.6299,105.7,106.16,3909555,0.0
2017-08-07,100.95,104.76,100.53,103.95,3860732,0.0
2017-08-08,103.1,103.2,101.21,101.35,2182929,0.0
2017-08-09,101.01,101.01,99.2,99.539,2848182,0.0
2017-08-10,99.5,100.16,98.86,99.4,1754338,0.0
2017-08-13,100.19,100.45,99.67,100.06,1355587,0.0
2017-08-14,100.32,101.04,99.93,100.41,1282650,0.0
2017-08-15,100.6,100.85,99.69,100.29,1570924,0.0
2017-08-16,100.18,100.18,97.8,97.84,2125678,0.0
2017-08-17,97.8,98.74,96.9,98.03,1281686,0.0
2017-08-20,98.16,99.205,97.99,99.08,992708,0.0
2017-08-21,99.21,102.4099,98.86,102.035,2078532,0.0
2017-08-22,101.15,101.6999,100.27,100.44,1630098,0.0
2017-08-23,100.56,101.03,99.58,99.95,911776,0.0
2017-08-24,100.82,100.97,100.15,100.67,852497,0.0
2017-08-27,100.99,100.99,100.24,100.72,919049,0.0
2017-08-28,99.77,100.54,99.581,100.24,910224,0.0
2017-08-29,100.76,103.75,100.56,103.64,1533391,0.0
2017-08-30,103.71,104.3497,102.81,103.58,1210291,0.0
2017-08-31,104.02,104.25,103.42,103.79,994455,0.0
2017-09-04,103.67,103.82,101.11,102.28,1396436,0.0
2017-09-05,102.68,102.86,101.22,101.8,932880,0.0
2017-09-06,102.13,102.24,101.21,101.76,1048235,0.0
2017-09-07,101.73,104.44,101.61,103.45,1459689,0.0
2017-09-10,104.06,106.2,103.82,104.63,2152730,0.0
2017-09-11,104.55,105.4799,104.29,105.069,988728,0.0
2017-09-12,105,106.92,104.71,106.77,1433991,0.0
2017-09-13,106.34,106.96,105.65,106.39,1267712,0.0
2017-09-14,105.97,105.97,104.39,105.41,1771788,0.0
2017-09-17,105.77,106.48,105.45,105.53,1331343,0.0
2017-09-18,105.58,107.43,105.072,107.36,1643394,0.0
2017-09-19,107.3,108.24,106.84,107.7,2722862,0.0
2017-09-20,107.84,108.5,107.33,107.57,1551283,0.0
2017-09-21,107.18,108.07,107.06,107.88,916436,0.0
2017-09-24,107.85,109.97,107.43,108.89,1589482,0.0
2017-09-25,109.07,109.65,107.96,108.07,2072422,0.0
2017-09-26,108.36,108.96,107.43,108.36,3095371,0.0
2017-09-27,108.15,110.06,107.96,110.01,1240783,0.0
2017-09-28,109.67,111.32,109.2,110.26,1868027,0.0
2017-10-01,110.35,111.46,109.7,110.52,1174936,0.0
2017-10-02,110.39,110.84,108.99,109.4,1208371,0.0
2017-10-03,109.25,109.54,108.31,108.81,1493619,0.0
2017-10-04,109.22,111.5,108.87,111.27,1921206,0.0
2017-10-05,111.24,111.77,110.74,111.74,1019540,0.0
2017-10-08,111.88,112.79,111.51,112.77,834643,0.0
2017-10-09,112.88,114.11,112.46,114.08,1230531,0.0
2017-10-10,113.89,114.41,113.69,114.1,1012604,0.0
2017-10-11,114.07,114.87,113.65,114.44,852140,0.0
2017-10-12,115,115.305,114.4,115.1,1283782,0.0
2017-10-15,115,115.4,113.815,114.74,1326113,0.0
2017-10-16,114.55,115.08,114.17,115.035,469467,0.0
2017-10-17,115.32,116.67,115.23,115.77,1374573,0.0
2017-10-18,115.35,115.41,114.54,115.21,1307390,0.0
2017-10-19,115.49,115.61,114.4,115.02,1421092,0.0
2017-10-22,115.06,115.52,114.71,115.31,1026429,0.0
2017-10-23,115.77,117.09,115.44,116.79,1307295,0.0
2017-10-24,116.11,117.04,115.57,116.34,1698722,0.0
2017-10-25,117.53,119.36,116.4,118.8,2242757,0.0
2017-10-26,117.41,119.425,117.27,118.85,1414550,0.0
2017-10-29,118.66,118.97,117.52,118.53,872259,0.0
2017-10-30,118.62,119.91,118.32,119.49,1090666,0.0
2017-10-31,120.51,120.92,119.6,120.17,1026669,0.0
2017-11-01,120.44,121.253,119.02,119.61,2273229,0.0
2017-11-02,119.69,121.58,119.61,121.55,1460148,0.0
2017-11-05,121.34,123.03,120.85,121.98,1326987,0.0
2017-11-06,122.21,123.31,120.66,120.92,2612749,0.0
2017-11-07,121,124.34,119.19,119.98,3556262,0.0
2017-11-08,119.26,120.12,118.13,118.83,2663571,0.0
2017-11-09,119.04,120.87,118.01,120.12,2409378,0.0
2017-11-12,119.67,120.88,119.599,120.39,1610788,0.0
2017-11-13,120.08,123.1,119.95,123.05,1693743,0.0
2017-11-14,122.91,122.96,121.38,122.29,1345269,0.0
2017-11-15,121.95,124.42,121.5001,124.38,1811657,0.0
2017-11-16,123.98,125.64,123.77,125.48,2051476,0.0
2017-11-19,125.33,126.24,125.06,125.92,1472349,0.0
2017-11-20,126.33,128.37,126.33,127.62,2071207,0.0
2017-11-21,127.96,128,126.07,126.39,1534296,0.0
2017-11-23,126.51,127.1,126.38,126.5,574287,0.0
2017-11-26,126.33,127.37,126.33,126.93,1331534,0.0
2017-11-27,127.25,127.55,126.56,126.9,2209757,0.0
2017-11-28,127.25,127.43,125.61,126.49,2142305,0.0
2017-11-29,126.14,127.97,125.65,127,1952153,0.0
2017-11-30,126.03,127.34,124.45,126.86,1699049,0.0
2017-12-03,127.71,129.56,127.67,127.74,1450783,0.0
2017-12-04,127.92,129.47,127.38,127.541,1581049,0.0
2017-12-05,127.74,128.05,127.15,127.3,1177283,0.0
2017-12-06,127.08,127.98,126.9042,127.85,962416,0.0
2017-12-07,128.41,129.99,128.39,129.33,2628863,0.0
2017-12-10,128.84,129.25,128,128.55,966594,0.0
2017-12-11,128.6,129.02,127.93,128.77,1004292,0.0
2017-12-12,128.88,129.64,128.35,128.5,1315040,0.0
2017-12-13,128.58,128.785,127.69,127.75,1132935,0.0
2017-12-14,128.7,129.9,128.08,129.81,2049535,0.0
2017-12-17,130.45,134.31,130.33,133.34,2801825,0.0
2017-12-18,133.88,134.04,132.645,133.13,1227557,0.0
2017-12-19,133.68,134.26,133.265,133.84,1083266,0.0
2017-12-20,134.45,135.18,133.47,133.97,1431630,0.0
2017-12-21,133.7,134.74,133.5,133.98,1652233,0.0
2017-12-25,133.96,134.225,133.15,133.3,913865,0.0
2017-12-26,133.78,136.33,133.6,136.25,1327289,0.0
2017-12-27,136.46,136.64,135.5,136.58,1106426,0.0
2017-12-28,136.51,137.6,135.35,135.73,1096936,0.0
2018-01-01,135.89,135.98,132.2,133.72,2124882,0.0
2018-01-02,134.01,136.8,133.7,136.45,1094208,0.0
2018-01-03,136.85,137.15,134.95,135.71,1391925,0.0
2018-01-04,136.45,136.45,134.2,134.33,2212532,0.0
2018-01-07,134.11,136.58,134.11,136.32,1406607,0.0
2018-01-08,136.53,138.3,136,137.72,2185900,0.0
2018-01-09,136.91,137.79,136.51,137.68,809292,0.0
2018-01-10,136.85,139.54,136.645,139.42,944859,0.0
2018-01-11,140.11,140.255,138.53,139.76,1119349,0.0
2018-01-15,141.36,141.39,138.35,139.119,1590999,0.0
2018-01-16,140.21,142.64,139.84,142,1411201,0.0
2018-01-17,141.65,142.69,140.87,141.14,1036010,0.0
2018-01-18,141.35,144.0624,141.35,144.05,1547600,0.0
2018-01-21,144.25,144.29,142.065,143.81,741336,0.0
2018-01-22,143.54,146.43,143.04,145.8,1000904,0.0
2018-01-23,146.12,146.69,143.83,144.4,1188965,0.0
2018-01-24,144.52,146.055,143.985,145.5,811529,0.0
2018-01-25,145.71,147.15,144.92,147.11,686815,0.0
2018-01-28,146.66,148.91,145.772,147.99,1215692,0.0
2018-01-29,148.22,149.21,147.06,147.27,1175516,0.0
2018-01-30,147.42,148.66,146.929,147.34,1200314,0.0
2018-01-31,146.6,148.265,145.82,147.52,976274,0.0
2018-02-01,146.69,147.01,140.97,141.18,1874549,0.0
2018-02-04,140.82,142.6,136.28,136.34,1708296,0.0
2018-02-05,134.07,140.23,131,140.03,2031842,0.0
2018-02-06,139.31,142.77,138.6601,139.69,1245114,0.0
2018-02-07,139.61,139.94,133.81,133.87,1644359,0.0
2018-02-08,134.5,137.47,131.1,136.29,2072613,0.0
2018-02-11,137.42,139.93,137.27,139.11,1845541,0.0
2018-02-12,138.45,141.02,137.711,140.66,1282743,0.0
2018-02-13,141,145.4,140.32,145.25,2642939,0.0
2018-02-14,142.12,144.95,140.85,141.29,3383072,0.0
2018-02-15,140.76,141.44,138.48,138.51,2141479,0.0
2018-02-19,138.14,140.95,138.1313,140.45,1560850,0.0
2018-02-20,140.81,144.86,140.62,141.96,1963868,0.0
2018-02-21,142.19,142.71,139.82,140.6,1549626,0.0
2018-02-22,141.82,142.24,140.65,142.17,923144,0.0
2018-02-25,142.58,143.17,141.23,141.35,1278508,0.0
2018-02-26,141.79,142.35,138.08,138.13,1475912,0.0
2018-02-27,138.5,143.34,138.5,141.22,1491776,0.0
2018-02-28,141.21,142.07,137.17,137.54,1751215,0.0
2018-03-01,136.52,139.95,135.13,139.57,1671698,0.0
2018-03-04,138.45,138.96,134.29,135.72,2586947,0.0
2018-03-05,136.58,138.4721,136,137.6,1851157,0.0
2018-03-06,137,139.44,136.52,138.98,1128581,0.0
2018-03-07,139.19,140.21,138.85,139.36,1186030,0.0
2018-03-08,141.86,144.61,140.19,143.28,1811848,0.0
2018-03-11,143.22,143.67,141.31,141.81,1638924,0.0
2018-03-12,142.48,143.36,141.57,141.76,1433169,0.0
2018-03-13,142.42,142.99,140.67,141.43,883821,0.0
2018-03-14,141.58,143.04,140.94,141.73,916632,0.0
2018-03-15,142.01,142.45,141.05,141.05,1127881,0.0
2018-03-18,139.93,140.55,138.5,139.82,1011210,0.0
2018-03-19,140.52,141.3,140.15,140.539,702629,0.0
2018-03-20,140.27,141.32,139.54,140.41,745747,0.0
2018-03-21,139.09,140.96,137.15,137.25,1024051,0.0
2018-03-22,137.06,137.94,133.75,133.76,1340005,0.0
2018-03-25,135.49,139.12,134.99,138.92,1141315,0.0
2018-03-26,139.41,139.67,134.97,135.61,1232165,0.0
2018-03-27,135.6,136.5,132.56,133.88,1442501,0.0
2018-03-28,134.89,137.49,134.5104,135.98,1318049,0.0
2018-04-01,134.96,136.41,130.39,132.07,2047637,0.0
2018-04-02,133.19,134.17,131.37,132.49,2836762,0.0
2018-04-03,130.87,136.15,130.42,135.81,2292977,0.0
2018-04-04,136.91,138.41,133.23,134.44,2227684,0.0
2018-04-05,133.15,134.23,129.53,130.92,1277315,0.0
2018-04-08,131.9,133.27,130.57,130.71,1839153,0.0
2018-04-09,132.46,132.83,128.97,129.84,2590829,0.0
2018-04-10,130.75,133.64,130.75,132.04,3215911,0.0
2018-04-11,132.51,133.7,131.86,133,1600102,0.0
2018-04-12,133.54,133.93,130.51,131.06,923325,0.0
2018-04-15,132.05,134.28,131.92,133.45,979510,0.0
2018-04-16,134.67,137.55,134.46,136.78,1780656,0.0
2018-04-17,136.88,139.19,136.69,138.32,1104936,0.0
2018-04-18,137.93,138.65,136.99,137.63,820519,0.0
2018-04-19,137.15,138.25,136.73,137.51,909738,0.0
2018-04-22,137.9,138.81,136.82,137.63,538922,0.0
2018-04-23,138.84,139.5,135.36,136.9,1119889,0.0
2018-04-24,136.39,137.79,135.28,137.25,778074,0.0
2018-04-25,138.16,138.8,136.22,137.79,885703,0.0
2018-04-26,137.28,139,136.56,137.42,815946,0.0
2018-04-29,138.12,139.48,136.4701,136.69,657391,0.0
2018-04-30,136.19,137.76,135.49,137.6,720581,0.0
2018-05-01,137.12,137.72,134.01,134.18,1753223,0.0
2018-05-02,133.4,135.19,130.72,134.64,1735273,0.0
2018-05-03,133.92,137.06,133.18,135.85,2152643,0.0
2018-05-06,136.58,137.25,135.85,136.65,1493913,0.0
2018-05-07,136.53,139.45,136,139.33,1683108,0.0
2018-05-08,138.43,139.1655,134.245,137.885,3039097,0.0
2018-05-09,138.12,138.99,137.395,138.59,1304849,0.0
2018-05-10,138.88,140.11,138.18,139.82,946814,0.0
2018-05-13,139.91,140.2792,138.96,139.33,927675,0.0
2018-05-14,139.13,139.14,137.84,138.87,1072531,0.0
2018-05-15,139.21,141.61,138.61,140.45,1179554,0.0
2018-05-16,139.89,140.15,138.05,138.31,1232858,0.0
2018-05-17,139.47,139.47,137.72,138.52,1001875,0.0
2018-05-20,138.88,139.84,137.98,138.79,734457,0.0
2018-05-21,139.39,139.39,137.5,137.8,772013,0.0
2018-05-22,136.83,137.84,136.76,137.55,752840,0.0
2018-05-23,137.43,138.365,137.25,137.89,1113038,0.0
2018-05-24,137.86,139.18,137.27,137.98,948772,0.0
2018-05-28,136.32,136.86,134.07,134.5,1479976,0.0
2018-05-29,135.02,136.94,134.6,136.24,956720,0.0
2018-05-30,136.36,136.75,134.66,135.36,1314546,0.0
2018-05-31,136.58,138.99,135.71,138.34,1111168,0.0
2018-06-03,138.82,138.99,137.41,138.69,929264,0.0
2018-06-04,138.5,139.8399,137.84,138.22,952184,0.0
2018-06-05,137.97,141.72,137.7,141.57,1605649,0.0
2018-06-06,141.66,142.1896,139.01,139.44,1106919,0.0
2018-06-07,139.48,139.62,137.94,138.37,1087664,0.0
2018-06-10,138.04,139.84,137.745,139.12,751554,0.0
2018-06-11,139.56,140.42,139.24,139.86,899746,0.0
2018-06-12,140,140.48,137.76,138.31,1042432,0.0
2018-06-13,138.82,139.39,138.15,138.73,728176,0.0
2018-06-14,139,139.19,137.22,138.83,1227092,0.0
2018-06-17,137.94,138.86,137.501,138.66,499708,0.0
2018-06-18,137.14,137.52,135.5,136.59,806339,0.0
2018-06-19,136.88,138.22,135.83,136.05,1402387,0.0
2018-06-20,135.79,135.99,133.42,133.77,1246599,0.0
2018-06-21,133.86,134.31,132.48,132.6,996047,0.0
2018-06-24,131.4,131.99,128.66,129.1,1759699,0.0
2018-06-25,129.45,130.14,128.96,129.41,1228449,0.0
2018-06-26,129.56,130.77,126.7,126.93,1700965,0.0
2018-06-27,127.04,127.29,124.22,125.23,1425003,0.0
2018-06-28,125.38,127.55,125.25,126.61,1360501,0.0
2018-07-01,125.57,126.92,125,126.49,1168612,0.0
2018-07-02,127.06,127.54,124.34,124.52,998712,0.0
2018-07-04,125.06,126.71,125.06,126.5,1393542,0.0
2018-07-05,126.71,127.96,125.84,127.66,816266,0.0
2018-07-08,129.08,130.26,127.91,130.17,1528060,0.0
2018-07-09,130.05,131.43,130.02,130.73,1504583,0.0
2018-07-10,130.07,130.63,129.26,129.8,1090933,0.0
2018-07-11,130.68,131.09,129.37,130.78,983008,0.0
2018-07-12,130.69,131.16,130.41,131.01,456196,0.0
2018-07-15,131.24,131.44,130.26,130.79,744267,0.0
2018-07-16,130.13,130.94,129.9,130.45,859218,0.0
2018-07-17,130.36,133.68,130.16,133.14,1653523,0.0
2018-07-18,131.02,133.47,131.02,133.19,1360710,0.0
2018-07-19,132.91,134.12,132.07,133.05,1030551,0.0
2018-07-22,133.05,133.05,131.87,132.03,975122,0.0
2018-07-23,132.01,132.31,128.77,130.02,2482644,0.0
2018-07-24,129,131.73,127.21,131.49,2130089,0.0
2018-07-25,132.17,133.6608,130.7703,130.97,1428560,0.0
2018-07-26,131.13,131.87,128.34,128.57,1550020,0.0
2018-07-29,128.29,128.47,125.69,125.92,1563955,0.0
2018-07-30,126.21,128.06,125.7,127.84,1109107,0.0
2018-07-31,127.78,129.18,126.97,127.88,1710692,0.0
2018-08-01,126.83,129.32,125.92,129.13,1144785,0.0
2018-08-02,129.14,129.28,127.58,128.19,1030918,0.0
2018-08-05,128.5,129.51,127.4,129.3,1561360,0.0
2018-08-06,125.31,126.83,123.96,124.44,3181063,0.0
2018-08-07,124.61,125.67,121.5,121.62,2223497,0.0
2018-08-08,122.03,122.9,120.61,120.79,2626361,0.0
2018-08-09,120.57,121.64,119.77,120.16,1802703,0.0
2018-08-12,120.65,121.45,119.9,120.48,1258175,0.0
2018-08-13,121.47,122,120.84,121.61,1661587,0.0
2018-08-14,120.56,121.02,119.32,120.43,1659964,0.0
2018-08-15,121.11,122.83,121.11,122.14,1717263,0.0
2018-08-16,122.1,123.88,121.42,123.86,1916684,0.0
2018-08-19,123.84,124.52,123.63,124.41,1731848,0.0
2018-08-20,124.43,125.64,124.365,125.17,1911990,0.0
2018-08-21,124.34,124.71,123.55,123.71,1226201,0.0
2018-08-22,123.54,123.83,122.02,122.18,983556,0.0
2018-08-23,122.58,123.59,122.3,123.12,544350,0.0
2018-08-26,123.68,124.7,123.58,124.29,757794,0.0
2018-08-27,124.58,125.27,123.568,124.69,1214170,0.0
2018-08-28,124.31,127.76,124.16,126.96,2423589,0.0
2018-08-29,126.86,127.05,125.74,126.21,1392194,0.0
2018-08-30,126.34,127.27,126.21,126.47,1338806,0.0
2018-09-03,126.11,126.72,125.06,126.55,1373989,0.0
2018-09-04,125.7,126.19,124.86,125.01,2059459,0.0
2018-09-05,125.12,125.65,123.56,124.99,1909519,0.0
2018-09-06,125.01,126.7,124.3805,126.62,2389366,0.0
2018-09-09,127.08,128.04,126.7,127.69,3180259,0.0
2018-09-10,126.9,128.21,126.67,127.35,2146930,0.0
2018-09-11,127.19,127.71,126.5,127.58,1118374,0.0
2018-09-12,128.05,129.86,128.01,129.54,1322292,0.0
2018-09-13,129.82,130.86,129.42,130.43,1238439,0.0
2018-09-16,130.29,130.51,129.36,129.78,1290368,0.0
2018-09-17,129.93,130.27,129.25,129.8,1033177,0.0
2018-09-18,130.3,131.59,129.78,131.22,1072760,0.0
2018-09-19,131.99,132.25,130.24,132.18,1294724,0.0
2018-09-20,132.66,133.36,130.41,130.89,2906515,0.0
2018-09-23,130.38,130.76,128.39,130.24,861678,0.0
2018-09-24,130.71,130.74,129.15,129.26,924670,0.0
2018-09-25,129.52,132.04,129.3431,130.99,1688820,0.0
2018-09-26,130.48,133.5,130.34,133.43,1366976,0.0
2018-09-27,132.8,133.13,131.865,132.04,1555503,0.0
2018-09-30,132.67,132.86,128.3,128.35,1490306,0.0
2018-10-01,128.16,128.485,125.95,125.97,1590330,0.0
2018-10-02,126.35,126.89,124.34,124.63,1861717,0.0
2018-10-03,124.29,124.56,121.075,122.21,1912177,0.0
2018-10-04,122.92,123.515,120.29,121.47,1618489,0.0
2018-10-07,121.45,121.69,119.5,120.57,1139425,0.0
2018-10-08,120.48,121.26,119.68,119.78,1301205,0.0
2018-10-09,119.27,119.66,116.41,116.49,1482424,0.0
2018-10-10,116.34,117.42,114.05,114.63,1919707,0.0
2018-10-11,117.21,117.885,115.7395,117.48,1632102,0.0
2018-10-14,117.05,117.4,115.47,115.55,924796,0.0
2018-10-15,116.23,118.33,115.96,117.95,947325,0.0
2018-10-16,118.17,118.725,116.37,117.96,694012,0.0
2018-10-17,117.49,117.93,115.12,115.34,1688692,0.0
2018-10-18,114.71,115.29,112.01,112.04,1742874,0.0
2018-10-21,112.55,113.12,111.28,111.49,1166277,0.0
2018-10-22,111.08,112.4,107.9,112.35,3204113,0.0
2018-10-23,112.04,113.78,106.96,107.15,3378228,0.0
2018-10-24,108.16,112.38,108.16,111.57,2631370,0.0
2018-10-25,108.65,114.18,108.44,112.73,2200244,0.0
2018-10-28,113.92,114.53,111.2,112.82,2149964,0.0
2018-10-29,112.85,115.37,112.45,115.27,1694484,0.0
2018-10-30,116.33,118.72,116.21,116.89,1533313,0.0
2018-10-31,118.485,121.23,116.02,121.08,1723191,0.0
2018-11-01,122.16,122.97,119.94,120.9,1997184,0.0
2018-11-04,121.3,121.53,119.71,120.73,2169713,0.0
2018-11-05,115,117.395,112.11,114.55,6630545,0.0
2018-11-06,114.82,117.15,114.635,116.13,2266019,0.0
2018-11-07,115.61,117.21,115.26,116.92,1285455,0.0
2018-11-08,116.65,117.62,116.18,117.05,1108787,0.0
2018-11-11,116.56,117.31,114.73,115.09,1442894,0.0
2018-11-12,115.72,117.92,115.7,116.57,1853590,0.0
2018-11-13,117.35,118,115.6,116.31,1238814,0.0
2018-11-14,115.24,118.62,115.0308,118.36,1383340,0.0
2018-11-15,117.22,119.32,117.04,118.65,1255996,0.0
2018-11-18,118.45,118.86,115.39,116.51,1510154,0.0
2018-11-19,114.26,116.29,113.14,115.57,1903037,0.0
2018-11-20,116.1,118.74,116.09,117.17,1169877,0.0
2018-11-22,116.51,118,115.8,117.26,378075,0.0
2018-11-25,118.99,120.51,118.28,119.85,982306,0.0
2018-11-26,120,120.4,119.07,119.97,1240283,0.0
2018-11-27,119.99,122.27,118.52,122.2,1276070,0.0
2018-11-28,121.37,122.83,120.55,121.84,1097332,0.0
2018-11-29,113.6,116.72,113.38,115.01,7938414,0.0
2018-12-02,116,120.09,115.69,119.51,3217614,0.0
2018-12-03,119,119.23,112.92,113.51,2665795,0.0
2018-12-05,111.68,115.5,111.1,115.33,2652367,0.0
2018-12-06,114.85,116.25,110.69,111.26,2335518,0.0
2018-12-09,111.44,112.35,109.2,110.79,1623195,0.0
2018-12-10,112.33,112.94,109.79,110.03,2384138,0.0
2018-12-11,110.19,111.895,109.9701,110.08,2309211,0.0
2018-12-12,110.57,110.975,108.24,108.82,1927648,0.0
2018-12-13,108,109.98,107.37,107.66,2069716,0.0
2018-12-16,107.92,109.34,106.58,107.64,1896980,0.0
2018-12-17,108.71,109.39,107.52,108.15,1598423,0.0
2018-12-18,108.76,109.75,105.76,106.38,1762697,0.0
2018-12-19,106.24,106.24,102.96,104.19,3861990,0.0
2018-12-20,104.39,106.53,102.3,102.91,2980215,0.0
2018-12-23,102.52,102.99,100.62,101.03,1313469,0.0
2018-12-25,101.7,105.68,101.42,105.56,2225196,0.0
2018-12-26,104.27,106.66,102.8,106.61,1344665,0.0
2018-12-27,107.19,108.52,106.4,107.16,1081522,0.0
2018-12-30,107.61,108.54,107.43,107.97,1389231,0.0
2019-01-01,106.72,108.585,105.285,107.33,1517164,0.0
2019-01-02,106.35,107,101.75,101.8,2858740,0.0
2019-01-03,103.14,107.89,103.14,107.85,2653687,0.0
2019-01-06,107.41,108.88,105.95,108,1289044,0.0
2019-01-07,108.86,110.07,107.82,109.75,1223355,0.0
2019-01-08,109.93,110.53,108.61,109.235,2288268,0.0
2019-01-09,108.32,111.17,108.0001,109.99,1446883,0.0
2019-01-10,109.27,109.45,107.33,109.37,1618154,0.0
2019-01-13,108.63,109.1,107.83,108.22,1091226,0.0
2019-01-14,108.28,110.21,107.54,110.1,1526661,0.0
2019-01-15,109.87,111.37,109.09,109.26,2448434,0.0
2019-01-16,108.8,109.89,108.1811,108.46,1822132,0.0
2019-01-17,109.8,109.8,108.26,108.91,2169145,0.0
2019-01-21,108.71,108.85,106.02,106.97,2322896,0.0
2019-01-22,107.45,108.37,106.58,107.97,1092841,0.0
2019-01-23,108.06,108.95,107.4,108.27,657800,0.0
2019-01-24,109.18,109.93,107.81,109.83,1259673,0.0
2019-01-27,109.11,110.84,108.78,110.51,1135537,0.0
2019-01-28,110.47,111.34,109.98,111.07,1050940,0.0
2019-01-29,111.75,113.775,111.02,113.7299,2246489,0.0
2019-01-30,113.6,115.03,112.6794,114.57,1610104,0.0
2019-01-31,114.79,115.2,114.01,114.58,1179738,0.0
2019-02-03,114.68,115.65,114.43,115.62,743215,0.0
2019-02-04,115.97,117,115.7679,116.92,1190032,0.0
2019-02-05,116.77,117.75,116.665,117.22,1251160,0.0
2019-02-06,116.42,116.83,114.76,115.43,1152894,0.0
2019-02-07,114.58,115.5,114.58,115.32,1162079,0.0
2019-02-10,115.86,116.69,115.46,115.7,795670,0.0
2019-02-11,116.41,116.77,114.59,114.6,1971147,0.0
2019-02-12,116,119.61,115.93,118.9299,2055666,0.0
2019-02-13,118.14,118.81,116.64,118.725,1619821,0.0
2019-02-14,119.8,121.5999,118.81,121.08,1909871,0.0
2019-02-18,120.29,122.4,120.15,122.01,2075116,0.0
2019-02-19,122.54,127.27,121.95,126.98,2894539,0.0
2019-02-20,127.04,128.25,125.45,127.37,2662670,0.0
2019-02-21,127.93,129.72,127.57,128.84,1872048,0.0
2019-02-24,129.69,130.16,128.42,128.43,1725797,0.0
2019-02-25,128.19,129.9,128.17,128.54,1701629,0.0
2019-02-26,127.65,128.635,126.64,126.91,2020146,0.0
2019-02-27,126.76,127,125.01,125.33,2402566,0.0
2019-02-28,125.49,126.55,122.23,124.45,4029926,0.0
2019-03-03,126.49,126.49,122.34,123.955,1891834,0.0
2019-03-04,124,125.57,124,125.21,1614046,0.0
2019-03-05,125.18,125.84,124.82,125.13,1504923,0.0
2019-03-06,125.13,125.16,122.07,122.21,1799544,0.0
2019-03-07,121.19,121.54,119.99,120.69,2065781,0.0
2019-03-10,120.86,121.17,120.11,120.24,1951777,0.0
2019-03-11,120.5,121.59,119.1,120.67,2016577,0.0
2019-03-12,121.14,122.66,120.01,120.19,2440287,0.0
2019-03-13,120,120.53,118.99,119.63,1983962,0.0
2019-03-14,122.715,122.88,121.52,122.32,1696251,0.0
2019-03-17,124.99,125.97,123.83,124.97,2148917,0.0
2019-03-18,124.97,126.72,124.66,125.76,1988106,0.0
2019-03-19,125.39,125.73,123.54,123.67,1662736,0.0
2019-03-20,123.37,125.18,122.98,125.06,1463734,0.0
2019-03-21,124.37,124.91,123.42,124.5,1819185,0.0
2019-03-24,124.01,124.45,123.13,123.69,1343349,0.0
2019-03-25,122.89,124.6,122.725,123.58,1530445,0.0
2019-03-26,123.72,123.72,121.33,122.14,1770506,0.0
2019-03-27,122.28,124.36,122.28,124.09,1380407,0.0
2019-03-28,124.01,125.455,123.87,125.09,1853101,0.0
2019-03-31,126.24,127.59,125.85,127.46,444868,0.0
2019-04-01,127.23,128.6,126.51,128.53,1409759,0.0
2019-04-02,129.45,131.845,128.72,131.6,1980878,0.0
2019-04-03,131.95,132.5,131.13,132.2,1611857,0.0
2019-04-04,132.57,134.81,132.32,134.06,1813482,0.0
2019-04-07,133.88,134.96,133.47,134.92,1215643,0.0
2019-04-08,134.13,134.95,132.27,132.7,1529868,0.0
2019-04-09,132.99,133.175,132.3025,132.75,1319321,0.0
2019-04-10,132,133.82,132,133.21,1137621,0.0
2019-04-11,133.49,134.74,133.26,134.61,1022383,0.0
2019-04-14,134.5,134.97,133.1,134.38,529785,0.0
2019-04-15,134.4,135.91,134.37,135.81,723388,0.0
2019-04-16,136.27,136.94,135.65,135.95,1000214,0.0
2019-04-17,136.74,136.74,133.49,134.39,1260113,0.0
2019-04-21,133.65,136.16,133.33,135.85,1041911,0.0
2019-04-22,136.28,136.79,135.44,136.29,907197,0.0
2019-04-23,134.66,136.04,134.66,135.49,915142,0.0
2019-04-24,134.92,136.2,134.11,135.65,787973,0.0
2019-04-25,136.25,137.03,135.57,136.45,703744,0.0
2019-04-28,136.45,137.1,135.82,135.96,994119,0.0
2019-04-29,136.35,136.83,135.28,136.42,912285,0.0
2019-04-30,137.8,140.3715,137.56,138.87,1488898,0.0
2019-05-01,138.55,139.055,135.72,136.89,884359,0.0
2019-05-02,137.79,140.28,137.25,140.14,970468,0.0
2019-05-05,137.46,138.17,136.58,137.75,1199964,0.0
2019-05-06,136.16,137.1,134.0707,135.14,1160805,0.0
2019-05-07,134.42,135.38,133.6,134.77,1044988,0.0
2019-05-08,133.93,136.17,132.79,135.51,1605436,0.0
2019-05-09,130.88,132.11,127.7,131.71,4301609,0.0
2019-05-12,129.04,129.78,125.72,126.01,2159012,0.0
2019-05-13,126.68,130.97,126.31,129.86,2031500,0.0
2019-05-14,128.79,132.33,127.27,131.83,1544268,0.0
2019-05-15,132.07,133.29,130.96,132.49,1640338,0.0
2019-05-16,132.15,133.17,130.87,130.91,1563402,0.0
2019-05-19,128.75,129.585,127.49,127.86,1355678,0.0
2019-05-20,128.71,129.65,128.065,129.42,1562763,0.0
2019-05-21,128.83,129.1995,127.63,127.77,1403633,0.0
2019-05-22,125.98,126.1,123.53,123.92,1998404,0.0
2019-05-23,124.63,125.74,124.38,125,1203610,0.0
2019-05-27,125.15,125.5,123.63,123.75,1256068,0.0
2019-05-28,123.29,124.63,122.52,124.44,1147028,0.0
2019-05-29,124.71,125.6,123.82,124.62,1012971,0.0
2019-05-30,123.45,125.57,122.46,124.855,1752235,0.0
2019-06-02,124.76,125.27,123.46,124.37,1961741,0.0
2019-06-03,126.3,128.24,125.51,128.19,1518860,0.0
2019-06-04,128.55,128.6283,126.44,127.55,1122052,0.0
2019-06-05,127.62,129.01,126.96,128.62,1166866,0.0
2019-06-06,129.5,133.03,129,132.51,1225718,0.0
2019-06-09,133.13,134.76,132.49,132.74,1186916,0.0
2019-06-10,134.14,135.47,133.21,134.52,1217595,0.0
2019-06-11,134.87,135.42,132.68,132.7,1075382,0.0
2019-06-12,133.26,134.33,132.03,133.62,1761497,0.0
2019-06-13,133.63,134.03,132.17,133.69,1462546,0.0
2019-06-16,134.04,134.11,132.58,132.85,991644,0.0
2019-06-17,135,136.3,133.85,134.96,1240580,0.0
2019-06-18,135,135.84,134.09,135.69,886867,0.0
2019-06-19,136.9,138.42,136.46,137.17,1193524,0.0
2019-06-20,136.54,138.05,136.04,137.07,1616396,0.0
2019-06-23,137.4,137.98,136.39,136.75,790377,0.0
2019-06-24,136.71,136.73,132.74,133.3,1371048,0.0
2019-06-25,134.15,136.26,133.7,135.65,1104971,0.0
2019-06-26,135.92,138.83,135.91,138.28,1702390,0.0
2019-06-27,138.95,140.46,138.48,140.28,2122766,0.0
2019-06-30,142.41,142.9,140.78,141.23,1703554,0.0
2019-07-01,140.81,141.27,139.25,141.26,867845,0.0
2019-07-02,141.79,142.09,141.09,141.66,541316,0.0
2019-07-04,140.89,142.18,139.634,142.08,1143873,0.0
2019-07-07,141.74,141.74,140.02,141.3,876367,0.0
2019-07-08,138.63,139.6099,137.85,139.54,1548418,0.0
2019-07-09,139.43,141.62,139,141.59,1515336,0.0
2019-07-10,142.25,142.25,140.7,141.93,1021892,0.0
2019-07-11,142.23,142.75,141.64,142.54,786605,0.0
2019-07-14,142.08,142.88,140.88,142.75,905939,0.0
2019-07-15,142.99,144.24,142.6,143.96,774813,0.0
2019-07-16,143.94,143.94,141.15,141.24,1024235,0.0
2019-07-17,140.68,140.85,138.68,139.8,1295065,0.0
2019-07-18,140.23,140.23,137.63,137.7,1325636,0.0
2019-07-21,137.5,137.79,135.39,136.07,1631122,0.0
2019-07-22,137.32,140.88,136.11,140.69,1987975,0.0
2019-07-23,140.08,140.53,137.75,139.8,1391762,0.0
2019-07-24,139.66,141.74,139.31,140.76,1156375,0.0
2019-07-25,141.29,141.34,139.92,140.27,1003154,0.0
2019-07-28,139.94,141.5946,139.46,141.25,893268,0.0
2019-07-29,140.33,141.46,139.88,140.82,849757,0.0
2019-07-30,140.98,141.23,137.8,139.08,1325592,0.0
2019-07-31,138.99,140.485,136.5,136.9,1140806,0.0
2019-08-01,136.76,136.99,135.45,136,865351,0.0
2019-08-04,134.09,134.53,129.86,130.34,2591897,0.0
2019-08-05,126.58,132.445,126.3,128.5,3637437,0.0
2019-08-06,126.27,128.91,124.77,127.79,1948311,0.0
2019-08-07,129.11,131.06,128.2201,130.35,1361204,0.0
2019-08-08,131.34,132.98,129.73,132.46,1976147,0.0
2019-08-11,131.2,131.75,129.84,130.02,2002207,0.0
2019-08-12,130.19,133.23,130.01,132.41,1424463,0.0
2019-08-13,130.36,131.93,126.23,126.86,1652355,0.0
2019-08-14,128.89,129.28,126.02,126.74,1603195,0.0
2019-08-15,127.94,129.26,127.33,128.82,1001614,0.0
2019-08-18,130.91,131.24,129.96,130.55,641175,0.0
2019-08-19,130.03,131.6,129.73,130.66,833578,0.0
2019-08-20,131.58,131.65,128,128.35,1358387,0.0
2019-08-21,128.83,129.4251,126.97,128.19,805491,0.0
2019-08-22,127.26,127.922,124.67,125.13,1340391,0.0
2019-08-25,126.43,126.86,125.37,126.22,1066641,0.0
2019-08-26,127.02,127.2,125.26,125.26,815800,0.0
2019-08-27,125.17,125.935,124.66,125.295,1742973,0.0
2019-08-28,127.2,127.46,125.38,125.67,1528118,0.0
2019-08-29,126.3,127.605,125.79,126,1582874,0.0
2019-09-02,124.94,124.94,123.63,124.25,1612276,0.0
2019-09-03,125.61,126.03,124.92,125.7,2090286,0.0
2019-09-04,126.89,128.87,125.92,128.47,2737052,0.0
2019-09-05,128.5,129.78,128.05,129.48,898524,0.0
2019-09-08,129.79,129.95,128.36,129.95,991739,0.0
2019-09-09,130,131.71,128.6749,131.69,1047415,0.0
2019-09-10,131.39,133.59,130.83,133.09,1432381,0.0
2019-09-11,133.5,134.37,132.39,132.525,912130,0.0
2019-09-12,132.98,135.46,132.56,133.94,961386,0.0
2019-09-15,132.8,132.8,130.18,130.51,962428,0.0
2019-09-16,130.68,131.43,129.78,130.55,693672,0.0
2019-09-17,130.13,130.48,128.71,130.16,766382,0.0
2019-09-18,130.49,131.35,129.41,129.5,716852,0.0
2019-09-19,129.07,129.46,126.86,126.86,2555235,0.0
2019-09-22,126.3,126.635,125.4,125.85,2493846,0.0
2019-09-23,126.11,126.11,122.19,122.19,2265735,0.0
2019-09-24,122.5,123.37,121.28,123.07,2697438,0.0
2019-09-25,122.36,122.89,121.35,121.7,2531357,0.0
2019-09-26,122.48,123,120.022,120.78,2832879,0.0
2019-09-29,121.88,124.61,120.66,124.4,2460006,0.0
2019-09-30,125.05,126.41,123.31,123.4,1602459,0.0
2019-10-01,122.3,122.3,119.6,120.35,1499651,0.0
2019-10-02,120.29,120.68,118.53,119.02,2042364,0.0
2019-10-03,119.96,121.02,119.6,120.84,3448575,0.0
2019-10-06,120.08,120.7099,118.88,119.21,2822592,0.0
2019-10-07,118.2,118.925,116.85,117.67,3082181,0.0
2019-10-08,118.59,119.06,117.245,118.47,2584180,0.0
2019-10-09,118.57,119.84,117.67,118.19,2815834,0.0
2019-10-10,119.73,122.31,119.03,121.12,3191257,0.0
2019-10-13,120.79,120.97,119.37,120.11,1917999,0.0
2019-10-14,120.33,121.71,120.29,121.07,1564942,0.0
2019-10-15,121.18,121.7,120.34,121.12,1796900,0.0
2019-10-16,120.81,121.73,120.35,120.58,1800475,0.0
2019-10-17,120.4,121.4,118.96,121.02,2578210,0.0
2019-10-20,122.4,123.4,122.095,122.98,1115525,0.0
2019-10-21,122.62,123.01,121.85,122.03,1510219,0.0
2019-10-22,121.46,123.67,121.02,123.49,1141367,0.0
2019-10-23,123.93,124.6497,122.86,124.3,1149486,0.0
2019-10-24,123.77,126.72,123.77,126.2,1187294,0.0
2019-10-27,126.03,126.755,125.14,126.6,924752,0.0
2019-10-28,126.77,127.17,125.54,126.53,1095840,0.0
2019-10-29,126.37,126.96,124.71,126.44,806036,0.0
2019-10-30,125.96,126.84,124.725,126.61,1139848,0.0
2019-10-31,128.24,129.12,126.94,128.06,1399353,0.0
2019-11-03,128.86,130.56,127.47,130.24,1912342,0.0
2019-11-04,128.01,134.32,127.75,133.67,3454019,0.0
2019-11-05,133.42,133.77,131.74,132.59,1510319,0.0
2019-11-06,132.55,134.14,132.045,133.05,1400448,0.0
2019-11-07,132.84,133.4,131.98,133.19,768002,0.0
2019-11-10,132.25,132.43,130.83,131.75,995402,0.0
2019-11-11,132.16,134.24,132.005,132.54,1239691,0.0
2019-11-12,132.23,133.855,131.52,133.68,1125096,0.0
2019-11-13,133.42,134.77,132.94,134.56,1102691,0.0
2019-11-14,134.91,135.955,134.17,135.56,1246927,0.0
2019-11-17,135.17,136.31,135.03,135.69,987512,0.0
2019-11-18,136.12,136.33,135.23,135.46,758431,0.0
2019-11-19,133.86,134.5756,131.26,132.71,1116729,0.0
2019-11-20,133.16,133.5222,131.35,132.99,842243,0.0
2019-11-21,133.61,136.52,132.84,136.28,1135074,0.0
2019-11-24,137,138.51,136.6001,138,1029845,0.0
2019-11-25,138.15,140.3,137.34,140.09,1317450,0.0
2019-11-26,140.18,141.75,140.1,141.37,1193036,0.0
2019-11-28,140.77,141.75,140.06,140.41,601151,0.0
2019-12-01,140.68,140.81,139.88,140.44,1140823,0.0
2019-12-02,138.9,139.14,137.76,138.61,980611,0.0
2019-12-03,138.46,139.83,138.375,139.25,933687,0.0
2019-12-04,139.97,140.5,139.507,140.34,717073,0.0
2019-12-05,141.31,142.72,141,142.34,1132719,0.0
2019-12-08,142.22,142.555,141.32,141.34,603667,0.0
2019-12-09,141.09,141.9,140.2,140.57,942055,0.0
2019-12-10,141.28,143.25,140.8,142.75,1217253,0.0
2019-12-11,142.64,145.59,142.33,145.09,1193773,0.0
2019-12-12,145.05,146.45,144.31,146.16,1372993,0.0
2019-12-15,147.6,148.95,147.06,147.9,1123081,0.0
2019-12-16,147.86,149.31,147.69,148.91,1048295,0.0
2019-12-17,148.92,149.72,148.38,149.56,844236,0.0
2019-12-18,149.16,150.43,149.16,150.03,1037555,0.0
2019-12-19,151.28,151.55,148.5153,150.74,1879467,0.0
2019-12-22,151,151.89,150.62,151.23,610297,0.0
2019-12-23,151.17,152.36,150.66,151.51,637190,0.0
2019-12-25,151.76,153.16,151.5464,153.13,563215,0.0
2019-12-26,153.38,153.39,152.53,152.73,493673,0.0
2019-12-29,153,153.24,151.24,151.89,625000,0.0
2019-12-30,151.69,152.45,150.81,151.41,949138,0.0
2020-01-01,151.5,152.6,151.03,151.49,1528990,0.0
2020-01-02,149.19,150.02,148.74,149.255,1657283,0.0
2020-01-05,147.9,147.99,146.21,147.35,1697860,0.0
2020-01-06,146.74,147.22,144.68,144.93,1726534,0.0
2020-01-07,145.13,147.62,144.72,146.77,1127437,0.0
2020-01-08,147.46,147.6,146.2,146.44,850528,0.0
2020-01-09,146.2,146.57,145.05,145.37,727979,0.0
2020-01-12,145.76,146.98,145.54,146.72,695190,0.0
2020-01-13,146.41,147.63,146.11,147.17,737691,0.0
2020-01-14,146.77,148.15,146.58,147.3,632532,0.0
2020-01-15,147.98,149.04,147.5,149.02,643775,0.0
2020-01-16,148.18,150.63,148.07,150.31,805961,0.0
2020-01-20,148.08,148.44,143.42,144.38,4595644,0.0
2020-01-21,145,147.1916,143.75,144.14,1980297,0.0
2020-01-22,142.43,145.06,141.25,144.97,3101773,0.0
2020-01-23,144.97,145.02,139.84,141.02,3601513,0.0
2020-01-26,137.73,139.63,133.36,138,2378957,0.0
2020-01-27,138.71,141.79,138.325,141.25,1567412,0.0
2020-01-28,141.5,143.235,140.38,142.61,1136349,0.0
2020-01-29,140.535,143.54,138.83,143.33,1515860,0.0
2020-01-30,142.15,142.25,138.95,140,1596059,0.0
2020-02-02,141.7,143.895,140.87,141.47,1158195,0.0
2020-02-03,144.47,148.24,143.6775,147.4,1545776,0.0
2020-02-04,149.72,150.03,147.31,147.71,1548407,0.0
2020-02-05,148.29,148.87,145.78,146.28,816269,0.0
2020-02-06,144.91,145.4,142.78,144.09,1416363,0.0
2020-02-09,143.01,145.845,142.45,145.73,1000904,0.0
2020-02-10,145.87,148.95,145.22,147.17,1287899,0.0
2020-02-11,148.04,150.97,148.04,150.8,1160642,0.0
2020-02-12,149.45,149.53,146.66,146.72,1616644,0.0
2020-02-13,146.98,147.36,143.9,144.85,2228383,0.0
2020-02-17,144.23,145.86,144.23,144.89,1856201,0.0
2020-02-18,144.56,147.91,144.56,147.64,1662544,0.0
2020-02-19,147.53,148.9097,146.27,146.84,1120501,0.0
2020-02-20,145.38,145.52,142.54,143.24,1579695,0.0
2020-02-23,136.82,137.38,134.22,134.83,2762882,0.0
2020-02-24,135.99,136.05,123.48,124.1,4465303,0.0
2020-02-25,126.29,127.67,119.87,120.22,4445089,0.0
2020-02-26,117,127.28,114.46,119.64,6578819,0.0
2020-02-27,116.41,124.33,116,124,5931122,0.0
2020-03-01,123.07,123.68,116.6422,122.96,5009622,0.0
2020-03-02,122.76,123.74,113.88,114.28,6256252,0.0
2020-03-03,115.49,118.54,111.28,118.41,6970278,0.0
2020-03-04,113.79,115,108.8,110.22,9143846,0.0
2020-03-05,104.64,113.62,103.89,110.68,6293653,0.0
2020-03-08,102.8958,108.92,102,104.19,6173492,0.0
2020-03-09,108.83,110.03,102.8,109.99,4819518,0.0
2020-03-10,106.2,106.5,99.56,100.11,17161506,0.0
2020-03-11,90,97.81,88.76,93.709,8604003,0.0
2020-03-12,98.23,100.78,91.6,95.61,7995214,0.0
2020-03-15,84.68,91.0734,78.12,86.42,17874978,0.0
2020-03-16,87.52,89.61,67.74,75.24,11314887,0.0
2020-03-17,67.15,67.16,46.5622,63.81,22191827,0.0
2020-03-18,61.18,72.7,52.65,66.8,33759096,0.0
2020-03-19,73.71,84,69.52,74.58,18002723,0.0
2020-03-22,75.02,80.7,67.28,70.15,12528134,0.0
2020-03-23,76.05,81.3606,75,79.14,8755631,0.0
2020-03-24,83.505,92.68,79.23,85.25,8345889,0.0
2020-03-25,87.6,96.003,80.59,82.81,9747368,0.0
2020-03-26,78.7,82.79,76.25,78.85,5319300,0.0
2020-03-29,76.71,78.43,72.84,76.2,11065404,0.0
2020-03-30,74.98,79.24,74.52,74.81,4609708,0.0
2020-03-31,70,71.41,67.65,69.15,7340773,0.0
2020-04-01,69.29,70.59,61.55,63,7687547,0.0
2020-04-02,64.36,64.71,57,59.08,10415363,0.0
2020-04-05,64.55,70.9,63.78,70.6,22431382,0.0
2020-04-06,78.305,81.98,72.68,73.82,23152604,0.0
2020-04-07,75.24,83.94,74.96,82.53,8752622,0.0
2020-04-08,86.036,89.03,79.67,81.33,9723796,0.0
2020-04-12,81.56,81.57,75.71,78.03,7992180,0.0
2020-04-13,81,83.3,78.86,82.76,11555503,0.0
2020-04-14,78.02,81.99,77.53,80.78,13618858,0.0
2020-04-15,80.09,80.99,76.25,80.39,19512719,0.0
2020-04-16,85.2952,85.63,82.29,84.24,14530956,0.0
2020-04-19,81.61,83.25,79.29,79.78,11861404,0.0
2020-04-20,77.63,80.05,77.11,79.9,17845119,0.0
2020-04-21,81.43,82.4747,78.75,80.12,9573365,0.0
2020-04-22,80.45,83.5,79.96,81.09,16722485,0.0
2020-04-23,81.25,82.18,78.4,80.71,9636983,0.0
2020-04-26,82.38,86.26,81.53,85.27,10250550,0.0
2020-04-27,87.4105,88.74,84.52,87.45,3933497,0.0
2020-04-28,90.97,97.45,90.37,96,6951683,0.0
2020-04-29,93.6,93.9,89.27,90.94,9698906,0.0
2020-04-30,87.09,88.48,84.23,84.78,3929907,0.0
2020-05-03,81.79,85.6,80.41,82.56,7537668,0.0
2020-05-04,85.12,87.07,83.07,83.66,3153194,0.0
2020-05-05,84.32,84.93,80.87,81.12,5645012,0.0
2020-05-06,83.35,86.95,83.05,85.98,7374340,0.0
2020-05-07,88.08,88.5,85.65,87.16,4028742,0.0
2020-05-10,84.3,84.75,81.51,82.31,13082924,0.0
2020-05-11,82.96,83.88,79.27,79.27,3332921,0.0
2020-05-12,79.0648,79.3168,74.57,75.26,9311588,0.0
2020-05-13,73,79.28,71.52,79.25,9887194,0.0
2020-05-14,78.47,79.908,77.36,79.75,10495270,0.0
2020-05-17,85.06,93.9,84.865,93.63,10468928,0.0
2020-05-18,92.27,94.84,89.16,90.7,6562589,0.0
2020-05-19,92.36,92.98,90.27,92.68,7774100,0.0
2020-05-20,91.97,93.11,90.27,91.44,2779209,0.0
2020-05-21,92.18,92.25,89.52,91.05,2045349,0.0
2020-05-25,97.885,97.93,94.55,94.89,5886966,0.0
2020-05-26,98.64,98.977,94.77,97.95,4994883,0.0
2020-05-27,97.61,97.92,91.53,91.68,9685824,0.0
2020-05-28,91.21,91.75,88.1,88.52,4721336,0.0
2020-05-31,89.73,95.64,89.3,95.01,4814525,0.0
2020-06-01,97.23,97.35,94.01,95.55,10155767,0.0
2020-06-02,97.3,100.555,96.21,99.9,5789482,0.0
2020-06-03,100.14,105.05,98.0806,104.83,12949280,0.0
2020-06-04,114.38,118.41,106.77,107.92,18874882,0.0
2020-06-07,113.46,114.46,110.51,113.12,11118716,0.0
2020-06-08,109.7992,110.5,106.31,107.37,7391136,0.0
2020-06-09,106.03,106.65,100.05,102.65,5400006,0.0
2020-06-10,95.05,96.5,90.61,91.43,14461266,0.0
2020-06-11,97.61,97.76,92.76,92.76,1682866,0.0
2020-06-14,88,92.33,86.79,90.79,8739310,0.0
2020-06-15,96.34,96.4,90.7,93.98,5775034,0.0
2020-06-16,93.52,94,90.8023,91.15,3653866,0.0
2020-06-17,90.5,94.18,90.17,92.75,6782424,0.0
2020-06-18,93.905,94.13,88.66,89.68,7972043,0.0
2020-06-21,89.5,91,88.28,90.16,4037344,0.0
2020-06-22,91,91.49,88.83,90.61,5231862,0.0
2020-06-23,89.33,89.52,83.88,85,6127374,0.0
2020-06-24,83.59,84.56,82.12,83.98,5013837,0.0
2020-06-25,83.55,83.95,80.3994,80.88,5734171,0.0
2020-06-28,81.53,86.61,80.26,86.6,4853392,0.0
2020-06-29,85.41,86.9199,84,85.73,3750109,0.0
2020-06-30,86.67,90.5,86.33,86.64,5357443,0.0
2020-07-01,89.7,90.23,86.26,87.82,3565900,0.0
2020-07-05,89.6574,90.34,87.12,89.8,2855296,0.0
2020-07-06,88.63,88.9795,87.08,87.48,2488668,0.0
2020-07-07,87.29,90.03,86.49,90.01,3141365,0.0
2020-07-08,90.22,90.28,86,86.21,4947844,0.0
2020-07-09,85.86,88.61,85.5,88.52,2963932,0.0
2020-07-12,89.07,90.54,87.31,87.53,3694024,0.0
2020-07-13,87,87.73,86,87.09,2733124,0.0
2020-07-14,90.23,94.75,90.16,94.01,6425130,0.0
2020-07-15,92.13,93.43,90.7627,93.235,2193256,0.0
2020-07-16,93.03,93.1,90.1,91.47,2106829,0.0
2020-07-19,90.64,91.63,87.57,88.47,2848431,0.0
2020-07-20,89.67,91.5,88.5,89.96,2246059,0.0
2020-07-21,89.07,90.96,88.81,90.78,1556808,0.0
2020-07-22,89.91,90.2,87.98,88.97,1359168,0.0
2020-07-23,88.89,88.89,86.57,87.52,1940921,0.0
2020-07-26,86.11,87.135,85.2,86.23,2462933,0.0
2020-07-27,86.31,87.88,85.96,86.59,2020575,0.0
2020-07-28,87.08,88.1779,86,87.15,1522356,0.0
2020-07-29,85.46,86.1074,84.54,85.51,2275226,0.0
2020-07-30,84.53,84.61,82.06,83.83,3538472,0.0
2020-08-02,83.26,83.965,81.3,83.48,2178917,0.0
2020-08-03,83.42,86.27,82.62,86.1,2787640,0.0
2020-08-04,87.72,87.9307,85.88,87.27,1981006,0.0
2020-08-05,86.46,91.2165,85.951,90.39,3624337,0.0
2020-08-06,90.23,94.05,88.62,93.74,4578187,0.0
2020-08-09,94.08,98.125,93.42,97.13,4762508,0.0
2020-08-10,101.18,101.62,96.8701,97,5161842,0.0
2020-08-11,99.21,99.65,95.39,95.98,3612743,0.0
2020-08-12,95.93,98.5,95.54,96.5,1994635,0.0
2020-08-13,97.25,97.67,95.96,96,3111494,0.0
2020-08-16,97.22,97.5,95.1601,95.74,1875126,0.0
2020-08-17,95.52,95.84,93.43,94.46,1543152,0.0
2020-08-18,94.91,95.8436,93.67,94.03,1377309,0.0
2020-08-19,92.46,95.63,92.07,94.06,2056025,0.0
2020-08-20,93.81,97.03,93.5,95.27,1926777,0.0
2020-08-23,96.01,98.57,95,97.87,2606993,0.0
2020-08-24,98.825,100.38,97.52,98.77,2117635,0.0
2020-08-25,98.34,98.57,96.33,97.36,1968314,0.0
2020-08-26,99.2503,103.3242,99,101.8,3669216,0.0
2020-08-27,102.96,106.61,101.95,106.26,3430187,0.0
2020-08-30,105.25,105.96,102.84,102.84,2424667,0.0
2020-08-31,101.48,104.58,100.76,103.12,1773649,0.0
2020-09-01,103.28,104.84,102.4039,104.35,1674143,0.0
2020-09-02,104.99,107.9,102.21,103.09,2581550,0.0
2020-09-03,104.89,107.04,103.21,104.82,2560703,0.0
2020-09-07,103,107.15,102.37,104.01,2472838,0.0
2020-09-08,103.81,103.94,100.83,101.99,2267073,0.0
2020-09-09,103.69,104.195,100.11,100.39,1777775,0.0
2020-09-10,100.94,101.11,97.39,99.25,2411702,0.0
2020-09-13,100.88,104.9,100.55,104.67,2272022,0.0
2020-09-14,104.98,106.36,103.22,105.39,1725323,0.0
2020-09-15,106.11,108.8899,104.44,107.78,2714445,0.0
2020-09-16,105.77,107.13,103.7,104.44,2435445,0.0
2020-09-17,103.37,103.94,99.58,99.76,3982270,0.0
2020-09-20,95.96,96.4,91.4,93.01,4542511,0.0
2020-09-21,93.51,95.53,93,95.5,2706745,0.0
2020-09-22,96.35,97.86,92.615,92.93,2510036,0.0
2020-09-23,92.265,93.58,90.48,91.27,2821282,0.0
2020-09-24,90.33,93.43,90.27,92.95,2016714,0.0
2020-09-27,95.05,97.39,93.94,96.04,1973286,0.0
2020-09-28,96.19,96.19,92.81,93.21,1751270,0.0
2020-09-29,94.41,96.02,92.15,92.58,2276712,0.0
2020-09-30,93.22,94.95,92.51,94.46,1764007,0.0
2020-10-01,91.7,95.62,91.44,95.24,1714370,0.0
2020-10-04,95.78,97.24,95.13,96.78,1696707,0.0
2020-10-05,98.15,100.33,96.52,96.99,2505313,0.0
2020-10-06,98.24,99.93,98.01,99,1568054,0.0
2020-10-07,99.81,100.44,98.205,100.31,1509922,0.0
2020-10-08,101.29,102.09,99.26,99.35,1394965,0.0
2020-10-11,99.46,101.11,98.84,100.68,1978270,0.0
2020-10-12,99.23,99.53,96.91,98.28,2250557,0.0
2020-10-13,98.76,99.2,96.56,97.01,1908435,0.0
2020-10-14,96.29,97.29,94.77,97.09,1579742,0.0
2020-10-15,97.33,98.99,96.81,97.79,1479886,0.0
2020-10-18,98.515,98.515,93.64,93.88,1426269,0.0
2020-10-19,95.3,97.09,94.2,96.06,1294355,0.0
2020-10-20,95.53,96.02,94.31,95.14,1155378,0.0
2020-10-21,96.1,101.21,95.64,100.8,2356572,0.0
2020-10-22,101.71,102.27,100.18,101.8,1705120,0.0
2020-10-25,99.5,99.51,94.42,96.07,2055723,0.0
2020-10-26,96.47,96.87,93.35,93.44,1936406,0.0
2020-10-27,91.57,92.52,88.92,89.97,2401709,0.0
2020-10-28,89.99,93.77,89.01,93.35,2018806,0.0
2020-10-29,92.05,94.03,90.55,92.88,2218367,0.0
2020-11-01,93.0669,93.39,91.6,92.87,1877327,0.0
2020-11-02,94.26,97.16,93.89,96.08,2337283,0.0
2020-11-03,97.42,100.56,95.13,98.04,2655544,0.0
2020-11-04,98.73,102.89,98.13,100.9,3033813,0.0
2020-11-05,102,104.65,101.5,103.9,3700462,0.0
2020-11-08,123.05,131.9,113.6,118.44,11909296,0.0
2020-11-09,117.2,119.8,115.92,118.62,4441951,0.0
2020-11-10,117.54,118.2,115.07,116.39,3235482,0.0
2020-11-11,114.6,116.31,111.87,115.38,2675481,0.0
2020-11-12,116.31,119.97,115.65,119.55,1945282,0.0
2020-11-15,125.7,125.7,121.6501,123.86,4217893,0.0
2020-11-16,123.63,123.66,120.36,122.87,2748437,0.0
2020-11-17,122.26,124.22,120.22,120.43,2036244,0.0
2020-11-18,120.35,121.71,119.53,121.06,1799840,0.0
2020-11-19,120.6526,121.9094,119.21,119.27,4807642,0.0
2020-11-22,120.95,123.42,120.57,123.03,1941063,0.0
2020-11-23,126.29,131.35,125.3639,130.92,3884119,0.0
2020-11-24,129.87,130.25,127.76,129.23,1915239,0.0
2020-11-26,128,130.74,127.2,128.35,1082944,0.0
2020-11-29,127.92,128.31,124.88,126.98,1676231,0.0
2020-11-30,129.5,129.67,127.67,128.52,1663253,0.0
2020-12-01,128.11,130.64,127.68,128.76,1671668,0.0
2020-12-02,129.96,134.67,129.1,132.38,2352183,0.0
2020-12-03,133.6378,135.84,132.77,135.64,1751784,0.0
2020-12-06,134.88,135.285,132.16,132.96,1424258,0.0
2020-12-07,131.5,134.17,131.05,132.43,1339983,0.0
2020-12-08,133.93,134.34,129.32,130.46,2306793,0.0
2020-12-09,129.86,132.41,128.88,131.77,1529419,0.0
2020-12-10,130.66,131.81,127.6401,128.52,1847999,0.0
2020-12-13,131.29,131.43,126.43,126.5,1618833,0.0
2020-12-14,129.35,130.49,126.84,130.32,1552831,0.0
2020-12-15,130.6,130.92,128.7351,130.56,1209286,0.0
2020-12-16,130.78,132.4,128.67,130.29,1622772,0.0
2020-12-17,130.34,130.91,128.27,128.81,1384379,0.0
2020-12-20,125.79,128.15,123.7776,127.32,1826707,0.0
2020-12-21,126.54,127.28,124.44,126.258,1259543,0.0
2020-12-22,127.06,129.08,126.74,128.67,1580970,0.0
2020-12-23,128.62,128.98,127.5,128.75,546940,0.0
2020-12-27,130.246,130.57,128.12,128.26,1207169,0.0
2020-12-28,129.49,131.33,128.4,129,1429355,0.0
2020-12-29,129.21,131.35,128.5,130.47,1147664,0.0
2020-12-30,130.29,132.52,128.83,131.87,1340042,0.0
2021-01-03,131.51,132.11,123.36,124.77,3658564,0.0
2021-01-04,123.9331,127.31,123.58,126.03,1189053,0.0
2021-01-05,124.84,130.73,124.84,129.35,1941848,0.0
2021-01-06,129.26,131.19,129.14,130.36,1505667,0.0
2021-01-07,131.2,132.19,128.9846,129.69,1290228,0.0
2021-01-10,127.75,129.245,127.07,128.61,1356498,0.0
2021-01-11,127.89,128.6,126.0999,127.38,2501132,0.0
2021-01-12,126.81,127.32,124.39,126.48,2151167,0.0
2021-01-13,128.35,130.63,127.26,128.89,1736381,0.0
2021-01-14,128.23,128.38,125.74,126.78,1389385,0.0
2021-01-18,127.3271,128.23,125.46,126.83,1401484,0.0
2021-01-19,126.03,127.64,125.03,126.72,1704552,0.0
2021-01-20,126.01,127.69,124.52,126.62,1272359,0.0
2021-01-21,125.27,126.2655,122.775,122.89,1914753,0.0
2021-01-24,122.39,122.59,116.9001,119.65,3955606,0.0
2021-01-25,120.38,121.44,119.3,120.5,1818894,0.0
2021-01-26,118.69,120.39,115.95,117.48,2367682,0.0
2021-01-27,120.01,123.47,120.01,120.7,2356123,0.0
2021-01-28,119.75,119.97,115.895,116.31,3282394,0.0
2021-01-31,117.95,119.77,117.075,117.74,1931352,0.0
2021-02-01,119.47,122.56,118.99,122.1,2341010,0.0
2021-02-02,122,124.77,121.85,123.35,1978724,0.0
2021-02-03,124.01,125.85,123.31,125.47,1675483,0.0
2021-02-04,126.99,129.52,126.98,129.5,2148813,0.0
2021-02-07,130.15,130.82,126.7,129.15,1778412,0.0
2021-02-08,129.29,129.29,126.1,127.01,1242619,0.0
2021-02-09,127.07,128.93,126.16,126.75,1489834,0.0
2021-02-10,127.56,128.74,125.03,126.58,1643784,0.0
2021-02-11,125.74,129.79,125.5601,129.48,1501759,0.0
2021-02-15,130.01,131.09,128.58,130.4,1730838,0.0
2021-02-16,128.4,133.26,127.53,131.34,2609059,0.0
2021-02-17,128.26,132.77,127.54,131.92,2312908,0.0
2021-02-18,131.28,137.58,131.28,136.34,2541988,0.0
2021-02-21,139.2,145.43,138.67,142.56,4513412,0.0
2021-02-22,145,149.67,142.15,149.59,5353869,0.0
2021-02-23,149.5,157.6,149.39,157.51,5626450,0.0
2021-02-24,156.26,159.98,148.8,150.13,4890831,0.0
2021-02-25,150.28,152.23,145.8,148.08,3543200,0.0
2021-02-28,151.03,151.03,147.97,148.46,2052409,0.0
2021-03-01,147.14,149.78,145.87,148.9,2635336,0.0
2021-03-02,149.51,150.33,146.28,146.32,2035435,0.0
2021-03-03,147.23,147.62,139.6,144.84,3799819,0.0
2021-03-04,146.656,147.39,138.97,146.92,2761347,0.0
2021-03-07,149.575,153.05,146.32,150.42,2828508,0.0
2021-03-08,151.235,151.41,146.66,147,2276801,0.0
2021-03-09,147.4,150.81,146.83,147.12,1933437,0.0
2021-03-10,147.14,150.64,145.76,148.87,2055513,0.0
2021-03-11,149.35,151.91,148.1225,150.19,1375156,0.0
2021-03-14,152.49,154.0472,150.25,153.56,1803533,0.0
2021-03-15,153.56,154.15,149.54,150.63,1528690,0.0
2021-03-16,149.85,156.15,149.77,156,2355165,0.0
2021-03-17,154.57,157.64,152.1,154.29,2512212,0.0
2021-03-18,152.59,153.44,149.04,152.29,2324709,0.0
2021-03-21,150.55,152.25,149.38,151.51,1905833,0.0
2021-03-22,150,149.7,141.4,142.45,3582586,0.0
2021-03-23,144.2,147.65,143.19,143.21,2291569,0.0
2021-03-24,141.84,146.96,139.4119,146.52,1916678,0.0
2021-03-25,147.35,147.54,142.8113,146.82,2320778,0.0
2021-03-28,146,146.8,143.15,144.6,2215005,0.0
2021-03-29,144.79,149.68,144.53,148.31,2286069,0.0
2021-03-30,148.91,150.34,147.03,147.95,1878858,0.0
2021-03-31,148.27,149.33,146.57,148.2,1778372,0.0
2021-04-04,150.5,153.23,150.24,150.97,2051258,0.0
2021-04-05,150.99,152.77,150.73,151.68,1559423,0.0
2021-04-06,152.25,152.41,148.07,148.79,1412658,0.0
2021-04-07,148.5,149.94,146.79,149.44,1270995,0.0
2021-04-08,148.27,148.995,146.07,148.48,1272781,0.0
2021-04-11,148.47,149.45,146.9,149.35,1054715,0.0
2021-04-12,148.11,149.16,145.99,148.81,1395455,0.0
2021-04-13,149.09,151.94,148.7,149.64,1340853,0.0
2021-04-14,149.8,150.6186,148.46,149.08,1198373,0.0
2021-04-15,150.12,151.32,147.7,148.62,1975222,0.0
2021-04-18,147.93,148.93,146.85,147.9,988749,0.0
2021-04-19,146.57,146.58,140.05,141.94,2552900,0.0
2021-04-20,142.13,145.4,140.87,144.82,2150615,0.0
2021-04-21,144.67,149.27,143.325,146.66,2019246,0.0
2021-04-22,147.04,148.715,145.8,148.36,929354,0.0
2021-04-25,149.35,150.74,147.76,148.51,1015869,0.0
2021-04-26,148.95,150.35,148.19,149.79,1238892,0.0
2021-04-27,149.33,150.25,148.58,149.43,940648,0.0
2021-04-28,151.31,152.99,148.75,151.03,1181642,0.0
2021-04-29,149.15,150.02,146.5447,148.54,1414831,0.0
2021-05-02,149.34,150.16,148.3254,148.85,1252437,0.0
2021-05-03,148.27,148.27,144.33,147.61,1488740,0.0
2021-05-04,148.02,148.92,144.18,144.49,1591214,0.0
2021-05-05,144.46,144.58,140.58,142.575,1809845,0.0
2021-05-06,143,146.89,142.5,146.69,2209890,0.0
2021-05-09,144.8736,145.395,140.6,140.66,3793209,0.0
2021-05-10,139.24,141.94,138.38,141.7,2801951,0.0
2021-05-11,140.48,141.31,135.35,135.99,2424968,0.0
2021-05-12,136.73,140.39,136.56,139.26,2082438,0.0
2021-05-13,140.42,143.8,139.08,143.31,1960386,0.0
2021-05-16,142.86,143.26,138.24,139.86,1418954,0.0
2021-05-17,140.87,142.99,139.76,139.83,1278314,0.0
2021-05-18,137.86,139.5,136.34,139.44,1408914,0.0
2021-05-19,139.85,139.96,137.59,138.98,1871518,0.0
2021-05-20,139.71,140.74,138.57,139.01,1386949,0.0
