Date,Open,High,Low,Close,Volume,OpenInterest
2017-06-01,83.75,84.63,82.89,84.35,1551741,0.0
2017-06-04,84.55,85.55,84.41,84.51,1750387,0.0
2017-06-05,84.32,85.6,83.56,85.19,2290632,0.0
2017-06-06,85.56,86.51,85.32,86.3,1578856,0.0
2017-06-07,86.58,86.9,85.64,86.85,1160433,0.0
2017-06-08,87.25,87.49,81.72,83.47,2385711,0.0
2017-06-11,81.83,83.1,80.3,83.08,3240352,0.0
2017-06-12,83.63,84.5,82.05,83.53,2338641,0.0
2017-06-13,83.9,84.1,81.38,82.3,1522454,0.0
2017-06-14,81.06,81.84,80.71,81.56,1508111,0.0
2017-06-15,81.65,82.179,80.77,81.21,2198421,0.0
2017-06-18,81.96,83.04,81.81,82.62,1241491,0.0
2017-06-19,82.75,82.84,80.27,80.35,1796259,0.0
2017-06-20,80.67,81.175,79.89,80.83,3986301,0.0
2017-06-21,80.78,81.105,80.02,80.06,1985820,0.0
2017-06-22,80.22,81.71,79.8,81.59,1778904,0.0
2017-06-25,81.6,82.71,80.22,80.3,1108709,0.0
2017-06-26,80.05,80.42,78.66,78.71,1663067,0.0
2017-06-27,79.05,79.98,77.55,79.83,1969650,0.0
2017-06-28,79.25,79.3367,76.31,77.37,2385327,0.0
2017-06-29,77.83,78.27,76.96,77.18,1682649,0.0
2017-07-02,77.73,77.99,75.8,75.83,788118,0.0
2017-07-04,76.02,78.11,76.02,77.94,1982009,0.0
2017-07-05,77.2,78.18,76.5,77.14,1096998,0.0
2017-07-06,77.48,79.01,77.21,78.34,1320056,0.0
2017-07-09,78.39,79.075,77.95,78.77,807393,0.0
2017-07-10,78.76,79.63,78.61,79.13,735073,0.0
2017-07-11,79.93,81.25,79.5401,80.15,2180401,0.0
2017-07-12,80.38,80.585,79.35,79.49,1320335,0.0
2017-07-13,79.88,81.015,79.73,80.85,954593,0.0
2017-07-16,80.9,81.35,80.36,81.03,781488,0.0
2017-07-17,80.81,81.61,80.39,81.56,718693,0.0
2017-07-18,82.07,82.48,81.71,82.32,1172395,0.0
2017-07-19,82.51,83.38,82.05,83.05,1103224,0.0
2017-07-20,82,82.05,80.66,80.89,1735971,0.0
2017-07-23,81,81.24,80.38,80.58,1020171,0.0
2017-07-24,80.5,81.385,80.12,80.94,1022183,0.0
2017-07-25,81.55,83.24,81.4,82.69,1515129,0.0
2017-07-26,82.94,83.19,79.8,80.92,1383900,0.0
2017-07-27,80.67,80.9,80.07,80.7,746515,0.0
2017-07-30,81,81.36,79.95,80.04,948990,0.0
2017-07-31,80.61,80.8,80.03,80.33,749869,0.0
2017-08-01,80.68,81.1,79.14,79.81,961935,0.0
2017-08-02,79.87,81,79.57,80.78,2243000,0.0
2017-08-03,81.43,83.83,80.81,83.48,4132726,0.0
2017-08-06,83.63,85.04,83.02,84.98,1729921,0.0
2017-08-07,84.93,85.94,84.23,84.62,1914795,0.0
2017-08-08,83.92,84.21,83.11,83.61,971483,0.0
2017-08-09,82.95,83.26,81.11,81.23,1616437,0.0
2017-08-10,81.4,82.72,81.37,82.21,958062,0.0
2017-08-13,83.38,84.47,83.02,84.01,1022161,0.0
2017-08-14,84.06,84.44,83.29,84.29,1155376,0.0
2017-08-15,84.39,84.77,83.66,84.16,687510,0.0
2017-08-16,83.39,83.54,81.6,81.66,1209014,0.0
2017-08-17,81.92,82.37,81.33,81.57,897786,0.0
2017-08-20,81.85,81.92,80.92,81.52,558087,0.0
2017-08-21,81.89,82.9299,81.89,82.7,863737,0.0
2017-08-22,82.1,83.12,81.8,82.9,708289,0.0
2017-08-23,82.95,83.49,82.35,82.69,848868,0.0
2017-08-24,82.82,83.22,82.45,82.62,563844,0.0
2017-08-27,83.06,83.93,82.71,83.75,818106,0.0
2017-08-28,82.89,84,82.86,83.83,955190,0.0
2017-08-29,84,85.75,83.99,85.67,2181514,0.0
2017-08-30,85.84,86.97,85.55,86.8,1169932,0.0
2017-08-31,86.96,88,86.71,87.86,1272515,0.0
2017-09-04,86.99,87.77,85.48,86.49,1559765,0.0
2017-09-05,86.21,86.54,85,86.12,1574121,0.0
2017-09-06,86.52,87.5,85.71,87.39,1103702,0.0
2017-09-07,87.3,87.61,86.37,86.59,1116982,0.0
2017-09-10,87.8,88.48,87.48,88.38,1456358,0.0
2017-09-11,88.62,88.89,87.75,88.44,1219606,0.0
2017-09-12,88.03,88.54,87.83,88.34,1046266,0.0
2017-09-13,88.21,89.73,88.18,89.25,2030107,0.0
2017-09-14,89.78,90.57,89.33,89.75,1932340,0.0
2017-09-17,90,91.24,89.93,91,1695828,0.0
2017-09-18,91.11,91.83,90.4,90.97,1485472,0.0
2017-09-19,90.82,90.91,86.77,88.32,2351598,0.0
2017-09-20,88.47,88.77,87.39,88.37,946950,0.0
2017-09-21,88.09,89.79,88.09,89.68,799910,0.0
2017-09-24,89.05,89.38,87.5901,88.08,1055270,0.0
2017-09-25,88.8,89.29,87.19,87.75,1217659,0.0
2017-09-26,88.49,89.52,88.2401,88.92,1371181,0.0
2017-09-27,88.61,89.28,88.29,89.14,1293253,0.0
2017-09-28,89.11,89.99,88.87,89.74,1630698,0.0
2017-10-01,90.37,91.23,90.15,90.53,1447199,0.0
2017-10-02,90.55,90.95,90.26,90.72,1229266,0.0
2017-10-03,90.67,91.61,90.021,91.59,1043103,0.0
2017-10-04,91.81,91.82,90.75,91.31,690268,0.0
2017-10-05,90.91,91.59,90.29,91.55,935575,0.0
2017-10-08,91.85,91.99,91.26,91.49,618752,0.0
2017-10-09,92,92.33,91.1,91.94,667706,0.0
2017-10-10,91.73,92.13,91.37,91.92,760707,0.0
2017-10-11,91.59,92.4,91.47,91.77,738863,0.0
2017-10-12,92.24,92.51,91.41,91.78,636844,0.0
2017-10-15,92.23,92.29,91.6,91.89,604813,0.0
2017-10-16,91.79,91.87,91.17,91.7,633815,0.0
2017-10-17,91.59,92.36,90.39,92.13,1046202,0.0
2017-10-18,91.6,93.11,90.55,93.05,978026,0.0
2017-10-19,93.89,94.66,92.5,92.72,1138561,0.0
2017-10-22,93.11,93.39,92.29,92.62,727232,0.0
2017-10-23,92.63,93.41,92.53,93.32,547897,0.0
2017-10-24,92.87,93.1994,91.57,92.31,1157760,0.0
2017-10-25,92.9,93.64,92.84,93.09,914061,0.0
2017-10-26,93.78,94.81,92.73,94.71,1158728,0.0
2017-10-29,94.16,95.49,93.96,95.21,1427794,0.0
2017-10-30,95.23,95.69,94.62,94.81,816413,0.0
2017-10-31,94.3,95.14,92.52,92.99,2368635,0.0
2017-11-01,92.38,93.91,92.13,93.45,978451,0.0
2017-11-02,93.72,94.02,92.53,93.65,919996,0.0
2017-11-05,94.31,95.62,94.17,95.36,2162574,0.0
2017-11-06,95,95.92,90.5,91.43,3683436,0.0
2017-11-07,91.36,93.12,90.9062,92.8,2043705,0.0
2017-11-08,92.33,92.44,89.58,90.8,1961857,0.0
2017-11-09,90.88,91.67,90.36,91.56,1059739,0.0
2017-11-12,91.01,91.33,90.47,91.02,988479,0.0
2017-11-13,90.67,91.12,90.01,91.01,1089657,0.0
2017-11-14,90.46,90.7,89.28,89.65,1067810,0.0
2017-11-15,89.76,91.06,89.63,90.78,1321845,0.0
2017-11-16,91.04,91.59,90.64,91.3,1152660,0.0
2017-11-19,91.48,91.89,91.14,91.39,874504,0.0
2017-11-20,91.94,92.6247,91.61,91.89,876680,0.0
2017-11-21,91.66,92.2552,90.39,90.4,1075435,0.0
2017-11-23,90.29,91.04,90.22,90.97,493209,0.0
2017-11-26,90.47,90.62,88.63,88.94,1863071,0.0
2017-11-27,89.15,90.68,88.85,90.58,1274634,0.0
2017-11-28,90.31,90.31,85.95,86.58,3144554,0.0
2017-11-29,87.19,88.75,86.67,87,2609516,0.0
2017-11-30,86.4,87.31,85.1,86.99,2415397,0.0
2017-12-03,87.43,87.935,85.71,86.31,1865876,0.0
2017-12-04,85.97,88.62,85.5583,86.18,1635160,0.0
2017-12-05,85.8,86.83,85.29,86.29,993191,0.0
2017-12-06,86.41,87.65,86.134,87.4,858377,0.0
2017-12-07,88.1,88.4775,87.26,87.41,1106282,0.0
2017-12-10,87.46,88.43,86.92,87.389,1059922,0.0
2017-12-11,86.84,87.04,85.66,85.84,1088967,0.0
2017-12-12,86.41,86.94,85.94,86.41,820886,0.0
2017-12-13,86.45,86.64,85.37,85.48,1300330,0.0
2017-12-14,86.23,87.25,85.36,86.75,1329176,0.0
2017-12-17,87.29,89.39,87.29,88.97,1622125,0.0
2017-12-18,89.22,89.84,88.42,89.6,1304022,0.0
2017-12-19,90.06,90.89,89.47,90.2,1132481,0.0
2017-12-20,90.32,90.65,89.38,89.47,976375,0.0
2017-12-21,89.33,89.61,88.12,88.93,533543,0.0
2017-12-25,88.19,88.69,87.77,88.63,304724,0.0
2017-12-26,89.02,89.12,88.29,88.41,399957,0.0
2017-12-27,88.87,89,88.18,88.61,642333,0.0
2017-12-28,88.7,89,87.83,87.89,503742,0.0
2018-01-01,88.51,90.54,88.26,90.4,1022200,0.0
2018-01-02,90.51,92.18,90.38,91.76,1844652,0.0
2018-01-03,92.23,92.85,91.44,91.99,1019348,0.0
2018-01-04,92.58,92.88,91.57,92.23,869067,0.0
2018-01-07,91.94,92.87,91.34,92.58,554429,0.0
2018-01-08,92.73,93.03,91.68,92.51,1183075,0.0
2018-01-09,91.95,92.2614,90.08,90.93,1379394,0.0
2018-01-10,91.18,92.34,90.72,92.11,564139,0.0
2018-01-11,92.33,93.65,91.79,93.4,826646,0.0
2018-01-15,94.03,94.37,92.675,93.35,1024444,0.0
2018-01-16,94.38,96.375,93.92,96.02,1661710,0.0
2018-01-17,96.02,97.6,95.87,97.27,1331556,0.0
2018-01-18,97.85,98.14,96.94,97.47,1007925,0.0
2018-01-21,97.61,98.71,97.23,98.7,1020982,0.0
2018-01-22,98.69,99.17,98.07,98.52,1066157,0.0
2018-01-23,96.86,97.8,94.885,95.36,2350071,0.0
2018-01-24,96.31,96.35,92.25,92.48,2063345,0.0
2018-01-25,93.92,97.07,93.48,96.86,1923827,0.0
2018-01-28,96.14,97.29,95.375,96.88,1297554,0.0
2018-01-29,96.35,96.51,94.89,95.01,1261622,0.0
2018-01-30,95.79,96.21,94.52,95.22,1266004,0.0
2018-01-31,94.91,95.89,94.1142,94.54,1329921,0.0
2018-02-01,94,94.94,93.24,93.32,1283460,0.0
2018-02-04,93.1,94.05,89.47,89.51,2353160,0.0
2018-02-05,88.14,91.92,87.9,91.92,3850852,0.0
2018-02-06,87.55,89,82.81,82.91,10571860,0.0
2018-02-07,83,83.21,79.24,79.9,6381787,0.0
2018-02-08,80.71,81.98,78.33,81.04,4311824,0.0
2018-02-11,81.51,83.51,81.51,83.03,2684828,0.0
2018-02-12,82.11,82.71,80.13,80.8,2862992,0.0
2018-02-13,80.04,82.38,80.04,82.21,2593822,0.0
2018-02-14,83.11,83.28,81,82.48,2864346,0.0
2018-02-15,82.23,83.819,82.23,83.4,2572892,0.0
2018-02-19,82.64,86.52,82.64,84.87,2816231,0.0
2018-02-20,85.23,85.84,83.6,84.15,1796225,0.0
2018-02-21,84.18,85.63,83.25,83.95,1461135,0.0
2018-02-22,84.81,85.22,83.67,85.16,1117186,0.0
2018-02-25,85.45,86.46,85.25,86.38,1385621,0.0
2018-02-26,87.76,92.27,87.61,88.51,4750432,0.0
2018-02-27,89.42,90.51,88.7,88.94,2858120,0.0
2018-02-28,89.02,90,87.56,89,2681879,0.0
2018-03-01,92.39,93.75,89,91.29,6624989,0.0
2018-03-04,91.73,94.91,91.09,94.461,3049107,0.0
2018-03-05,94.99,96.76,93.74,96.57,4012017,0.0
2018-03-06,95.08,96.0842,94.22,95.58,2259716,0.0
2018-03-07,97,97.16,94.56,95.34,1840629,0.0
2018-03-08,96.91,99.13,96.45,98.96,3295488,0.0
2018-03-11,99.53,100.5,99.3,100.24,2191282,0.0
2018-03-12,100.99,101.48,97.48,98.03,2749822,0.0
2018-03-13,98.53,98.695,96.76,97.26,1607558,0.0
2018-03-14,97.44,97.82,96.86,97.53,1199464,0.0
2018-03-15,97.6,98.8,97.24,98.17,1360244,0.0
2018-03-18,97.24,97.46,94.89,96.98,1864136,0.0
2018-03-19,97.33,98.91,97.01,98.54,1757470,0.0
2018-03-20,98.06,100.27,98.045,99.22,1868580,0.0
2018-03-21,97.65,98.83,96.5,96.56,1571541,0.0
2018-03-22,96.71,97,94.02,94.02,1861788,0.0
2018-03-25,95.99,98.08,94.61,97.99,1036174,0.0
2018-03-26,98.67,99.09,93.73,94.39,1856725,0.0
2018-03-27,94.07,94.39,90.93,91.16,2926446,0.0
2018-03-28,91.93,92.61,90.45,91.35,2825745,0.0
2018-04-01,90.99,91.5,87.23,87.65,3366079,0.0
2018-04-02,88.39,89.2,87.35,89.03,1731625,0.0
2018-04-03,87.16,90.41,86.91,90.18,1592812,0.0
2018-04-04,90.62,90.92,88.44,89.62,1440578,0.0
2018-04-05,88.39,89.71,85.88,86.27,1529265,0.0
2018-04-08,87.13,89.0299,86.12,86.19,1526020,0.0
2018-04-09,88.06,89.24,86.96,88.73,1678667,0.0
2018-04-10,87.62,90,87.47,88.49,1398376,0.0
2018-04-11,89.16,89.91,88.54,89.06,1918370,0.0
2018-04-12,89.53,89.68,87,87.33,1847569,0.0
2018-04-15,88.2,88.2,85.96,86.24,2976466,0.0
2018-04-16,86.84,89.63,86.75,89.07,2311275,0.0
2018-04-17,88.67,89.252,87.5,88,1525386,0.0
2018-04-18,86.3,86.72,84.47,85.14,2179443,0.0
2018-04-19,86.5,87.6,84.45,85.68,2819586,0.0
2018-04-22,85.83,86.61,84.33,84.4,2581727,0.0
2018-04-23,85.34,85.5108,81.28,82.45,3450817,0.0
2018-04-24,82.66,84.09,81.55,82.98,1905241,0.0
2018-04-25,83.9,85.36,83.32,84.9,1831578,0.0
2018-04-26,85.58,86.048,83.53,84.65,860849,0.0
2018-04-29,84.75,85.325,83.415,83.66,980434,0.0
2018-04-30,83.19,85.11,83,85.01,948870,0.0
2018-05-01,85.16,85.635,84.03,84.78,1608607,0.0
2018-05-02,83.98,86.31,82.64,86.15,2400203,0.0
2018-05-03,85.47,87.76,85.47,87.52,1495827,0.0
2018-05-06,88.51,89.71,87.65,88.73,2985091,0.0
2018-05-07,89.9,90.96,86.52,90.63,3376421,0.0
2018-05-08,91,91.92,89.1,91.84,1926354,0.0
2018-05-09,91.635,93.25,91.635,93.199,1163931,0.0
2018-05-10,93.5,94.22,92.51,92.95,1027463,0.0
2018-05-13,94.1,94.7,93.19,93.46,1126826,0.0
2018-05-14,94.69,94.73,92.35,93.36,2387547,0.0
2018-05-15,93.09,93.97,93.06,93.52,1021683,0.0
2018-05-16,93.21,94,92.64,93.35,1227455,0.0
2018-05-17,92.44,93.56,91.93,92.79,883230,0.0
2018-05-20,93.92,94.63,92.98,93.79,761507,0.0
2018-05-21,93.55,95,93.41,94.34,1162150,0.0
2018-05-22,93.24,94.14,92.73,94.12,996785,0.0
2018-05-23,93.98,94.97,93.445,94.87,865148,0.0
2018-05-24,94.81,95.94,94.79,95.81,1009483,0.0
2018-05-28,94.95,95.9762,94.35,95.18,1200951,0.0
2018-05-29,96.64,99.09,95.29,97.54,2156065,0.0
2018-05-30,97.23,98.74,97.02,97.39,1421036,0.0
2018-05-31,98.36,101.09,97.66,101.08,2207132,0.0
2018-06-03,101.05,101.73,100.39,101.41,1683628,0.0
2018-06-04,102.75,102.7999,101.4079,102.16,1300924,0.0
2018-06-05,102.28,103.37,101.69,103.31,1134682,0.0
2018-06-06,103.02,103.42,101.27,102.22,1266774,0.0
2018-06-07,101.37,104.2,100.79,102.14,1058621,0.0
2018-06-10,102.05,102.93,101.72,102.4,822748,0.0
2018-06-11,102.52,103.02,101.83,102.68,1397757,0.0
2018-06-12,102.84,103.0873,101.76,102.08,1507935,0.0
2018-06-13,102.64,103.27,102.08,102.57,1153761,0.0
2018-06-14,102.53,102.53,100.83,102.02,1407528,0.0
2018-06-17,101.24,101.88,100.5,101.63,1055755,0.0
2018-06-18,100.1,101.41,99.54,100.39,1238802,0.0
2018-06-19,101.23,101.58,100.35,101.23,903748,0.0
2018-06-20,101.69,101.69,98.63,98.72,1031998,0.0
2018-06-21,98.98,99.4,96.37,96.92,1794064,0.0
2018-06-24,95.69,96.3,92.72,93.26,2237737,0.0
2018-06-25,93.59,94.255,92.7,93.14,1117046,0.0
2018-06-26,93.32,94.32,90.18,90.27,2014642,0.0
2018-06-27,89.93,91.26,89.93,90.43,1858126,0.0
2018-06-28,90.73,91.96,90.41,90.96,2414461,0.0
2018-07-01,90.22,91.53,89.2009,91.49,1118919,0.0
2018-07-02,91.82,91.82,89.93,90.12,793949,0.0
2018-07-04,91.14,92.34,90.83,92.13,1110568,0.0
2018-07-05,91.69,93.87,91.39,93.42,1086810,0.0
2018-07-08,93.75,94.01,92.36,93.37,905802,0.0
2018-07-09,93.76,94.76,93.24,94.6,1103785,0.0
2018-07-10,93.22,94.205,91.59,92.02,1753113,0.0
2018-07-11,92.77,94.37,92.24,94.28,1661626,0.0
2018-07-12,94.34,94.53,93.64,94.04,1102521,0.0
2018-07-15,94,94.83,93.8453,94.12,747689,0.0
2018-07-16,93.26,95.13,93.131,95.06,903480,0.0
2018-07-17,94.72,95.96,94.72,95.76,681739,0.0
2018-07-18,95.64,95.87,94.17,94.8,663955,0.0
2018-07-19,94.82,95.07,93.74,94.39,1000051,0.0
2018-07-22,93.89,94.6,92.74,94.25,768954,0.0
2018-07-23,94.87,95.62,93.08,93.27,883934,0.0
2018-07-24,92.93,93.78,90.84,92.96,2187610,0.0
2018-07-25,93.46,94.73,92.95,94.67,1374335,0.0
2018-07-26,95.59,96.91,94.87,95.32,1761650,0.0
2018-07-29,95.32,95.6,92.81,93.2,1525369,0.0
2018-07-30,93.89,94.98,93.31,93.42,1152319,0.0
2018-07-31,93.42,94.39,93.08,93.59,734082,0.0
2018-08-01,92.7,94.95,92.58,94.6,727332,0.0
2018-08-02,94.58,95.16,94,95.1,1241700,0.0
2018-08-05,94.54,96.13,94.465,95.62,2327585,0.0
2018-08-06,96.06,97.48,95.51,97.28,1724207,0.0
2018-08-07,97.39,97.91,96.82,97.75,1459281,0.0
2018-08-08,96.95,98.26,96.58,98.08,2348234,0.0
2018-08-09,88.95,89.8712,84.77,87.405,17018908,0.0
2018-08-12,87.68,88.6,86.863,87.03,4253190,0.0
2018-08-13,87.02,87.8,83.5,84.08,4172680,0.0
2018-08-14,83.9,84.8,81.35,82.34,3740213,0.0
2018-08-15,83.11,84.25,81.57,81.79,2935359,0.0
2018-08-16,81.5,83.22,79.76,83,3680122,0.0
2018-08-19,82.87,83.196,81.42,82.51,3512554,0.0
2018-08-20,83.12,86.01,83.12,85.01,3357144,0.0
2018-08-21,84.23,85.46,83.4,85.42,2158163,0.0
2018-08-22,85.51,87.13,85.29,85.67,2336319,0.0
2018-08-23,86.42,87.1,85.84,86.96,1890280,0.0
2018-08-26,87.51,88.84,87.26,88.36,1878888,0.0
2018-08-27,89,89,87.1,87.49,2020614,0.0
2018-08-28,86.95,87.47,86.13,86.82,2112676,0.0
2018-08-29,86.42,87.48,85.23,85.55,2298690,0.0
2018-08-30,85.67,86.2,85.04,86.01,1504638,0.0
2018-09-03,85.16,86.16,84.87,86.09,1588577,0.0
2018-09-04,85.84,86.09,84.87,85.15,1658028,0.0
2018-09-05,84.81,84.9999,82.61,83.9,3511361,0.0
2018-09-06,83.6,85.03,82.67,83.05,2710637,0.0
2018-09-09,83.67,84.07,82.7,84.03,1295322,0.0
2018-09-10,83.55,83.93,82.325,83.23,2922913,0.0
2018-09-11,82.06,83.66,81.03,83.48,4418361,0.0
2018-09-12,84.3,85.41,83.245,83.78,2872596,0.0
2018-09-13,84.29,85.22,83.45,83.6,2566502,0.0
2018-09-16,81.45,82.8,80.86,80.88,2630594,0.0
2018-09-17,81.03,81.96,80.38,80.39,1959359,0.0
2018-09-18,80.78,81.59,80.47,81.37,1643659,0.0
2018-09-19,82.3,83.95,81.72,83.38,2092401,0.0
2018-09-20,83.32,83.71,82.37,82.74,1687633,0.0
2018-09-23,82.01,82.6,81.32,82.31,1067636,0.0
2018-09-24,80.72,81.09,78.58,78.77,4270511,0.0
2018-09-25,78.64,79.74,78.6308,78.8,2975169,0.0
2018-09-26,78.76,79.34,78.354,78.61,1919569,0.0
2018-09-27,78.42,79.12,77.87,78.91,3546526,0.0
2018-09-30,79.3,79.7,77.14,77.16,4086723,0.0
2018-10-01,77.8,78.69,77.36,77.65,3352525,0.0
2018-10-02,77.47,77.65,75.025,75.11,4240087,0.0
2018-10-03,75.06,75.29,70.63,71.43,6669320,0.0
2018-10-04,71.45,71.83,68.6,69.28,4768852,0.0
2018-10-07,68.62,69.59,66.82,67.7,3730930,0.0
2018-10-08,67.3,67.8658,66.26,67.38,5480408,0.0
2018-10-09,66.38,66.65,65.13,66.44,7998994,0.0
2018-10-10,67.33,69.37,66.52,67.7,5874685,0.0
2018-10-11,69.83,70.22,67.28,68.28,4146740,0.0
2018-10-14,67.74,68.71,67.1101,68.23,3419644,0.0
2018-10-15,69.02,69.58,68.3101,69.15,2104948,0.0
2018-10-16,69.56,69.78,68.4001,69.05,2370021,0.0
2018-10-17,68.65,68.7,67.15,67.55,3371910,0.0
2018-10-18,67.46,68.7,66.84,67.03,2257229,0.0
2018-10-21,67.73,68,66.51,66.84,1378560,0.0
2018-10-22,65.43,67.6,64.7,67.19,2117225,0.0
2018-10-23,65.89,66.49,61.27,61.29,4718176,0.0
2018-10-24,62.21,64.26,62.11,62.49,6880279,0.0
2018-10-25,61.15,63.45,60.7,62.3,4927725,0.0
2018-10-28,63.68,64.59,61.23,62.31,2352990,0.0
2018-10-29,62.43,64.95,62.01,64.86,1912630,0.0
2018-10-30,66,66.26,65.08,65.76,3558443,0.0
2018-10-31,66.25,70.97,65.67,70.38,4169509,0.0
2018-11-01,70.93,71,68.51,69.74,2429629,0.0
2018-11-04,69.48,69.82,67.8,69.34,2742744,0.0
2018-11-05,68.87,70.38,68.77,70.03,1955469,0.0
2018-11-06,70.61,70.98,69.06,70.31,3127297,0.0
2018-11-07,71,76,70.3,74.49,5840503,0.0
2018-11-08,73.43,73.86,71.28,72.13,3311624,0.0
2018-11-11,71.3,71.58,69.53,69.66,2039248,0.0
2018-11-12,70.22,72.8,70.18,70.88,2400286,0.0
2018-11-13,71.96,72.49,71.1,72,3233148,0.0
2018-11-14,71.64,75.37,71.51,75.36,4577228,0.0
2018-11-15,74.55,76.2,74.26,75.63,4561764,0.0
2018-11-18,75.54,75.84,73.41,73.89,2381034,0.0
2018-11-19,72.93,74,71.45,72.99,2713518,0.0
2018-11-20,74.22,74.55,72.92,73,2576872,0.0
2018-11-22,72.06,74.94,72.03,74.37,1427257,0.0
2018-11-25,75.48,75.81,74.69,75.75,1955961,0.0
2018-11-26,74.82,75.36,73.16,73.74,2256490,0.0
2018-11-27,74.51,75.93,72.9338,75.9,4967575,0.0
2018-11-28,75.1,76.36,74.38,74.39,2429174,0.0
2018-11-29,74.8,75.12,73.775,75.01,2313473,0.0
2018-12-02,78.1,80.61,76.9,77.76,4630189,0.0
2018-12-03,76.86,77.12,74.39,74.47,2609688,0.0
2018-12-05,72.31,73.88,71.59,73.4,2881571,0.0
2018-12-06,72.79,73.41,69.95,70.26,2102739,0.0
2018-12-09,70.02,71.98,69.545,71.919,2691425,0.0
2018-12-10,73.24,74.46,71.87,72.15,2420417,0.0
2018-12-11,73.91,74.51,72.5,73.58,2003245,0.0
2018-12-12,73.8,74.7,72.05,72.43,1680806,0.0
2018-12-13,71.16,72.96,71.15,71.61,1912395,0.0
2018-12-16,71.65,73.52,70.76,71.22,2170258,0.0
2018-12-17,71.93,74.09,71.69,72.14,2298100,0.0
2018-12-18,71.83,72.14,68.19,68.59,2714291,0.0
2018-12-19,68.53,70,67.415,68.72,2926565,0.0
2018-12-20,68.8,70.2,67.65,67.99,3185162,0.0
2018-12-23,67.57,68.31,65.67,65.69,1386140,0.0
2018-12-25,66.45,70.45,66,70.42,2315103,0.0
2018-12-26,68.96,71.51,68.69,71.45,1949800,0.0
2018-12-27,71.53,72.81,70.41,71.58,1624904,0.0
2018-12-30,72.24,72.55,70.92,71.64,1110549,0.0
2019-01-01,70.27,72.29,70,71.29,2214590,0.0
2019-01-02,70.05,70.21,66.16,66.48,4165736,0.0
2019-01-03,67.37,69.365,67.08,68.985,3003305,0.0
2019-01-06,69.09,71.8,68.71,71.06,2533102,0.0
2019-01-07,71.81,72.96,70.87,72.95,3912551,0.0
2019-01-08,74.25,76.62,74.15,75.8,3901659,0.0
2019-01-09,75.44,76.87,75.24,76.58,2230537,0.0
2019-01-10,76.38,78.72,75.94,77.08,4124079,0.0
2019-01-13,76.47,76.64,74.32,74.39,2482197,0.0
2019-01-14,74.74,75.71,74.42,74.97,1711928,0.0
2019-01-15,75.24,76.16,74.92,75.15,1798720,0.0
2019-01-16,74.53,76.55,73.25,76.02,1730320,0.0
2019-01-17,76.78,78.03,75.74,77.51,2208420,0.0
2019-01-21,76.9,77.1,74.39,75.03,1812685,0.0
2019-01-22,76.96,76.96,73.74,74.3578,2055011,0.0
2019-01-23,75.42,79.58,74.95,78.535,4681258,0.0
2019-01-24,79.01,81.4,78.53,80.68,2467582,0.0
2019-01-27,78.2,80.6,78.02,80.4,2250187,0.0
2019-01-28,81.02,81.73,79.29,79.59,1712730,0.0
2019-01-29,80.04,81.64,78.21,80.52,2321864,0.0
2019-01-30,80.35,81.34,79.81,80.32,1908046,0.0
2019-01-31,80.54,81.83,79.91,81.8,2639220,0.0
2019-02-03,81.74,82.93,80.77,82.615,2564978,0.0
2019-02-04,82.27,83.76,82.2,83.155,2980506,0.0
2019-02-05,88.5,91.75,88.01,89.3,9314563,0.0
2019-02-06,87.64,89.17,86.54,88.05,4015335,0.0
2019-02-07,86.73,87.75,86.03,87.32,2570434,0.0
2019-02-10,87.75,89.415,87,88.995,2720829,0.0
2019-02-11,90.19,91.8,90.17,91.585,3784569,0.0
2019-02-12,91.33,91.82,90.6,91.215,2098929,0.0
2019-02-13,90.65,91.75,89.9001,90.69,2792538,0.0
2019-02-14,91.35,91.56,90.08,91.125,1973638,0.0
2019-02-18,90.62,91.36,90.06,90.7,1354933,0.0
2019-02-19,90.27,91.48,89.5,89.64,1800935,0.0
2019-02-20,89.66,90.07,88.47,89,1916361,0.0
2019-02-21,89.71,90,88.46,89.03,1429077,0.0
2019-02-24,90.26,91.14,89.69,89.81,2133604,0.0
2019-02-25,89.26,90.03,88.92,89.065,1709912,0.0
2019-02-26,88.44,88.77,86.63,87.08,3669060,0.0
2019-02-27,86.34,87.33,86.32,86.87,1832194,0.0
2019-02-28,87.89,88.91,87.13,88.65,1700460,0.0
2019-03-03,89.34,89.57,87.59,88.55,1391905,0.0
2019-03-04,88.41,88.5,87.23,87.23,1564010,0.0
2019-03-05,87.39,88.07,86.4,86.48,1629548,0.0
2019-03-06,85.94,86.03,84.25,84.44,1868513,0.0
2019-03-07,83.45,85.39,83.05,85.07,1632089,0.0
2019-03-10,85.59,87.14,85.26,86.79,1068332,0.0
2019-03-11,87.11,87.11,86.01,86.29,964651,0.0
2019-03-12,86.77,87.08,84.98,85.04,2185540,0.0
2019-03-13,85.03,85.47,83.915,84,1596090,0.0
2019-03-14,86.49,86.89,85.8,86.11,1225954,0.0
2019-03-17,85.95,86.435,84.76,85.33,2043431,0.0
2019-03-18,85.7,86.335,85.45,86.12,1477623,0.0
2019-03-19,86.26,86.72,83.67,84.29,1303191,0.0
2019-03-20,84.22,87.69,84.22,87.39,1499108,0.0
2019-03-21,86.71,87.36,85.4,85.43,1678836,0.0
2019-03-24,84.88,85.26,83.01,83.8,1809800,0.0
2019-03-25,84.66,85.41,83.79,84.25,1191356,0.0
2019-03-26,84.3,84.71,81.15,81.35,3162157,0.0
2019-03-27,81.55,82.39,80.03,81.18,2482603,0.0
2019-03-28,82.07,83.24,81.95,83.01,2190774,0.0
2019-03-31,84.14,87.63,84.11,87.44,1423099,0.0
2019-04-01,87.43,87.865,86.51,87.73,3743875,0.0
2019-04-02,89.53,91.36,88.6501,90.36,3969731,0.0
2019-04-03,90.24,91.69,90.19,91.28,3305561,0.0
2019-04-04,91.57,93.19,91.32,92.95,2184474,0.0
2019-04-07,92.9,94.238,91.95,94.07,2537871,0.0
2019-04-08,93.66,93.76,92.56,92.93,2335473,0.0
2019-04-09,92.87,94.45,92.25,94.29,1942165,0.0
2019-04-10,94.09,94.39,93.02,93.99,1736445,0.0
2019-04-11,95.38,95.89,94.64,95.36,1832439,0.0
2019-04-14,95.33,96.06,94.76,95.6,2711425,0.0
2019-04-15,96.14,97.88,96.08,97.87,4477327,0.0
2019-04-16,100.28,100.28,97.05,99.37,3911135,0.0
2019-04-17,99.73,99.895,98.02,98.73,2115613,0.0
2019-04-21,98.45,98.72,97.48,97.6,2087527,0.0
2019-04-22,97.72,99.245,97.56,98.16,2042649,0.0
2019-04-23,97.47,99.97,97.26,98.84,1959412,0.0
2019-04-24,97.51,98.284,95.595,97.49,1752441,0.0
2019-04-25,96,98.47,95.09,98.42,1343849,0.0
2019-04-28,98.25,99.28,98.15,98.73,1080498,0.0
2019-04-29,99.8,100.02,98.56,99.89,1844696,0.0
2019-04-30,100.67,101.16,98.89,98.89,2279740,0.0
2019-05-01,98.96,101.35,98.12,100.11,1699659,0.0
2019-05-02,100.67,100.85,99.52,100.73,1070024,0.0
2019-05-05,96.73,97.38,95.89,97.01,3645947,0.0
2019-05-06,95.75,95.79,92.7,94.22,5287015,0.0
2019-05-07,89.95,94.06,89.75,91.53,3563099,0.0
2019-05-08,89.57,90.12,86.77,89.39,4220143,0.0
2019-05-09,89.36,89.95,86.96,89.24,2968755,0.0
2019-05-12,85.73,86.66,82.9,83.61,4158197,0.0
2019-05-13,84.21,85,83.5,84.66,3902709,0.0
2019-05-14,83.71,86.45,83.42,85.77,2947371,0.0
2019-05-15,84.82,85.53,83.82,85.09,2761905,0.0
2019-05-16,83.7,85.36,83.06,83.26,2052822,0.0
2019-05-19,80.48,81.75,78.73,79.54,3544201,0.0
2019-05-20,80.75,82.26,80.19,81.95,2712086,0.0
2019-05-21,80.99,83.08,80.68,81.83,2392405,0.0
2019-05-22,80.5,81.66,79.7311,81.6,2709221,0.0
2019-05-23,82.14,82.81,80.37,80.42,1610375,0.0
2019-05-27,80.54,80.86,77.66,79.09,2802244,0.0
2019-05-28,78.57,81.21,78.19,80.55,2663965,0.0
2019-05-29,80.64,81.93,80.55,81.36,2671987,0.0
2019-05-30,79.88,81.925,79.56,80.03,3706310,0.0
2019-06-02,80.39,81.96,79.34,79.77,2384556,0.0
2019-06-03,80.94,84.35,80.45,84.26,1985135,0.0
2019-06-04,84.8,85.14,80.99,82.34,1569782,0.0
2019-06-05,82.58,83.5,81.61,83.19,1192298,0.0
2019-06-06,83.74,84.87,83.17,83.63,1603769,0.0
2019-06-09,84.75,86.66,84.6,85.77,1841592,0.0
2019-06-10,87.24,87.42,83.66,85.34,1909840,0.0
2019-06-11,84.87,84.87,83.2,83.81,1138389,0.0
2019-06-12,84.23,85.0787,83.644,84.07,4804786,0.0
2019-06-13,81.41,83.52,80.15,83.21,6259574,0.0
2019-06-16,82.71,83.45,81.12,81.22,1544615,0.0
2019-06-17,82.4,85.74,81.85,85,2609659,0.0
2019-06-18,85.91,85.91,84.59,84.74,1558109,0.0
2019-06-19,87,87.16,85.23,85.55,1344969,0.0
2019-06-20,85.27,85.98,84.52,85.09,2212611,0.0
2019-06-23,85.11,85.59,84.68,85.15,1296086,0.0
2019-06-24,86.84,86.84,83.86,83.93,1766817,0.0
2019-06-25,85.75,87.54,85.06,87.18,2181124,0.0
2019-06-26,87.99,89.13,87,87.14,2108086,0.0
2019-06-27,87.61,88.65,86.61,86.65,2160857,0.0
2019-06-30,90.26,91.52,90,91.41,3672113,0.0
2019-07-01,91.4,91.49,89.3,89.74,1777369,0.0
2019-07-02,89.47,90.16,88.48,89.77,611489,0.0
2019-07-04,88.63,89.51,87.82,89.24,973558,0.0
2019-07-07,88.3,88.89,87.8,87.94,1115290,0.0
2019-07-08,87.16,89.31,87.13,89.2,1515105,0.0
2019-07-09,90.01,91.36,89.15,89.36,1088000,0.0
2019-07-10,89.25,90.05,88.3,89.73,1199369,0.0
2019-07-11,90.31,91.79,89.84,91.69,1350064,0.0
2019-07-14,92.1,92.83,91.62,92.6,1304965,0.0
2019-07-15,91.5,91.72,90.22,90.77,1441632,0.0
2019-07-16,90.79,91.3537,90.025,90.77,1012527,0.0
2019-07-17,91.14,92.98,90.85,92.94,1207288,0.0
2019-07-18,93.76,93.87,92.25,92.32,1765626,0.0
2019-07-21,92.98,94.17,92.735,93.53,1295155,0.0
2019-07-22,94.2,95.59,93.71,95.57,1608997,0.0
2019-07-23,97.45,100.06,96.67,99.82,3378962,0.0
2019-07-24,98.66,99.03,97.08,98.05,1401942,0.0
2019-07-25,98.64,98.73,97.42,98.12,999783,0.0
2019-07-28,98.38,98.69,97.41,98.35,1567314,0.0
2019-07-29,96.83,97.37,95.93,96.99,1830851,0.0
2019-07-30,96.8,96.8,92.87,94.39,2238265,0.0
2019-07-31,94.45,96.68,90.44,91.62,2340268,0.0
2019-08-01,91.16,91.16,87.86,88.07,2783693,0.0
2019-08-04,85.79,85.79,82.88,83.59,3167927,0.0
2019-08-05,85.33,86.49,84.01,85.06,3786732,0.0
2019-08-06,86,88.82,85.46,88.43,3531692,0.0
2019-08-07,88.72,90.83,88.01,90.81,1729396,0.0
2019-08-08,89.78,89.78,87.17,87.84,1611579,0.0
2019-08-11,86.96,87.9,86.53,87.26,1402816,0.0
2019-08-12,86.82,91.07,86.49,90.39,2423837,0.0
2019-08-13,87.09,88.235,86.46,86.86,1550299,0.0
2019-08-14,87.62,88,85.93,86.83,1003880,0.0
2019-08-15,87.97,88.825,87.5,88.38,1358261,0.0
2019-08-18,90.21,90.96,89.46,90.05,2522923,0.0
2019-08-19,89.62,89.9,88.485,88.89,1761355,0.0
2019-08-20,89.76,90.07,88.4,89.03,1078714,0.0
2019-08-21,88.6,89.96,88.02,89.6,1225181,0.0
2019-08-22,88.69,88.91,84.46,84.58,1953448,0.0
2019-08-25,86.25,86.406,84.06,84.77,2686120,0.0
2019-08-26,85.4,86.36,84.09,84.35,1513689,0.0
2019-08-27,83.97,85.1767,83.16,84.87,1081301,0.0
2019-08-28,86.51,87.37,86.14,86.56,1135763,0.0
2019-08-29,87.34,87.55,86.17,86.33,945757,0.0
2019-09-02,85.25,86.15,84.1,84.83,1556839,0.0
2019-09-03,86.39,86.93,82.59,86.54,6983093,0.0
2019-09-04,87.83,90.06,87.83,88.85,3571123,0.0
2019-09-05,89.16,90.93,88.675,90.56,2656940,0.0
2019-09-08,91.09,93.5,90.92,91.88,2507825,0.0
2019-09-09,91.22,92.62,90.8,92.62,1559378,0.0
2019-09-10,92.91,95.44,91.81,95.42,2345783,0.0
2019-09-11,96.43,96.455,94.4503,95.455,2509626,0.0
2019-09-12,95.92,95.97,94.94,95,1360782,0.0
2019-09-15,93.81,95,93.22,94.45,978461,0.0
2019-09-16,93.69,94.116,92.6477,93.73,1069276,0.0
2019-09-17,93.73,93.98,92.2,93.57,885244,0.0
2019-09-18,93.68,94,92.35,92.49,1060972,0.0
2019-09-19,92.44,93.25,90.32,90.36,2014889,0.0
2019-09-22,89.92,92.69,89.92,91.96,1140725,0.0
2019-09-23,92.28,92.59,89.94,90.66,1150879,0.0
2019-09-24,90.19,93.33,89.22,93,1229445,0.0
2019-09-25,93.13,93.13,91.36,92.37,2716112,0.0
2019-09-26,92.25,93.13,90.66,91.29,1196577,0.0
2019-09-29,91.52,93.35,91.3,92.9,1108181,0.0
2019-09-30,94.87,96.08,92.36,92.93,2476895,0.0
2019-10-01,91.9,92.16,90.22,90.54,1415801,0.0
2019-10-02,90.65,92.21,89.38,91.71,1247018,0.0
2019-10-03,92.52,93.79,92,93.74,2391123,0.0
2019-10-06,93.5,94,92.24,92.32,3200751,0.0
2019-10-07,91.19,91.39,89.09,89.22,3198783,0.0
2019-10-08,90.62,91.66,90.22,91.16,2394881,0.0
2019-10-09,91.54,93.17,91.17,92.4,3051271,0.0
2019-10-10,94.15,96.855,93.68,95.51,5176417,0.0
2019-10-13,94.98,95.79,94.32,95.68,1702462,0.0
2019-10-14,96.21,97.33,95.15,96.8,2706818,0.0
2019-10-15,96.6,97.36,95.93,96.08,2274505,0.0
2019-10-16,97.13,97.56,95.25,95.71,1752799,0.0
2019-10-17,95.57,95.67,93.17,95,2634256,0.0
2019-10-20,95.93,97.86,95.93,97.77,1241961,0.0
2019-10-21,97.33,97.83,96.26,96.38,1335104,0.0
2019-10-22,93.9,94.34,91.71,92.97,2801278,0.0
2019-10-23,92.62,94.78,92.62,94.17,1206950,0.0
2019-10-24,94.05,94.56,93.14,93.89,1469255,0.0
2019-10-27,95.65,96.285,95.2,95.59,1531932,0.0
2019-10-28,96.17,96.91,94.44,94.8,1321995,0.0
2019-10-29,97.31,97.47,94.99,95.36,1411855,0.0
2019-10-30,95.09,95.4,93.81,94.29,1100733,0.0
2019-10-31,95.58,97.41,95.444,96.99,1568016,0.0
2019-11-03,98.76,99.805,98.61,99.77,1880953,0.0
2019-11-04,99.76,101.57,98.76,99.98,3125069,0.0
2019-11-05,97.5,97.89,93.31,95.63,5414639,0.0
2019-11-06,96.1,96.9,94.62,95.36,3729884,0.0
2019-11-07,94.21,96.48,93.76,96.2,1548301,0.0
2019-11-10,95.28,95.98,94.47,94.56,1759818,0.0
2019-11-11,94.85,96,93.21,93.67,1704791,0.0
2019-11-12,92.68,94.48,92.5,94.1,1125688,0.0
2019-11-13,93.53,93.82,92.81,93.66,1171097,0.0
2019-11-14,95.06,95.355,94.11,94.59,1777552,0.0
2019-11-17,94.06,94.49,92.25,92.44,1377236,0.0
2019-11-18,93.14,93.47,91.5,92.65,1878448,0.0
2019-11-19,91.73,92.71,90.46,91.16,1659317,0.0
2019-11-20,91.24,91.75,90.291,91,1305534,0.0
2019-11-21,91.15,92.21,91.15,91.66,1072494,0.0
2019-11-24,92.31,93.695,92.26,93.63,1574373,0.0
2019-11-25,93.37,95.685,92.28,95.36,2252616,0.0
2019-11-26,95.97,96.08,95.11,95.63,1483052,0.0
2019-11-28,94.97,95.36,94.2711,94.57,536187,0.0
2019-12-01,95.15,95.38,93.67,94.2,2034958,0.0
2019-12-02,91.76,92.395,90.82,91.88,2353069,0.0
2019-12-03,95.64,96.95,94.5,96.52,3677170,0.0
2019-12-04,96.64,97.71,95.93,96.71,1636184,0.0
2019-12-05,98.01,99,97.67,98.76,1431107,0.0
2019-12-08,98.77,99.38,98.395,99,1235617,0.0
2019-12-09,99.29,99.59,98.24,98.46,1258031,0.0
2019-12-10,98.77,99.7899,98.31,99.35,1190697,0.0
2019-12-11,99.34,103.46,98.88,103.155,2371756,0.0
2019-12-12,102.93,104.65,101.84,102.08,2359668,0.0
2019-12-15,103.01,104.95,102.88,103.26,1961463,0.0
2019-12-16,103.5,103.62,102.41,102.41,1412563,0.0
2019-12-17,102.44,102.53,101.38,101.91,2396381,0.0
2019-12-18,102.24,102.525,101.44,102.36,1134668,0.0
2019-12-19,104.1,105.3,102.44,104.7,2219105,0.0
2019-12-22,104.94,105.57,104.27,104.98,909578,0.0
2019-12-23,104.81,105.145,104.01,105.05,396591,0.0
2019-12-25,105.25,105.93,104.76,105.93,630884,0.0
2019-12-26,106.06,106.16,105.09,105.53,499481,0.0
2019-12-29,105.52,105.58,104.29,105,867394,0.0
2019-12-30,105.04,105.28,103.76,104.77,1281458,0.0
2020-01-01,106.03,108.09,105.21,107.625,2355490,0.0
2020-01-02,105.4,106.8491,104.86,105.18,9694624,0.0
2020-01-05,103.66,104.23,103.01,103.73,1560579,0.0
2020-01-06,107.9,110.8,106.87,110.695,5933399,0.0
2020-01-07,110.6,110.76,108.83,109.27,2094975,0.0
2020-01-08,110.2,110.64,108.295,110.37,1830086,0.0
2020-01-09,110.6,111.15,109.34,110.83,2667418,0.0
2020-01-12,111.25,111.7,110.57,111.21,2016141,0.0
2020-01-13,110.63,112.4703,109.87,110.13,2951588,0.0
2020-01-14,109.26,109.48,106.92,107.64,5647331,0.0
2020-01-15,108.35,109.34,107.49,108.83,2049444,0.0
2020-01-16,109.08,109.97,108.45,109.42,1824867,0.0
2020-01-20,109,109.65,108.49,109.25,3491670,0.0
2020-01-21,109.77,110.97,108.8,109.35,2113498,0.0
2020-01-22,109.74,110.45,108.46,110.21,2968267,0.0
2020-01-23,111.32,111.37,106.29,107.22,4895277,0.0
2020-01-26,102.875,104.48,102.33,102.98,2379407,0.0
2020-01-27,104.15,105.16,103.58,104.21,1370331,0.0
2020-01-28,104.33,105.02,102.4,102.4,1457930,0.0
2020-01-29,101.56,102.09,99.65,101.56,2230006,0.0
2020-01-30,100.6,100.945,96.93,97.48,3446955,0.0
2020-02-02,98.34,98.67,97.27,97.55,1775545,0.0
2020-02-03,100.71,102.18,100.08,101.75,2938268,0.0
2020-02-04,107.99,111.55,105.24,108.55,5189014,0.0
2020-02-05,108.54,108.99,106.63,108.5,1949257,0.0
2020-02-06,107.66,107.99,105.89,106.21,2304523,0.0
2020-02-09,105.22,108.17,105.01,108.17,1477455,0.0
2020-02-10,109,110.78,108.14,108.86,2578657,0.0
2020-02-11,109.5,110.82,109.32,109.71,1560324,0.0
2020-02-12,109.02,110.96,108.13,110.37,1591489,0.0
2020-02-13,110.75,110.95,108.645,109.39,820506,0.0
2020-02-17,108.22,108.79,106.85,106.91,943538,0.0
2020-02-18,108.04,109.96,107.78,109.82,1363258,0.0
2020-02-19,108.77,109.54,107.085,108.12,1145706,0.0
2020-02-20,107.17,107.81,104.6,105.08,1650416,0.0
2020-02-23,101,102.8,99.94,100.11,3032652,0.0
2020-02-24,100.92,101.09,96.27,97.19,2445408,0.0
2020-02-25,98.4,99.43,94.15,94.77,3215743,0.0
2020-02-26,92.12,93.77,89.76,89.76,3605148,0.0
2020-02-27,86.79,92.4,86,90.8,4805022,0.0
2020-03-01,91.6,95.28,90.09,95.28,4045485,0.0
2020-03-02,94.265,96.97,89.2,89.41,5145306,0.0
2020-03-03,90.81,93.6,89.03,93.25,4010669,0.0
2020-03-04,90.03,91.568,88.08,88.68,4796194,0.0
2020-03-05,85.39,88.695,84.93,86.96,4485524,0.0
2020-03-08,80.38,82.36,77.95,77.95,5522326,0.0
2020-03-09,80.98,82,76.05,81.46,5849472,0.0
2020-03-10,78.95,80.11,73.22,73.39,19622112,0.0
2020-03-11,69.76,70.41,61.84,61.89,9458213,0.0
2020-03-12,66.75,69.99,62.39,69.97,6060449,0.0
2020-03-15,61.45,65.7,55.77,55.78,11742466,0.0
2020-03-16,58.55,62.97,54.86,62.5,6497467,0.0
2020-03-17,56.32,60.84,54.57,57.95,5756067,0.0
2020-03-18,55.57,63.04,53.15,60.6,12368116,0.0
2020-03-19,62.12,64.38,58.29,59.64,4530963,0.0
2020-03-22,61.43,68.64,61.43,65.51,8809273,0.0
2020-03-23,69.89,75.99,69.89,75.74,7881362,0.0
2020-03-24,75.72,78.33,73.79,74.93,8249644,0.0
2020-03-25,75.45,76.1,72.29,74.52,4017319,0.0
2020-03-26,71.44,71.94,67.94,68.18,4215212,0.0
2020-03-29,69.4,70.66,67.33,68.99,5803124,0.0
2020-03-30,68.11,70.93,67.375,67.73,4602689,0.0
2020-03-31,65.1,66.97,62,62.8,3431503,0.0
2020-04-01,61.76,65.21,61.62,64.98,3638931,0.0
2020-04-02,64.35,66.01,63.02,64.04,2623429,0.0
2020-04-05,67.56,74.4,67.25,73.98,8064628,0.0
2020-04-06,76.6,77,72.49,73.33,7668200,0.0
2020-04-07,75.38,80.03,74.39,79.51,5535098,0.0
2020-04-08,79.5,83.89,77.86,78.51,5742173,0.0
2020-04-12,78.13,80.05,76.51,79.56,4491840,0.0
2020-04-13,81.61,83.41,80.6,81.92,4607295,0.0
2020-04-14,79.48,79.64,77.3216,78.59,6656522,0.0
2020-04-15,78.93,79.67,76.6609,77.5,9453248,0.0
2020-04-16,80.59,81.47,78.18,80.34,8087855,0.0
2020-04-19,78.96,80.06,77.56,77.72,4799852,0.0
2020-04-20,76.49,77.1,74.58,74.78,8238467,0.0
2020-04-21,78.01,79.35,76.76,79.09,3862751,0.0
2020-04-22,79,80.99,78.5,78.8,4735476,0.0
2020-04-23,79.23,82.42,78.8,82.01,5814470,0.0
2020-04-26,82.6,84.87,82.6,84.75,6065307,0.0
2020-04-27,87.62,89.79,86.31,87.35,3347852,0.0
2020-04-28,90.05,92.72,89.55,92.28,2839350,0.0
2020-04-29,91.48,91.6,87.08,87.67,5034988,0.0
2020-04-30,85.47,85.62,81.36,81.52,2894728,0.0
2020-05-03,81.71,82.15,80.12,82.01,4127856,0.0
2020-05-04,83.65,86.57,82.97,83.49,2008119,0.0
2020-05-05,85,85.538,83.345,83.7,2565866,0.0
2020-05-06,85.46,87.08,84.56,85.33,5201277,0.0
2020-05-07,84.84,89.83,83.5,89.68,3140760,0.0
2020-05-10,88,89.64,87.13,88.27,3605262,0.0
2020-05-11,88.09,89.91,85.99,86,1704691,0.0
2020-05-12,87.11,87.35,82.56,83.92,4085624,0.0
2020-05-13,82.7868,85.94,81.0949,85.85,4057176,0.0
2020-05-14,82.62,83.99,82.13,83.58,3873526,0.0
2020-05-17,85.81,89.51,85.56,88.99,1916562,0.0
2020-05-18,88.46,90.52,88.09,88.14,1753106,0.0
2020-05-19,89.54,92.1,89.02,91.3,7456572,0.0
2020-05-20,90.47,91.48,87.471,87.62,2249110,0.0
2020-05-21,86.92,88.18,86.4349,87.81,1602837,0.0
2020-05-25,91.46,95.165,91,93.895,4849957,0.0
2020-05-26,95.37,99.24,95.07,96.71,10027255,0.0
2020-05-27,96.54,98.72,95.01,95.41,11375100,0.0
2020-05-28,95.65,97.87,95.125,96.02,6049783,0.0
2020-05-31,94.98,96.64,94.05,95.7,2152850,0.0
2020-06-01,96.25,98.2,95.93,96.94,6364682,0.0
2020-06-02,103.05,109.79,102.8,108.79,7392070,0.0
2020-06-03,108.09,108.76,105.74,106.89,7009872,0.0
2020-06-04,109.16,113.28,109.16,109.92,6900660,0.0
2020-06-07,111.07,111.62,106.46,108.47,6146838,0.0
2020-06-08,106.96,108.49,105.29,105.63,8578756,0.0
2020-06-09,106.5,106.51,103.66,104.27,2464542,0.0
2020-06-10,101.5,101.97,97.165,97.4,6206957,0.0
2020-06-11,101.46,102.59,98.66,98.67,469321,0.0
2020-06-14,96.62,101.34,96.51,101.28,1966817,0.0
2020-06-15,104.98,105.97,102,103.81,2288463,0.0
2020-06-16,104.83,105.91,103.85,104.58,2074082,0.0
2020-06-17,103.89,104.85,103.19,104.29,2741053,0.0
2020-06-18,106.89,107.58,103.42,103.46,4505537,0.0
2020-06-21,103.76,104.3,102.04,103.745,1129400,0.0
2020-06-22,105.02,105.56,103.99,104.07,951374,0.0
2020-06-23,103.05,104.08,100.55,101.03,2568270,0.0
2020-06-24,99.97,102.19,99,101.97,1469701,0.0
2020-06-25,101.7,101.94,99.5,100.13,1305383,0.0
2020-06-28,100.84,103.24,99.41,102.6,1717148,0.0
2020-06-29,102.86,105.76,102.24,105.32,2274488,0.0
2020-06-30,105.1295,105.48,103.11,103.11,1377895,0.0
2020-07-01,105.4,106.28,103.94,104.65,1931841,0.0
2020-07-05,106.74,108.87,106.01,107.73,1285071,0.0
2020-07-06,107.29,107.87,104.8,105,1976887,0.0
2020-07-07,104.96,105.395,102.53,103.99,4295259,0.0
2020-07-08,103.82,109.34,101.6,107.54,4955063,0.0
2020-07-09,108.6,108.6,105.22,106.61,1695530,0.0
2020-07-12,108.72,110.1225,104.46,104.53,2658436,0.0
2020-07-13,103.88,107.85,103.31,107.58,3164494,0.0
2020-07-14,108.37,108.845,106.71,107.88,1473502,0.0
2020-07-15,106.14,106.84,105.02,105.71,1544715,0.0
2020-07-16,106.47,107.11,105.23,105.67,1781511,0.0
2020-07-19,106.1,107.91,104.985,107.75,1759028,0.0
2020-07-20,107.74,108.65,106.38,106.69,1591931,0.0
2020-07-21,107.14,107.39,104.37,104.49,2098524,0.0
2020-07-22,104.39,104.93,101.2,101.56,1583788,0.0
2020-07-23,100.6635,102.56,99.331,100.21,2210027,0.0
2020-07-26,101.81,104.37,101.25,103.08,2565939,0.0
2020-07-27,102.56,102.56,100.07,100.53,1340067,0.0
2020-07-28,101,103.19,100.685,102.8,1425714,0.0
2020-07-29,100.52,102.38,99.75,102.21,1903091,0.0
2020-07-30,102.19,102.65,100.42,101.72,1318537,0.0
2020-08-02,102.51,105.16,102.27,104.845,1242457,0.0
2020-08-03,104.22,107.65,104.19,107.31,2278955,0.0
2020-08-04,100.0744,100.76,97.86,98.5,7033687,0.0
2020-08-05,98.01,99.19,97.51,99.19,2047384,0.0
2020-08-06,99.18,99.7984,97.665,98.97,2008715,0.0
2020-08-09,99.135,100.3334,98.44,100.26,1475236,0.0
2020-08-10,100.6,103.15,100.48,100.64,2275162,0.0
2020-08-11,101.86,102.42,101.04,102.09,1467781,0.0
2020-08-12,102.29,102.31,100.1,100.58,1668711,0.0
2020-08-13,100.39,101.07,99.93,100.2,972043,0.0
2020-08-16,100.6,103.58,100.44,103.36,1813919,0.0
2020-08-17,103.91,107.66,103.53,107.26,5457243,0.0
2020-08-18,107.67,110.99,107.01,108.11,4928708,0.0
2020-08-19,106.53,107.35,104.18,104.93,1896243,0.0
2020-08-20,104.6,108.385,103.493,107.94,3684627,0.0
2020-08-23,108.39,109.42,105.34,107.38,1925050,0.0
2020-08-24,107.5,109.19,107.21,108.99,1265971,0.0
2020-08-25,107.82,108.61,107.1255,107.62,1277830,0.0
2020-08-26,109.32,109.32,106.41,107.44,1160328,0.0
2020-08-27,107.7,110.55,107.46,110.53,1018929,0.0
2020-08-30,110,110.44,109.15,109.66,1407900,0.0
2020-08-31,109.92,112.39,109.21,112.37,1418492,0.0
2020-09-01,113,115.105,111.5,114.7,2080925,0.0
2020-09-02,113.37,113.431,108.22,109.01,1941549,0.0
2020-09-03,108.66,109.7,104.66,108.16,1933144,0.0
2020-09-07,104.97,106.25,102.79,102.84,1784892,0.0
2020-09-08,101.99,103.29,100.84,101.44,2961350,0.0
2020-09-09,103.18,103.75,99.93,100.59,1398273,0.0
2020-09-10,101.5,102.416,99.57,100.7,1075535,0.0
2020-09-13,103.05,103.335,101.59,102.21,990956,0.0
2020-09-14,103.47,104.21,102.57,103.68,990986,0.0
2020-09-15,104.19,105.42,103.29,103.57,1045556,0.0
2020-09-16,100.06,103.84,99.83,103.57,1105863,0.0
2020-09-17,103.79,104.31,99.81,101.41,2180511,0.0
2020-09-20,99.5,99.82,96.16,98.5,2026907,0.0
2020-09-21,99,99.47,97.99,99.21,1292982,0.0
2020-09-22,99.25,100.31,97.3,97.54,1262314,0.0
2020-09-23,96.82,99.1,96.31,97.77,1276925,0.0
2020-09-24,97.35,99.27,95.53,99.07,1234054,0.0
2020-09-27,101.11,103.09,100.51,103.09,1421665,0.0
2020-09-28,102.74,104.04,102.01,102.75,1106293,0.0
2020-09-29,103.04,104.67,102.43,102.77,1857858,0.0
2020-09-30,106.08,108.01,105.01,107.03,1805556,0.0
2020-10-01,104.25,107.33,103.76,103.76,1030507,0.0
2020-10-04,104.74,107.41,104.74,107.33,980439,0.0
2020-10-05,107.34,109.89,106.26,106.49,887585,0.0
2020-10-06,108.38,109.18,107.73,108.89,948152,0.0
2020-10-07,109.295,111.82,109.295,111.54,1571023,0.0
2020-10-08,114.24,116.56,113.22,113.98,1324767,0.0
2020-10-11,115.36,115.5,113.62,114.15,1650440,0.0
2020-10-12,112.76,113,111.08,111.55,1507806,0.0
2020-10-13,111.61,112.3,110.46,110.71,918121,0.0
2020-10-14,109.36,111.456,108.8601,111.34,739842,0.0
2020-10-15,111.76,112.34,110.73,110.74,822691,0.0
2020-10-18,114.99,115.04,111,111.65,1048447,0.0
2020-10-19,112.21,113.775,111.22,111.23,977272,0.0
2020-10-20,111.36,112.31,109.84,110.42,835822,0.0
2020-10-21,110.51,112.88,109.55,112.61,743177,0.0
2020-10-22,113.36,113.36,111.72,112.55,628611,0.0
2020-10-25,111.3,111.56,108.06,109.82,719084,0.0
2020-10-26,109.84,110.58,107.69,107.9599,840003,0.0
2020-10-27,106.05,106.52,102.4,102.48,1575941,0.0
2020-10-28,102.47,107.53,102.345,106.31,1318277,0.0
2020-10-29,105,106.4,103.725,105.27,1164507,0.0
2020-11-01,106.87,106.98,103.99,105.12,1000332,0.0
2020-11-02,106.29,109.64,106.21,108.97,1308827,0.0
2020-11-03,111.55,114.08,108.54,113.32,1533778,0.0
2020-11-04,115.31,118.63,114.005,118.45,2183122,0.0
2020-11-05,122.32,126.79,120.05,125.27,3192070,0.0
2020-11-08,130.99,131.65,126.29,126.37,1757915,0.0
2020-11-09,124.59,125.71,121.25,121.81,1663270,0.0
2020-11-10,123.74,126.985,123.01,126.27,1374339,0.0
2020-11-11,125.73,126.55,122.93,123.45,844432,0.0
2020-11-12,125.15,127.14,124.705,126.315,645285,0.0
2020-11-15,127.84,129.74,126.305,129.74,852533,0.0
2020-11-16,127.62,128.51,125.97,127.41,1059527,0.0
2020-11-17,127.27,127.79,124.74,124.76,853989,0.0
2020-11-18,123.29,127.68,122.8866,127.53,860633,0.0
2020-11-19,129.92,135.29,129.3572,130.89,6381881,0.0
2020-11-22,130.7,132.39,129.56,131.49,1608253,0.0
2020-11-23,132.97,134.64,131.02,133.62,1028769,0.0
2020-11-24,132.46,133.53,131.2,131.98,1080615,0.0
2020-11-26,133.77,133.99,132.3,133.01,564170,0.0
2020-11-29,133,134.81,131.325,134.54,1241324,0.0
2020-11-30,136.9932,138.84,133.87,136.97,1987602,0.0
2020-12-01,135.48,138,135.38,137.39,1372072,0.0
2020-12-02,137.81,140.52,137.13,138.51,2137914,0.0
2020-12-03,138.6,144.49,138.325,144.27,1800928,0.0
2020-12-06,143.76,145.34,142.6,145.05,971312,0.0
2020-12-07,143.75,145.27,143.17,144.66,1073437,0.0
2020-12-08,142.75,144.27,138.22,139.89,1935865,0.0
2020-12-09,139.56,142.05,138.575,139.84,1175519,0.0
2020-12-10,137.98,141.36,137.5637,140.65,1206539,0.0
2020-12-13,141.77,142.9999,140.68,141.5,1066548,0.0
2020-12-14,143.76,143.98,140.11,141.25,1770409,0.0
2020-12-15,141.03,141.86,138.01,138.83,2256344,0.0
2020-12-16,140.88,141.68,139.29,139.69,1078849,0.0
2020-12-17,140.58,140.58,136.69,138.22,1607949,0.0
2020-12-20,134.86,138.38,134.48,138,1891197,0.0
2020-12-21,137.87,139.1,136.11,137,974117,0.0
2020-12-22,136.83,137.94,135.87,135.87,905737,0.0
2020-12-23,136.24,137.5,135.3,136.77,375030,0.0
2020-12-27,138.09,138.58,135.92,136.19,633630,0.0
2020-12-28,137.53,137.53,133.961,135.2,762836,0.0
2020-12-29,136.57,137.26,135.6,136.76,1255303,0.0
2020-12-30,136.63,138.19,135.63,137.9,566642,0.0
2021-01-03,138.95,142.26,136.4201,137.17,1782329,0.0
2021-01-04,137.55,140.34,137.29,140.33,1472557,0.0
2021-01-05,141.82,146.9,140.2,142.83,2538786,0.0
2021-01-06,144.73,149.36,144.63,148.71,2530161,0.0
2021-01-07,151.67,152.85,146.36,147.55,2257580,0.0
2021-01-10,145.04,148.48,144.67,147.78,2151780,0.0
2021-01-11,147.57,150.41,145.44,149.32,2388740,0.0
2021-01-12,149.79,151.56,148.77,150.65,1130731,0.0
2021-01-13,151.63,154.27,151.385,153.29,1337121,0.0
2021-01-14,152.34,152.6,148.37,148.5,1257419,0.0
2021-01-18,150.685,153.76,149.65,153.31,933449,0.0
2021-01-19,154.48,155.36,152,152.46,998407,0.0
2021-01-20,153.01,153.6,150.56,152.33,798528,0.0
2021-01-21,151.3,152.17,149.83,150.04,742179,0.0
2021-01-24,150.77,151.68,146.83,149.18,1082970,0.0
2021-01-25,149.18,149.18,144.54,145.09,1343746,0.0
2021-01-26,139.45,139.63,132.54,132.89,2964261,0.0
2021-01-27,136.875,140.415,135.02,138.65,2363762,0.0
2021-01-28,137.32,138.6,134.39,136.06,1321140,0.0
2021-01-31,139.7,142.72,137.62,142.3,1555515,0.0
2021-02-01,144.74,146.88,141.9,144.03,1297325,0.0
2021-02-02,142.82,144.47,139.62,139.82,2040735,0.0
2021-02-03,140.31,145.84,138.63,144.41,3983347,0.0
2021-02-04,146.5,147,140.25,145.46,2608314,0.0
2021-02-07,146.34,152.69,146.34,152.54,2102225,0.0
2021-02-08,151.8,153.69,150.67,152.06,2073849,0.0
2021-02-09,152.44,154.52,149.44,151.78,1262784,0.0
2021-02-10,152.52,157.78,151.64,157.63,1590672,0.0
2021-02-11,156.57,159.9,155.8,159.52,1023616,0.0
2021-02-15,160.81,162.8746,159.8358,162.37,1482816,0.0
2021-02-16,166.61,166.67,160.99,163.03,4346269,0.0
2021-02-17,159.98,160.93,154.92,156.54,2344323,0.0
2021-02-18,158.94,162.9,158.1,162.35,1522112,0.0
2021-02-21,159.2,161.07,154.52,155.18,1454602,0.0
2021-02-22,153,156.15,147.2,154.87,1999023,0.0
2021-02-23,152.55,157.75,151.835,157.28,2016125,0.0
2021-02-24,155.58,156.43,146.73,147.55,1773121,0.0
2021-02-25,150.24,154.71,146.43,152.6,1921131,0.0
2021-02-28,154.99,158.36,153.64,158.3,1418729,0.0
2021-03-01,156.05,157.57,151.88,152.03,1324191,0.0
2021-03-02,151.4,154.04,147.63,148.02,2272460,0.0
2021-03-03,148.17,149.21,138.7,139.99,2109780,0.0
2021-03-04,144.04,145.96,135.5244,145.44,2820023,0.0
2021-03-07,144.34,146.44,136.5,136.75,1809099,0.0
2021-03-08,142.03,146.68,141.07,145.45,1789548,0.0
2021-03-09,148.38,148.395,141.27,141.32,1636138,0.0
2021-03-10,145.85,149.45,145,148.26,1741479,0.0
2021-03-11,144.91,147.82,143.73,147.46,1221123,0.0
2021-03-14,146.37,149.91,146.05,149.73,1116300,0.0
2021-03-15,150.78,153.52,148.6,149.88,1806208,0.0
2021-03-16,147.62,154.32,146.68,153.91,1118715,0.0
2021-03-17,149.6,151.59,145.26,145.46,1545168,0.0
2021-03-18,146,152.29,143.25,150.07,2110141,0.0
2021-03-21,152.88,156.57,152.64,154.9,1880120,0.0
2021-03-22,158.24,158.24,148.43,150,1612451,0.0
2021-03-23,152.65,153.08,146.69,146.72,1311241,0.0
2021-03-24,144.47,148.2,142.31,147.04,1413006,0.0
2021-03-25,146.71,155.71,146.27,155.6,1585097,0.0
2021-03-28,153.13,154.27,148.81,150.85,1179654,0.0
2021-03-29,149.91,151.28,148.6745,150.03,1069200,0.0
2021-03-30,152.2,156.22,151.64,155.21,1436907,0.0
2021-03-31,157.5,160.38,156.8,160.27,1684693,0.0
2021-04-04,163.24,164.48,160.91,163.82,1473513,0.0
2021-04-05,162.44,164.28,160.08,160.74,1101724,0.0
2021-04-06,161.2,161.95,158.86,159.64,966409,0.0
2021-04-07,161.31,161.9,158.73,161.87,1103845,0.0
2021-04-08,160.73,162.51,159.9336,161.73,886019,0.0
2021-04-11,160.3505,160.73,157.04,158.84,1044051,0.0
2021-04-12,159.7,160.56,154.29,157.36,1296475,0.0
2021-04-13,156.51,159.48,155.4,156.4,743661,0.0
2021-04-14,158.79,160.82,157.16,160.42,1053932,0.0
2021-04-15,160.08,160.59,158.11,158.27,794188,0.0
2021-04-18,157.7,158.06,152.7,154.02,1138997,0.0
2021-04-19,153.04,153.49,148.6851,149.61,1159725,0.0
2021-04-20,149.38,154.94,147.9012,154.66,1461644,0.0
2021-04-21,154.3,155.15,150.47,151.36,1255728,0.0
2021-04-22,153.13,157.22,152.76,156.37,1567901,0.0
2021-04-25,156.18,159.96,155.72,159.1,810740,0.0
2021-04-26,159.45,161.415,157.3,157.41,1092109,0.0
2021-04-27,156.67,156.76,154.02,154.61,1273178,0.0
2021-04-28,156.08,156.86,153.57,156.01,847622,0.0
2021-04-29,153.21,154.88,149.56,150.25,1462934,0.0
2021-05-02,152.45,152.82,147.321,148.07,1349899,0.0
2021-05-03,146.59,146.74,143.21,144.85,2313779,0.0
2021-05-04,147.1,149.2707,144.21,145.6,1694618,0.0
2021-05-05,145.38,146.75,143.32,146.25,2182212,0.0
2021-05-06,152.4172,152.4172,148.08,149.65,2191495,0.0
2021-05-09,148.76,149.12,143.2,143.3,1678051,0.0
2021-05-10,140.41,145.85,138.62,145.51,1911597,0.0
2021-05-11,141.95,143.08,138.54,139.13,1853307,0.0
2021-05-12,141.47,143.93,139.71,142.12,1538807,0.0
2021-05-13,144.2,147.06,142.39,145.449,1372550,0.0
2021-05-16,143.5,144.52,140.8,143.53,867051,0.0
2021-05-17,142.6,145.7399,142.28,142.39,1085784,0.0
2021-05-18,139.85,147.56,139.36,146.99,1678300,0.0
2021-05-19,147.55,151.95,147.55,151.17,1512484,0.0
2021-05-20,151.23,151.88,148.59,149.81,1363596,0.0
