Date,Open,High,Low,Close,Volume,OpenInterest
2017-05-30,281.64,283,272.675,275.04,614875,0.0
2017-05-31,277.01,280.98,272.11,280.53,404212,0.0
2017-06-01,279.99,282.72,277.5,280.37,264498,0.0
2017-06-04,277.43,281.1,276,278.9,253773,0.0
2017-06-05,278.5,285.51,277.0201,280.05,353077,0.0
2017-06-06,281.03,287.41,280.62,285.25,290566,0.0
2017-06-07,288.11,289.65,282.06,288.12,354507,0.0
2017-06-08,289.49,293.33,268.43,274.96,471515,0.0
2017-06-11,273.97,274.912,264.25,270.32,599237,0.0
2017-06-12,266.95,275.635,265.025,272.99,385674,0.0
2017-06-13,273.87,274.97,264.77,265,408832,0.0
2017-06-14,261.07,264.1,255.15,263.22,693913,0.0
2017-06-15,263.05,266.98,260.91,263.61,513571,0.0
2017-06-18,268.35,275.53,267.91,274.23,416975,0.0
2017-06-19,274.34,275.64,270,271.27,376695,0.0
2017-06-20,268.44,277.4,264.81,277.1,432543,0.0
2017-06-21,277.36,280.34,272.6,275.68,434236,0.0
2017-06-22,271.28,277.73,268.59,275.23,356016,0.0
2017-06-25,276.09,278.69,267.7,268.01,292224,0.0
2017-06-26,265.59,265.59,255.66,255.78,523679,0.0
2017-06-27,260,263.23,250.34,262.14,696311,0.0
2017-06-28,259.85,262.7,247.48,252.43,548669,0.0
2017-06-29,254.1,254.48,249.127,250.89,325334,0.0
2017-07-02,254.03,254.97,248.53,250.87,162831,0.0
2017-07-04,250.39,253.83,246.2,248.98,591692,0.0
2017-07-05,246.01,252.29,245.5,251.01,437972,0.0
2017-07-06,252.24,257.9,252.18,255.67,435653,0.0
2017-07-09,256.99,261.47,253.15,259.82,422457,0.0
2017-07-10,258.57,263.39,256.465,262.38,402778,0.0
2017-07-11,267.54,274.69,266.065,274.35,572181,0.0
2017-07-12,273.4,276,269.8,271.68,404514,0.0
2017-07-13,273.41,274.17,268.5881,273.52,352630,0.0
2017-07-16,274,278.9999,272.76,276.12,573522,0.0
2017-07-17,275,281.1,273.3033,280.11,352816,0.0
2017-07-18,280,281.4799,278.23,280.69,384144,0.0
2017-07-19,281.09,284.01,279.3255,282,366726,0.0
2017-07-20,281.2,282.1,279.18,280.16,294798,0.0
2017-07-23,280.97,283.26,280.4,282.38,321332,0.0
2017-07-24,281.51,282.5,275.9,279.26,545273,0.0
2017-07-25,279.63,286.03,278.51,286.03,555566,0.0
2017-07-26,287,290.992,280.05,286.63,1231529,0.0
2017-07-27,285.9,290.79,284.6083,288.88,612498,0.0
2017-07-30,291.44,292.9,286.37,288.45,579132,0.0
2017-07-31,288.51,290.74,287.89,288.95,669059,0.0
2017-08-01,293.69,293.8645,281.39,286.6,700493,0.0
2017-08-02,287,293.21,286.77,292.58,604846,0.0
2017-08-03,262.3,272.09,258.12,260.29,3654048,0.0
2017-08-06,258.06,265.5,252.85,256.27,1234759,0.0
2017-08-07,256.17,259.17,251.05,251.92,633448,0.0
2017-08-08,249.6,252.15,245.12,251.52,971733,0.0
2017-08-09,250,251.43,232.17,232.63,1563854,0.0
2017-08-10,234.17,240.885,232.63,240.15,1053808,0.0
2017-08-13,243.2,243.2,234.55,236.97,665410,0.0
2017-08-14,237.17,237.93,234.6,236.17,423744,0.0
2017-08-15,238.89,242.65,236.71,241.86,458156,0.0
2017-08-16,240.4,242.065,233.95,234.16,615343,0.0
2017-08-17,234.09,238.4399,232.72,236.14,502741,0.0
2017-08-20,235.29,242.64,235.29,242.06,523181,0.0
2017-08-21,241.96,244.8202,241.75,243.3,615360,0.0
2017-08-22,242,244.79,241.37,243.67,238228,0.0
2017-08-23,244.57,245.17,240.6354,243.62,418561,0.0
2017-08-24,249.84,249.95,244.875,246.59,540888,0.0
2017-08-27,246.67,248.28,241.67,242.53,325551,0.0
2017-08-28,240,243.75,238.25,240.83,493671,0.0
2017-08-29,242.31,247.13,240.15,246.87,825968,0.0
2017-08-30,248.99,259.4,247.29,258.46,664251,0.0
2017-08-31,258.01,258.73,251.37,251.93,397399,0.0
2017-09-04,252.6,257.76,251.51,256.63,453957,0.0
2017-09-05,257.67,259.35,251.92,258.1,365307,0.0
2017-09-06,258.92,260.95,256.16,258.68,328688,0.0
2017-09-07,258.21,262.25,258.21,260.08,255764,0.0
2017-09-10,265.08,286.66,265.07,285.22,973710,0.0
2017-09-11,284.17,295.68,281.88,290.79,841309,0.0
2017-09-12,290,293.31,287.57,292.22,272274,0.0
2017-09-13,290.57,292.44,287.54,287.94,347360,0.0
2017-09-14,287.51,289.425,281.28,282.56,396440,0.0
2017-09-17,282.95,290.97,281.75,289.83,476212,0.0
2017-09-18,289.19,290.25,285,289.96,362262,0.0
2017-09-19,289.33,296.35,287.06,290.17,570013,0.0
2017-09-20,291.3,291.85,279.605,281.84,449266,0.0
2017-09-21,280.07,283.68,279.27,279.46,396000,0.0
2017-09-24,279.73,279.82,262.23,270.2,846421,0.0
2017-09-25,271.51,273.66,265.11,269.27,416970,0.0
2017-09-26,270.08,275.29,266.84,267.18,351082,0.0
2017-09-27,266.16,268.88,260.07,261.99,432258,0.0
2017-09-28,263.6,265.9,257.84,258.93,510151,0.0
2017-10-01,258.92,266.98,258.92,263.56,464148,0.0
2017-10-02,262.57,264.61,256.27,264.36,514428,0.0
2017-10-03,264.36,270.97,260.01,263.8,531488,0.0
2017-10-04,265.68,271.535,263.83,270.29,312678,0.0
2017-10-05,268.35,272.71,265.03,268.7,320329,0.0
2017-10-08,268.82,272.25,268,269.87,301276,0.0
2017-10-09,272.23,276.0454,269.37,273.65,441627,0.0
2017-10-10,274.15,275.91,272.06,274.49,432187,0.0
2017-10-11,259,260,241.71,246.25,2525515,0.0
2017-10-12,245.87,251.18,241.505,244.86,1022884,0.0
2017-10-15,245.11,248.9,228.74,233.02,1800985,0.0
2017-10-16,232.17,237.51,230.87,234.79,883594,0.0
2017-10-17,240.06,243.8,237.22,242.41,1000876,0.0
2017-10-18,241.91,241.91,233.2,236,699557,0.0
2017-10-19,237,237.65,233.8,235.72,608491,0.0
2017-10-22,227.56,232.5,223.22,226.56,997114,0.0
2017-10-23,226.5,230.85,222.1,225.45,842376,0.0
2017-10-24,224.45,228.13,217.06,221.57,643868,0.0
2017-10-25,226.3,230,222.74,228.99,862628,0.0
2017-10-26,231.4,238.82,228.97,235.96,670477,0.0
2017-10-29,232.02,237.5,229.63,234.76,516819,0.0
2017-10-30,236.24,240.93,233.505,240.38,293600,0.0
2017-10-31,242.5,243.89,233.58,239.02,510230,0.0
2017-11-01,240.48,240.48,234.67,236.41,617180,0.0
2017-11-02,256.25,273.78,251.9703,267.33,2167893,0.0
2017-11-05,265.63,274.45,263.06,268.795,586082,0.0
2017-11-06,269.31,269.35,259.51,265.63,463442,0.0
2017-11-07,264.01,268,259.01,260.09,328051,0.0
2017-11-08,253.98,268.6,250.83,266.46,1023689,0.0
2017-11-09,264.6,273.82,261.54,271,661311,0.0
2017-11-12,265.23,273.675,262.74,267.02,385646,0.0
2017-11-13,264.39,267.07,259.175,262.58,296703,0.0
2017-11-14,260.3,266.96,258.06,263.56,250832,0.0
2017-11-15,263.49,267.88,259.1,262.44,565484,0.0
2017-11-16,265.17,270.6,259.12,269.58,508190,0.0
2017-11-19,268.6,271.98,263.57,265.79,368635,0.0
2017-11-20,266.5,270.36,265.84,268.759,287290,0.0
2017-11-21,267.74,269.007,263.43,265.85,225628,0.0
2017-11-23,265.76,272.61,265.335,271.18,195595,0.0
2017-11-26,272.38,277.89,271.02,272.61,477621,0.0
2017-11-27,270.79,272.16,263.71,269.84,379764,0.0
2017-11-28,269.73,272.42,266.21,267.93,643080,0.0
2017-11-29,271.44,276.48,270.36,275.32,530136,0.0
2017-11-30,273.54,282.55,270.5001,272.97,551263,0.0
2017-12-03,275,281.35,271.52,271.76,691237,0.0
2017-12-04,272.8,278.69,269.77,270.81,626989,0.0
2017-12-05,269.8,274.39,267.01,272.26,421882,0.0
2017-12-06,271.46,273.72,268.9,272.68,257503,0.0
2017-12-07,275.41,280.64,273.201,276.49,345449,0.0
2017-12-10,276.05,289.28,276,288.81,572106,0.0
2017-12-11,286.43,298.8,285.14,295.06,763611,0.0
2017-12-12,310.55,321.54,307.53,318.99,1437961,0.0
2017-12-13,316.1,329,314.61,321.08,704166,0.0
2017-12-14,322.91,323.71,315.25,318.99,554074,0.0
2017-12-17,322.81,329.06,319.79,326.05,382206,0.0
2017-12-18,326.03,334.99,322.57,329.27,585050,0.0
2017-12-19,317.5,322.99,311.04,314.94,1076690,0.0
2017-12-20,314.28,321.355,314.28,318.49,288641,0.0
2017-12-21,318.94,320.28,313.11,314.58,355556,0.0
2017-12-25,314.35,323.35,313.4,318.49,421195,0.0
2017-12-26,318.6,320.785,315,318.985,460156,0.0
2017-12-27,319.4,322.48,314.11,315.61,321254,0.0
2017-12-28,314.49,318.21,312.69,314.7,313151,0.0
2018-01-01,317.49,322.635,316.99,322.58,248381,0.0
2018-01-02,324.67,329.97,322.5,329.24,339110,0.0
2018-01-03,329.89,332.94,322.55,325.88,299970,0.0
2018-01-04,329.2,336.485,328.595,330.64,389591,0.0
2018-01-07,328.12,341.47,327.66,340.5,272992,0.0
2018-01-08,343.29,344.18,336,337.38,190817,0.0
2018-01-09,336.12,339.98,333.23,339.59,543419,0.0
2018-01-10,341.11,343.19,336.67,342.01,222814,0.0
2018-01-11,342.63,344.52,338.01,342.47,243547,0.0
2018-01-15,345.94,348.17,339.0673,339.82,274483,0.0
2018-01-16,342.66,345.9199,340.28,340.45,255013,0.0
2018-01-17,340.45,347.28,338.41,341.88,460489,0.0
2018-01-18,340.94,345.86,340,345.32,231727,0.0
2018-01-21,355.5,355.66,343.35,352.27,318128,0.0
2018-01-22,354.08,356.8107,353.14,355.31,323874,0.0
2018-01-23,362.61,363.76,347.2,355.6,374015,0.0
2018-01-24,359,360.52,352.48,359.93,432085,0.0
2018-01-25,365.12,383.69,365.12,381.31,742081,0.0
2018-01-28,382.1,395.665,382.04,390.37,872355,0.0
2018-01-29,385.88,387.02,375.02,386.5,515002,0.0
2018-01-30,386.15,392,384.07,387.099,241977,0.0
2018-01-31,385.75,387.895,377.55,378.78,279105,0.0
2018-02-01,377.04,379.94,367.001,368.24,389071,0.0
2018-02-04,363.1,374.455,351.9,351.91,435305,0.0
2018-02-05,345.09,358.35,336.66,350.32,828309,0.0
2018-02-06,348.1,357.97,343.12,343.64,520569,0.0
2018-02-07,346.71,350.53,337.62,345.32,756192,0.0
2018-02-08,348.68,358.19,320.2,335.8,1267834,0.0
2018-02-11,339.07,366.29,339.07,353.44,847868,0.0
2018-02-12,352.62,367.7,351.44,366.51,402021,0.0
2018-02-13,361.82,378.75,361.82,375.73,296775,0.0
2018-02-14,381.01,383.26,367.34,379.01,385568,0.0
2018-02-15,377.21,380.22,369.675,369.87,307679,0.0
2018-02-19,368.99,376.2,366.85,375.78,381757,0.0
2018-02-20,380,383.5625,372.61,373.06,342577,0.0
2018-02-21,376,379.95,366.96,369.49,542808,0.0
2018-02-22,359.89,390.55,356.09,387.25,1509367,0.0
2018-02-25,388.66,392.92,381.02,392.56,636034,0.0
2018-02-26,392.56,397.88,373.02,375.43,742989,0.0
2018-02-27,388.47,399.34,380.64,387.96,715931,0.0
2018-02-28,388.69,390.6,378.92,385.45,332983,0.0
2018-03-01,381.31,389.18,372.24,389.18,416418,0.0
2018-03-04,387.61,395.96,382.98,390.9,480537,0.0
2018-03-05,394.91,411.705,393.005,410.25,630379,0.0
2018-03-06,408.26,411.75,397.31,407.86,382770,0.0
2018-03-07,391.6,406,389.0622,397.09,730982,0.0
2018-03-08,401.62,415.659,400,413.73,369907,0.0
2018-03-11,414.81,415.715,401.18,410.13,418305,0.0
2018-03-12,413.41,417.91,402.31,406.22,379453,0.0
2018-03-13,406.74,412.17,402.4101,405.2,211489,0.0
2018-03-14,394.52,397.78,386.24,387.025,506959,0.0
2018-03-15,389.04,390.573,373.35,378.45,504644,0.0
2018-03-18,374.74,383.95,363.545,366.57,623447,0.0
2018-03-19,368.39,371.495,355.51,364.71,469217,0.0
2018-03-20,364.88,366.13,358.66,361.77,328118,0.0
2018-03-21,356.12,358.45,344.49,350.71,531053,0.0
2018-03-22,350,353.47,340.01,344.73,405842,0.0
2018-03-25,352.35,354.39,342.5801,353.501,331749,0.0
2018-03-26,356.02,363.39,348.91,352.35,1130330,0.0
2018-03-27,351.48,358.43,335.13,341.45,625707,0.0
2018-03-28,342,357.56,338.26,356.37,363600,0.0
2018-04-01,348.26,355.09,343.69,347.21,394525,0.0
2018-04-02,351.31,356.23,338.1901,343.06,295459,0.0
2018-04-03,335.6,357.12,332.85,355.59,408477,0.0
2018-04-04,357.65,362.6863,350.51,352.36,480480,0.0
2018-04-05,348.7,353,340,342.42,269335,0.0
2018-04-08,345,351.42,340.07,342.78,251368,0.0
2018-04-09,349.64,352.776,341.48,347.74,556553,0.0
2018-04-10,348.21,348.21,328.38,328.65,1001580,0.0
2018-04-11,331.05,335.99,326,327.18,815370,0.0
2018-04-12,330.12,334.29,326.51,329.66,813735,0.0
2018-04-15,331.28,332.01,321.81,322.77,651134,0.0
2018-04-16,319.65,338.54,313.545,337.58,773831,0.0
2018-04-17,339.34,347.969,333.51,345.15,578219,0.0
2018-04-18,345,345,325.775,329.99,1127017,0.0
2018-04-19,329.45,332.41,318.2801,324.37,596116,0.0
2018-04-22,325.17,331.53,324.9,330.45,405579,0.0
2018-04-23,331.56,340.7,326.22,328.59,517695,0.0
2018-04-24,326.48,338.2,323.715,336.18,677158,0.0
2018-04-25,339.38,350.83,337.19,344.49,619702,0.0
2018-04-26,354,354,337,340.9,414224,0.0
2018-04-29,340.79,346.15,337.43,339.62,187303,0.0
2018-04-30,339.39,342.99,335.25,339.43,244187,0.0
2018-05-01,337.53,342.82,332.28,333.31,483527,0.0
2018-05-02,331.91,336.04,328.745,330.59,551450,0.0
2018-05-03,327.29,331.34,325.47,329.97,720954,0.0
2018-05-06,332.69,342.25,327.02,339.31,485993,0.0
2018-05-07,334.22,338.16,331.18,333.64,277716,0.0
2018-05-08,336.32,339,325.06,325.32,1039797,0.0
2018-05-09,309.89,335.99,305.98,316.43,1487779,0.0
2018-05-10,315.43,321.29,308.17,309,670942,0.0
2018-05-13,310.63,314.78,296.68,298.59,811018,0.0
2018-05-14,294.2,295.895,284.37,290.77,964499,0.0
2018-05-15,289.56,305.73,285.07,305.2,1088678,0.0
2018-05-16,303.03,303.44,296.391,298.85,607639,0.0
2018-05-17,297.75,304.66,292.24,295.41,450355,0.0
2018-05-20,295.82,298.83,287.53,290.61,336889,0.0
2018-05-21,292.48,297.55,291.25,294.75,534913,0.0
2018-05-22,294,307.64,292.7,304.79,493310,0.0
2018-05-23,301.89,316.48,297.51,314.89,1115455,0.0
2018-05-24,315.91,319.54,312.29,314.7,1295547,0.0
2018-05-28,308.13,308.26,281,297.7,2111691,0.0
2018-05-29,298.35,303.6266,293.35,302.28,911444,0.0
2018-05-30,300.39,304,290.09,290.9,706186,0.0
2018-05-31,292.39,299.14,290.4,296.7,406793,0.0
2018-06-03,297.28,307.99,297.28,307.65,358553,0.0
2018-06-04,307.84,313.11,305.71,307.02,481296,0.0
2018-06-05,306.99,321.04,306.05,314.99,582442,0.0
2018-06-06,315,315,283.11,288.59,1152703,0.0
2018-06-07,292.01,292.98,282.26,288.77,1206069,0.0
2018-06-10,288.28,308.41,287.21,297.75,843633,0.0
2018-06-11,297.73,306.49,293,301.13,370452,0.0
2018-06-12,300.98,303.58,290.09,290.79,684347,0.0
2018-06-13,294.15,309.8,292.34,304.99,1380846,0.0
2018-06-14,307.35,307.47,295.1,303.7,613126,0.0
2018-06-17,300,303.26,290.5,294.73,412271,0.0
2018-06-18,288,298.415,286.121,295.3,475517,0.0
2018-06-19,298.38,305.3585,295.09,296.4,608930,0.0
2018-06-20,301.65,301.65,286.76,287.42,436293,0.0
2018-06-21,292.48,295,285.03,290.84,347865,0.0
2018-06-24,287.48,289.84,281.79,288.32,397258,0.0
2018-06-25,296.46,305.87,295,298.3,760115,0.0
2018-06-26,299.28,302.98,284.89,285.35,527859,0.0
2018-06-27,285.35,300,285.35,296.81,514916,0.0
2018-06-28,297.59,303.24,296.49,299.01,393738,0.0
2018-07-01,294.15,299.49,291.06,295.53,431309,0.0
2018-07-02,298.92,300.98,294.53,297.74,152082,0.0
2018-07-04,298.72,305.52,293.52,304.46,301823,0.0
2018-07-05,306.31,314.87,304,312.85,317368,0.0
2018-07-08,314.16,316.11,302.15,309.78,444103,0.0
2018-07-09,311.3,312,305.265,308.1,448830,0.0
2018-07-10,303.12,306.64,300,303.42,304899,0.0
2018-07-11,306.09,321.605,303.67,318.05,583541,0.0
2018-07-12,318,329.15,315.131,327.53,721335,0.0
2018-07-15,328.76,346.66,326.2617,343.26,809769,0.0
2018-07-16,339,362.74,332.106,359.87,1287297,0.0
2018-07-17,360.23,377.6607,359.7,369.28,1402274,0.0
2018-07-18,366.51,375.4464,363.701,374.84,738172,0.0
2018-07-19,372.93,381.5,368.741,373.69,616443,0.0
2018-07-22,373.8,374.98,357.25,363.3,707332,0.0
2018-07-23,366.79,368.11,350.33,352.92,491793,0.0
2018-07-24,355.99,366.56,351.87,364.93,352938,0.0
2018-07-25,355.61,367,355.61,363.7,286199,0.0
2018-07-26,365.63,366.43,350.22,354.56,387162,0.0
2018-07-29,355.97,356.6202,340.435,343.3,620208,0.0
2018-07-30,342.69,354.56,339.5177,342.92,492535,0.0
2018-07-31,342.06,353.26,339.8,346.11,438628,0.0
2018-08-01,343.09,345,335.08,338.99,515236,0.0
2018-08-02,340.89,344.11,336.5,343.95,303140,0.0
2018-08-05,342.82,349.74,340.4,348.23,259885,0.0
2018-08-06,349.52,351.51,343.23,347.42,507705,0.0
2018-08-07,348.07,356.1327,343.0105,344.43,493376,0.0
2018-08-08,337.88,394.92,337.19,384.39,1640718,0.0
2018-08-09,378.86,384.97,365.61,372.49,764609,0.0
2018-08-12,371.95,371.95,357.09,358.86,583264,0.0
2018-08-13,362.36,365.61,355.305,363.61,172346,0.0
2018-08-14,355,357.4893,339.94,344.85,657938,0.0
2018-08-15,349.04,351,333.61,334.74,569015,0.0
2018-08-16,333.29,334.66,321.57,324.16,670918,0.0
2018-08-19,323.83,325.2055,315.25,319.84,698540,0.0
2018-08-20,319,335.66,315.1526,328.45,849173,0.0
2018-08-21,332.92,345.98,328,344.94,1232699,0.0
2018-08-22,342.5,355,341.86,348.34,463104,0.0
2018-08-23,350.07,373.115,349.17,367.54,967267,0.0
2018-08-26,370.98,377.57,368.77,375.11,499328,0.0
2018-08-27,374.95,381.8989,372.28,378.19,416505,0.0
2018-08-28,379.4,381.01,374,377.49,414982,0.0
2018-08-29,375.41,375.41,339.3301,340.01,1497707,0.0
2018-08-30,338.44,343.37,336.55,342.41,674241,0.0
2018-09-03,340,345.6,336.97,342.255,542260,0.0
2018-09-04,339.91,340.6819,323.01,328.01,668320,0.0
2018-09-05,328.97,331.7,320.31,320.65,799067,0.0
2018-09-06,320,332.5,317.77,326.38,448709,0.0
2018-09-09,327.72,329.25,318.36,319.43,337367,0.0
2018-09-10,317.31,326.45,315.9731,318.78,426518,0.0
2018-09-11,318,321.42,310.7935,316.85,527816,0.0
2018-09-12,320.31,332.831,319.6,320.61,383855,0.0
2018-09-13,321.61,329.52,318.25,325.04,511530,0.0
2018-09-16,323.93,328.6941,317.11,322.19,466317,0.0
2018-09-17,323.15,331.99,314.5,315,696180,0.0
2018-09-18,315.5,319.5,310.6507,315.78,725446,0.0
2018-09-19,318.88,325.28,316.69,323.05,435953,0.0
2018-09-20,324.42,330.11,319.3,319.61,452073,0.0
2018-09-23,317,334.15,313.34,331.6,871224,0.0
2018-09-24,333.26,333.89,318.02,319.7,702762,0.0
2018-09-25,320.73,337.5,320,330.55,843143,0.0
2018-09-26,333.31,346.1,325.09,340.07,868030,0.0
2018-09-27,337.74,344.649,336.5252,340.52,364243,0.0
2018-09-30,343.84,353.11,331.74,332.43,750935,0.0
2018-10-01,334.59,354.49,332.82,353.84,813576,0.0
2018-10-02,356.56,362.33,350.26,354.08,611786,0.0
2018-10-03,351.75,352,332.1605,339.46,510610,0.0
2018-10-04,340.62,349.945,330.29,335.59,551089,0.0
2018-10-07,348.94,351.41,327.51,339.5,899266,0.0
2018-10-08,337.47,341.495,333.865,340.06,377131,0.0
2018-10-09,336.39,338.71,314.5301,318.84,641809,0.0
2018-10-10,314.72,320.75,298.07,304.76,644828,0.0
2018-10-11,311.94,314.21,295.4,303.45,1140420,0.0
2018-10-14,303.28,303.28,291.505,294.68,1088576,0.0
2018-10-15,297.2,309.3,296.01,308.52,1034582,0.0
2018-10-16,307.91,319.03,304.69,313.31,437126,0.0
2018-10-17,313.18,317.25,297,298.76,472198,0.0
2018-10-18,300.92,312.135,298.78,301.8,313820,0.0
2018-10-21,305.99,318.14,301.95,313.58,426802,0.0
2018-10-22,303.02,309.38,295.6,306.86,367391,0.0
2018-10-23,306.76,309.45,291.07,291.41,336757,0.0
2018-10-24,296.17,302.2,291,297.6,445268,0.0
2018-10-25,295.71,302.879,287.28,295.37,534159,0.0
2018-10-28,300.98,304.5,281.3,288.84,771692,0.0
2018-10-29,286.68,312.8,285.1,310.31,686224,0.0
2018-10-30,315.07,329.51,315,324.66,795568,0.0
2018-10-31,330.89,343.445,320.06,341.56,562674,0.0
2018-11-01,348,368.84,346.3651,354.39,1067851,0.0
2018-11-04,353.59,360.49,350.7361,357.65,370200,0.0
2018-11-05,352.76,356.36,335.24,336.19,555778,0.0
2018-11-06,340,349.91,329.5292,349.62,522144,0.0
2018-11-07,347.51,348.4318,327.58,331.46,460087,0.0
2018-11-08,326.93,328.93,318.4363,325.84,303481,0.0
2018-11-11,325.69,328.345,318.41,322.09,482791,0.0
2018-11-12,323.71,330.57,321.46,328.02,277659,0.0
2018-11-13,339,341,329.3,336.81,591312,0.0
2018-11-14,336.96,344.61,331.5519,340.76,590905,0.0
2018-11-15,336.39,347.59,331.81,344.67,419758,0.0
2018-11-18,341.16,343.94,333.26,335.39,431201,0.0
2018-11-19,327.33,332.3,312.03,313.78,1118105,0.0
2018-11-20,319,321.99,312.515,318.98,630301,0.0
2018-11-22,314.08,321.16,308.53,309.71,469864,0.0
2018-11-25,316.79,323.675,314.1184,322.01,619995,0.0
2018-11-26,320.32,332.01,314.21,331.88,367736,0.0
2018-11-27,335,346.02,326.8639,345.76,604843,0.0
2018-11-28,343.52,359.38,342,357.99,586545,0.0
2018-11-29,359.34,362.03,351.71,351.97,536828,0.0
2018-12-02,360.91,374.84,359,369.47,761692,0.0
2018-12-03,369,373.9159,351.06,354.8,667274,0.0
2018-12-05,344.02,350.89,340.26,350.52,554686,0.0
2018-12-06,349.5,357.91,341.65,346.57,364250,0.0
2018-12-09,345.02,357.525,342.4873,353.52,427874,0.0
2018-12-10,361,364.9375,351.6801,355.24,509758,0.0
2018-12-11,359.65,366.12,354.93,361.36,420102,0.0
2018-12-12,360.1,361,333.33,333.43,665426,0.0
2018-12-13,329,337.33,324.13,326.51,460627,0.0
2018-12-16,324.79,324.87,309.74,310.39,480722,0.0
2018-12-17,312.9,320.16,307.42,310.82,422132,0.0
2018-12-18,312.78,330.85,309.3,312.39,714768,0.0
2018-12-19,311.52,319.02,304.1,306.35,473700,0.0
2018-12-20,308.1,315.64,285.58,286.52,1315180,0.0
2018-12-23,281.92,284.44,257.6,257.6,996555,0.0
2018-12-25,261.23,283.91,260.4199,281.83,998893,0.0
2018-12-26,274.17,290.29,272.6126,288.75,557587,0.0
2018-12-27,291.89,299.81,282.44,292.09,696636,0.0
2018-12-30,295,298.32,285.11,291.84,324538,0.0
2019-01-01,285.61,298.87,282.88,297.455,307562,0.0
2019-01-02,295.08,300.5,289.14,296.6,502903,0.0
2019-01-03,301.67,317.97,301.01,315.28,546461,0.0
2019-01-06,315.73,330.89,315.73,329.09,409579,0.0
2019-01-07,334.17,334.99,317.735,328.31,451859,0.0
2019-01-08,333.1,347.79,330.545,340.45,529523,0.0
2019-01-09,336.09,343.99,331,339.33,574564,0.0
2019-01-10,337.49,348.4585,333.86,345,377692,0.0
2019-01-13,340.7,346.57,337,340.56,328784,0.0
2019-01-14,341.19,350.99,341.19,349.42,465164,0.0
2019-01-15,340,349.61,336.47,345.18,574765,0.0
2019-01-16,341.26,346.285,335.11,342.17,336826,0.0
2019-01-17,347.07,353.97,341.12,350.12,435646,0.0
2019-01-21,340.99,342.38,324.12,329.895,544572,0.0
2019-01-22,334.79,337,322.82,329.005,360818,0.0
2019-01-23,331.07,339.835,330,339.0001,420369,0.0
2019-01-24,344.33,347.51,339.09,342.46,405096,0.0
2019-01-27,338.12,356.4212,335.28,353.88,419017,0.0
2019-01-28,354.7,356.9999,346.4,350.75,419272,0.0
2019-01-29,352.13,366.34,351.3,361.1,433467,0.0
2019-01-30,361.7,368.27,356.06,366.73,625606,0.0
2019-01-31,365.73,366.89,359,364.59,463164,0.0
2019-02-03,361.85,369.03,354.39,367.94,329618,0.0
2019-02-04,370.28,374.97,362.31,363.16,418856,0.0
2019-02-05,360.37,365.75,352.9591,359,455815,0.0
2019-02-06,354.58,361.5,345.39,357.665,296585,0.0
2019-02-07,351.19,353.27,338.95,347.32,869929,0.0
2019-02-10,350,355.11,346.99,350.95,339703,0.0
2019-02-11,354.38,367.61,351.51,364.15,464527,0.0
2019-02-12,365.03,367.86,357.54,360.85,207293,0.0
2019-02-13,357,364.56,356,360.11,341137,0.0
2019-02-14,364.19,365.5599,360.01,362.835,220920,0.0
2019-02-20,367,368.88,358.0709,364.97,396814,0.0
2019-02-21,367.17,374.31,366.255,374.04,238210,0.0
2019-02-24,375.23,382.84,373.85,375.05,505958,0.0
2019-02-25,372,374.92,362.5101,368.96,692170,0.0
2019-02-26,408,452.43,405.01,446.46,2526794,0.0
2019-02-27,444.18,462.07,443.45,459.08,1022800,0.0
2019-02-28,461.75,474.84,446.995,451.78,1351640,0.0
2019-03-03,455.88,465,449.68,463.79,667484,0.0
2019-03-04,469.71,478.595,461.9646,467.49,671123,0.0
2019-03-05,466.6,469.08,457.16,461.53,420787,0.0
2019-03-06,460,462.1013,446.58,450.97,999864,0.0
2019-03-07,436.45,450.15,436.45,449.27,512339,0.0
2019-03-10,455.23,483.75,450.85,481.12,1105916,0.0
2019-03-11,481.49,484.43,472.16,483.58,1322653,0.0
2019-03-12,489.6,514.8969,488,507.42,3109509,0.0
2019-03-13,503.36,506.8,491.76,493.83,1028258,0.0
2019-03-14,491.455,492,482.035,488.9,808762,0.0
2019-03-17,490,494.395,479,484.81,858564,0.0
2019-03-18,483.3,491.77,479,482.36,656098,0.0
2019-03-19,484.86,500.5925,482.84,497.96,727381,0.0
2019-03-20,496.25,506.32,493.7013,504.02,439168,0.0
2019-03-21,499.28,503.56,489.37,497.71,670830,0.0
2019-03-24,497.2,501.03,489.825,491.3,369045,0.0
2019-03-25,497.32,501.37,490.455,493.95,475868,0.0
2019-03-26,490.01,498.63,479.13,484.93,604447,0.0
2019-03-27,497.16,504.2,488.35,497.15,528924,0.0
2019-03-28,503.11,511.49,498.135,508.02,350345,0.0
2019-03-31,516.28,525.89,514.9525,517.75,319409,0.0
2019-04-01,517.02,521.55,508.32,509.8,544473,0.0
2019-04-02,522.55,527.09,507.7,508.655,726367,0.0
2019-04-03,508.55,508.79,490.865,501.2,646610,0.0
2019-04-04,511.7,511.7,498.44,502.8,366089,0.0
2019-04-07,503.84,506.84,496.62,506.63,171605,0.0
2019-04-08,500.74,510,500.74,505.52,199813,0.0
2019-04-09,507.12,516.91,504.71,514.12,294607,0.0
2019-04-10,507,510.5,499.185,504.075,367085,0.0
2019-04-11,505.46,509.09,503.315,504.83,279658,0.0
2019-04-14,503.03,516.39,502.69,514.02,316018,0.0
2019-04-15,515.05,518.58,498,501.5001,447091,0.0
2019-04-16,499.32,503.4601,486.69,498.38,438791,0.0
2019-04-17,490.24,493.79,477.03,492.43,596406,0.0
2019-04-21,490.8,495.095,488,490.43,408492,0.0
2019-04-22,480.55,500.365,480.55,500.01,625803,0.0
2019-04-23,503.34,504.945,475.1383,486.2,747916,0.0
2019-04-24,486.03,491.51,460,487.14,1177035,0.0
2019-04-25,491.19,495,485.3471,489.52,390352,0.0
2019-04-28,489.67,494.85,481.6007,494.17,405576,0.0
2019-04-29,491.57,495.65,482.33,484.62,395937,0.0
2019-04-30,487.78,493.04,483.56,484.38,305030,0.0
2019-05-01,484.35,491.98,478.7801,482.35,425376,0.0
2019-05-02,541.85,589.5643,529.19,578.74,2090564,0.0
2019-05-05,565.58,580.43,562.31,567.43,591676,0.0
2019-05-06,557.91,562.62,535.12,539.19,667506,0.0
2019-05-07,536.29,554.37,535.66,536.22,492078,0.0
2019-05-08,529.48,551.37,520.87,543.16,519455,0.0
2019-05-09,542.7,558.77,536.58,557.76,512098,0.0
2019-05-12,540.02,549.85,539.1553,543.07,626473,0.0
2019-05-13,551.24,565,546.9551,562.7,534949,0.0
2019-05-14,558.24,582.48,558.24,572.93,522321,0.0
2019-05-15,573.57,596.7,573.57,595.42,630635,0.0
2019-05-16,585.01,589.89,573.63,574.38,516415,0.0
2019-05-19,572.99,577.66,564.68,574.88,470951,0.0
2019-05-20,578.34,580,567.51,572.58,279541,0.0
2019-05-21,565.85,589,563.03,569.22,612374,0.0
2019-05-22,563.11,582.735,563,580.97,395789,0.0
2019-05-23,584.44,595.68,584,591.94,467741,0.0
2019-05-27,596,611.955,595.5,601.44,504489,0.0
2019-05-28,595,597.4067,568.34,573.58,861390,0.0
2019-05-29,576.62,590,575.94,577.32,373647,0.0
2019-05-30,566.56,576.71,560.4131,570.52,480544,0.0
2019-06-02,567.59,589.815,564.74,568.6902,649776,0.0
2019-06-03,568,577.69,544.4406,551.43,1118785,0.0
2019-06-04,564.22,569.81,546.99,569.07,649340,0.0
2019-06-05,569.14,587.37,565.4819,581.59,527651,0.0
2019-06-06,582,618,582,604.11,655632,0.0
2019-06-09,625.89,632.6691,613.03,616.93,533144,0.0
2019-06-10,628.06,634,608.39,612.79,418681,0.0
2019-06-11,608.33,633.11,608.33,623.5,602073,0.0
2019-06-12,630,635.71,616.83,635.59,944035,0.0
2019-06-13,632.87,635.59,609.41,615.43,1187266,0.0
2019-06-16,623.75,623.75,612.24,617.98,431703,0.0
2019-06-17,626.72,632.09,621.68,622.57,410142,0.0
2019-06-18,623.42,643.97,616.19,641.02,362542,0.0
2019-06-19,659.36,672.55,619.15,636.53,554013,0.0
2019-06-20,635.92,644.71,624.89,630.66,326630,0.0
2019-06-23,633.88,637.37,619.13,622.11,324938,0.0
2019-06-24,623.43,624.99,609,614.91,315913,0.0
2019-06-25,625.32,625.32,605.56,609.2,415719,0.0
2019-06-26,608.83,614.395,607.34,610.92,486255,0.0
2019-06-27,611.21,611.82,603.1,611.73,256434,0.0
2019-06-30,627.19,637,612.38,619.02,403905,0.0
2019-07-01,616,631.55,613.53,626.99,344350,0.0
2019-07-02,633.06,633.3,619.01,632.32,194682,0.0
2019-07-04,628,641.57,621.63,638.59,267649,0.0
2019-07-07,635.71,635.71,624.22,630.32,244148,0.0
2019-07-08,626.46,641.17,624.81,640.15,312417,0.0
2019-07-09,646,654.1689,619.5,633.87,688055,0.0
2019-07-10,632.21,638.71,625.67,634.86,432054,0.0
2019-07-11,633.85,647.86,628.765,644.79,437269,0.0
2019-07-14,649.25,660.63,639.95,645.32,511709,0.0
2019-07-15,649.78,652.98,629.995,634.02,503201,0.0
2019-07-16,632.95,640.8908,623.26,631.73,326174,0.0
2019-07-17,630.13,650.9,629.9755,648.67,498981,0.0
2019-07-18,652.99,657.1855,626.35,627.08,436532,0.0
2019-07-21,631.4,640.95,630,636.5,268952,0.0
2019-07-22,638.59,641.61,623.3,635.18,364385,0.0
2019-07-23,631.34,660.3,627.54,660.07,441777,0.0
2019-07-24,662.46,666.18,650.86,652.5,508854,0.0
2019-07-25,650,662.9,647.1375,655,380296,0.0
2019-07-28,656.13,658.3,646.01,653.49,235694,0.0
2019-07-29,646.73,650.05,629.6325,634.43,404674,0.0
2019-07-30,636.9,643.44,614.13,621.18,381122,0.0
2019-07-31,624.53,648.55,617.025,626.75,425334,0.0
2019-08-01,622.63,624.08,609.6,614.84,262340,0.0
2019-08-04,598.52,602.66,567.39,574.69,849923,0.0
2019-08-05,588.53,601.99,586.88,601,496153,0.0
2019-08-06,596.98,614.96,581.13,613,583450,0.0
2019-08-07,645,693.84,640,688.11,1061147,0.0
2019-08-08,682.69,698.98,675.0937,690.97,469675,0.0
2019-08-11,612.56,633.043,585.735,624.37,1698925,0.0
2019-08-12,644.89,656.14,627.03,637.31,766131,0.0
2019-08-13,620.99,632.36,616.36,620.66,422086,0.0
2019-08-14,620.99,628.5,604.54,613.24,340114,0.0
2019-08-15,623,631.375,619.015,623.63,313995,0.0
2019-08-18,637.44,639.69,597.34,603.35,572058,0.0
2019-08-19,603.36,620.315,596.62,612.43,316740,0.0
2019-08-20,622.52,634.5399,620.01,629.84,318002,0.0
2019-08-21,626.06,630.8837,608.49,618.74,250050,0.0
2019-08-22,613.89,619.74,595,599.26,354306,0.0
2019-08-25,605.97,612.88,599.82,602.03,288298,0.0
2019-08-26,609.75,614.79,591.75,593.94,382184,0.0
2019-08-27,593.41,593.765,584.06,588.01,345641,0.0
2019-08-28,590.79,596.8,578.85,593.16,370782,0.0
2019-08-29,602.4,604.99,584.625,594.36,258217,0.0
2019-09-02,587.19,592.94,573.92,580.72,376193,0.0
2019-09-03,586,594.79,581.29,589.65,301698,0.0
2019-09-04,602.02,612.83,597.1601,605.69,265899,0.0
2019-09-05,605.36,608.99,594.58,597.79,170905,0.0
2019-09-08,608.4,608.4,555.93,571.13,534245,0.0
2019-09-09,550,559,536.26,548.98,1005816,0.0
2019-09-10,551.05,574.09,543.765,560.15,642024,0.0
2019-09-11,568.44,573.77,559.99,571.05,334240,0.0
2019-09-12,571.01,573.97,563.19,566.56,360524,0.0
2019-09-15,557.55,561,548.72,553.6,460431,0.0
2019-09-16,553.12,559.0555,546.99,549.75,388701,0.0
2019-09-17,548.28,551.58,530.76,542.7,527669,0.0
2019-09-18,542.5,556.53,541.85,549.31,393437,0.0
2019-09-19,549,558.18,543.1185,546.39,424876,0.0
2019-09-22,544.31,547.78,536.37,540.09,259515,0.0
2019-09-23,542.54,554.98,534.1007,537.3,380597,0.0
2019-09-24,534.53,553.89,533.5201,551.37,340570,0.0
2019-09-25,552.24,553.49,540.84,549.13,285222,0.0
2019-09-26,554.83,554.83,534.37,541.84,309956,0.0
2019-09-29,545.84,551.98,536.06,551.23,281657,0.0
2019-09-30,550.55,563.54,546,550.03,251859,0.0
2019-10-01,551.45,551.79,538.89,544.09,208632,0.0
2019-10-02,542.88,559.18,531.01,557.85,283896,0.0
2019-10-03,560.56,568.09,549.6,558.86,424425,0.0
2019-10-06,556.12,559.475,544.67,548.87,458435,0.0
2019-10-07,544.3,545.4654,523.78,524.86,608441,0.0
2019-10-08,530,537.57,522.69,531.93,798684,0.0
2019-10-09,530,547.41,530,543.41,760687,0.0
2019-10-10,552.45,560.98,548.5,553.34,918399,0.0
2019-10-13,552.98,558.59,551.48,555.6,372689,0.0
2019-10-14,559.77,572.93,556.65,566.24,772988,0.0
2019-10-15,567.06,567.06,545,548.98,707857,0.0
2019-10-16,555.45,558.965,548.46,549.15,697185,0.0
2019-10-17,549.91,549.91,534.15,535.46,555706,0.0
2019-10-20,537.325,546.94,536.9207,545.31,213659,0.0
2019-10-21,545.49,551.0718,535.16,536.895,258798,0.0
2019-10-22,533.96,548.33,533.96,541.96,190167,0.0
2019-10-23,545.48,554.96,543.1912,551.53,167248,0.0
2019-10-24,550,559.48,547.5,549.65,243112,0.0
2019-10-27,554,558.34,539,539.76,382735,0.0
2019-10-28,538.82,544.625,530,542.63,233684,0.0
2019-10-29,542.01,552,535,551.63,291855,0.0
2019-10-30,551.38,554.99,514.0047,521.58,896960,0.0
2019-10-31,520.1,531.9,488.37,489.99,2110612,0.0
2019-11-03,498.84,499.98,470.1,485.79,1337870,0.0
2019-11-04,485.41,497.39,477.21,484.61,636688,0.0
2019-11-05,485.1,504.55,481.77,483.05,592472,0.0
2019-11-06,487.45,499.78,485.45,491.99,428650,0.0
2019-11-07,490.52,498.64,490.52,494.46,364237,0.0
2019-11-10,491.42,499.2,489.58,497.23,229782,0.0
2019-11-11,498.13,504.9361,495.955,499.09,715300,0.0
2019-11-12,499,515.43,496.6,513.52,704489,0.0
2019-11-13,512.86,539.68,512.21,537.14,851719,0.0
2019-11-14,541.1,551.64,538,549.9,849658,0.0
2019-11-17,550.11,552.315,530.35,532.47,549429,0.0
2019-11-18,533.3,537.3076,518.19,536.32,428777,0.0
2019-11-19,535,547.98,533.48,547.98,551058,0.0
2019-11-20,548.62,563.63,546.48,562.75,582431,0.0
2019-11-21,564.63,567.47,554.5,565.95,409818,0.0
2019-11-24,567.23,587.5,566.97,585.6,419593,0.0
2019-11-25,582.05,586.99,576.14,582.54,454967,0.0
2019-11-26,586.25,590,580,589.15,189866,0.0
2019-11-28,595.2,598,578,580.59,253228,0.0
2019-12-01,579.87,580.33,555.88,580.01,463240,0.0
2019-12-02,570.43,577.29,567.17,575.04,379896,0.0
2019-12-03,580.77,582.57,574.02,574.98,211410,0.0
2019-12-04,575,580.98,572.3,577.51,229554,0.0
2019-12-05,584.43,590.64,580.51,583,278051,0.0
2019-12-08,584.75,595.25,583.07,584,252765,0.0
2019-12-09,584.2,591.568,581.06,586.3,265821,0.0
2019-12-10,589,589,570,580.29,436534,0.0
2019-12-11,582.96,591.69,578.5,579.77,338793,0.0
2019-12-12,583.05,591.98,566.0694,568.36,612409,0.0
2019-12-15,572.07,585.58,567.02,582.19,340810,0.0
2019-12-16,584.85,586.29,577,585.85,198347,0.0
2019-12-17,586.66,589.41,576.85,581.8,417167,0.0
2019-12-18,581.93,586.5825,578.01,582.22,344482,0.0
2019-12-19,582.87,593,574.19,592.54,435453,0.0
2019-12-22,595.07,602.75,593.01,594.14,234122,0.0
2019-12-23,594.15,599,593.43,594.02,100601,0.0
2019-12-25,595,597.66,595,596.96,134685,0.0
2019-12-26,598.9,605.94,593.6436,599.14,273344,0.0
2019-12-29,603.09,603.09,582.6,584.02,296294,0.0
2019-12-30,581.01,582.79,568.94,571.93,423135,0.0
2020-01-01,576.94,615.84,576.94,610.5,545383,0.0
2020-01-02,602.62,609.8422,600.06,608.02,293433,0.0
2020-01-05,601.04,613.79,601,606.69,176327,0.0
2020-01-06,606.64,627.97,604.74,625,441312,0.0
2020-01-07,625,637.82,624.55,633.38,301595,0.0
2020-01-08,643.43,649.05,638.59,646.43,348771,0.0
2020-01-09,653.79,670.15,648.63,670.15,651241,0.0
2020-01-12,670.44,697.22,670.0705,690.58,581871,0.0
2020-01-13,690,693.98,649.24,652.33,925272,0.0
2020-01-14,653.81,662.57,640.01,660.58,503516,0.0
2020-01-15,665.83,667.11,653.37,666.19,272303,0.0
2020-01-16,671.49,675,661.77,673.07,319781,0.0
2020-01-20,665,666.773,647,657.42,1069352,0.0
2020-01-21,667.46,677.77,662.3363,662.89,595942,0.0
2020-01-22,660.93,669.99,653.3842,663.33,420233,0.0
2020-01-23,666.4,674.8923,654.04,660.73,506339,0.0
2020-01-26,647,655.41,636.365,653.86,291179,0.0
2020-01-27,661.22,676.3099,657.7724,674.54,301341,0.0
2020-01-28,679.98,681,666.02,669.42,330844,0.0
2020-01-29,663.3,672.5,656.6756,671.08,241990,0.0
2020-01-30,670.99,670.99,660.933,663.91,242024,0.0
2020-02-02,667,680.62,665.5401,677.98,285206,0.0
2020-02-03,691.44,711.165,684.22,710.63,466430,0.0
2020-02-04,725.19,725.19,674.0101,675.29,588204,0.0
2020-02-05,689.4,689.4,668.49,671.16,371531,0.0
2020-02-06,671,678.22,642.92,645.77,911455,0.0
2020-02-09,647.1,660.97,646.15,657.11,627920,0.0
2020-02-10,633.31,661.99,608.8679,651.58,1417491,0.0
2020-02-11,656.88,700.96,655.81,700.95,860793,0.0
2020-02-12,697.87,720.69,684.07,718.885,1058286,0.0
2020-02-13,720.87,735.24,718.06,735.01,930359,0.0
2020-02-17,734.38,734.38,725,728.45,873062,0.0
2020-02-18,733.76,745,731,742.51,428505,0.0
2020-02-19,742.79,756.48,728,741.97,658048,0.0
2020-02-20,739.88,747.42,721.49,735.46,520819,0.0
2020-02-23,701.01,701.01,666.67,672.92,1232924,0.0
2020-02-24,698.64,702,626.9,629.19,1149310,0.0
2020-02-25,635.94,661.84,626.01,632.21,1307026,0.0
2020-02-26,614.86,633.17,600,600.57,780059,0.0
2020-02-27,577.03,617,572.77,616,922222,0.0
2020-03-01,621.24,643.4,613.395,642.11,552070,0.0
2020-03-02,649.99,670,615.91,626.05,575968,0.0
2020-03-03,647.6,658.95,642.39,653.69,462014,0.0
2020-03-04,629.25,647.66,622.05,628.21,517975,0.0
2020-03-05,600,618.06,585.89,614.51,569244,0.0
2020-03-08,547.36,581.98,537.985,539,991474,0.0
2020-03-09,566.35,599.08,546.0301,599.08,779136,0.0
2020-03-10,578.01,583.4433,539.79,551.011,1027568,0.0
2020-03-11,496.22,520,472.25,502.01,1396990,0.0
2020-03-12,534.43,549.97,493.8,535.69,1171733,0.0
2020-03-15,455,507.16,451,467.22,1728156,0.0
2020-03-16,472.08,500,425.65,490.79,1090995,0.0
2020-03-17,455,498.1,422.22,452.17,916018,0.0
2020-03-18,450,474.0932,436.23,463.37,1286438,0.0
2020-03-19,472.88,525.53,451.5,455.23,802873,0.0
2020-03-22,453.34,486.079,425.38,457.65,847741,0.0
2020-03-23,490,505.2221,477.02,489.72,800642,0.0
2020-03-24,497.43,518.85,480,480,797101,0.0
2020-03-25,489.35,500.788,467.15,489.55,967205,0.0
2020-03-26,479.41,485.9,455.41,470.89,510396,0.0
2020-03-29,474.54,489.34,470.01,473.12,1166886,0.0
2020-03-30,472.17,499.9,472.17,488.58,564688,0.0
2020-03-31,466,468.99,435.04,446.49,920998,0.0
2020-04-01,445.47,472.2,443,462.6,748161,0.0
2020-04-02,452.72,460.96,443.01,453.99,956887,0.0
2020-04-05,473.88,509.25,470.09,506.12,1280253,0.0
2020-04-06,547.19,554.93,507.5881,523.24,1343104,0.0
2020-04-07,536.25,548,527.08,543.99,354152,0.0
2020-04-08,551.04,557.85,527.08,533.28,463509,0.0
2020-04-12,528.02,546.99,517.01,542.84,736652,0.0
2020-04-13,558.72,577.24,551.62,562.45,1225117,0.0
2020-04-14,551.87,595.836,540.9,590.86,1632152,0.0
2020-04-15,611.25,633.2,590.01,612.2,3551825,0.0
2020-04-16,626.18,628.13,582.805,597.35,1527722,0.0
2020-04-19,593.72,617.9638,591,600.18,1468030,0.0
2020-04-20,595.72,598.15,562,573.38,1994826,0.0
2020-04-21,586.99,615,570.085,600.06,1764099,0.0
2020-04-22,609.01,614.995,582.13,586.73,1611398,0.0
2020-04-23,590.26,597.13,553.61,570.41,2001774,0.0
2020-04-26,591.43,593,575,589.48,656318,0.0
2020-04-27,592.02,606.36,589,598.88,428833,0.0
2020-04-28,605.01,611.76,591.04,602.42,449518,0.0
2020-04-29,603.87,606.69,579.01,583.54,909362,0.0
2020-04-30,571.4,609.81,570.01,605.99,666052,0.0
2020-05-03,596.3,610.4,592.72,606.5,712832,0.0
2020-05-04,618.85,633.9,610.83,620.96,653793,0.0
2020-05-05,734,777.97,729.09,742.715,4625068,0.0
2020-05-06,750,772.72,738.675,772.58,1585086,0.0
2020-05-07,773.59,798.1,761.4102,783.6,601943,0.0
2020-05-10,780,805.84,776.59,779.5,909616,0.0
2020-05-11,785.16,794.43,761.25,761.7,484816,0.0
2020-05-12,765.61,777.98,753.1232,768.35,969980,0.0
2020-05-13,760.03,778.95,746.01,777.08,884464,0.0
2020-05-14,764.27,783.74,764.27,775.13,644650,0.0
2020-05-17,792.53,804.65,786.03,793.93,375236,0.0
2020-05-18,802.88,827.33,799.245,805.96,625249,0.0
2020-05-19,821.05,842.7,817.2238,826.96,993828,0.0
2020-05-20,825.61,831.02,802.06,815.9,442945,0.0
2020-05-21,812.99,843.38,804.85,841.175,391347,0.0
2020-05-25,859.14,864.05,828.32,835.94,492864,0.0
2020-05-26,833.86,836.285,783.01,819.58,588093,0.0
2020-05-27,817.11,838.43,811.21,825.91,634430,0.0
2020-05-28,835,855,830.945,852.29,475252,0.0
2020-05-31,852.67,860.7076,842,843.34,265664,0.0
2020-06-01,844.5,867.23,837.76,859.65,827440,0.0
2020-06-02,865.46,874,850.65,853.52,447465,0.0
2020-06-03,849.05,877.68,838.0875,840.38,837802,0.0
2020-06-04,850,871,839.5191,865.01,750416,0.0
2020-06-07,866.94,868.05,840.43,858.85,827080,0.0
2020-06-08,849.75,876.7299,848.69,866.81,743900,0.0
2020-06-09,877,892.94,863.02,886.925,368403,0.0
2020-06-10,873.62,889.87,845.86,854.91,841536,0.0
2020-06-11,874.43,886.6,870.3401,878.34,216637,0.0
2020-06-14,885.86,940.38,877.02,924,525331,0.0
2020-06-15,958.02,964.84,923.25,950.27,471651,0.0
2020-06-16,960.31,967.27,928.66,935.21,434227,0.0
2020-06-17,930,937.57,922.09,924.86,728273,0.0
2020-06-18,929.19,961.99,922.5,954.25,786698,0.0
2020-06-21,953.94,989,953.005,986.56,464173,0.0
2020-06-22,995.3,998.11,976.38,977.9,335533,0.0
2020-06-23,978.34,988.52,942,954.52,421100,0.0
2020-06-24,950.35,972.945,944.35,969.28,215049,0.0
2020-06-25,974.51,985.03,952.62,975,415693,0.0
2020-06-28,970.3,987,949.98,980.51,287617,0.0
2020-06-29,982,989.9899,971.01,985.43,247743,0.0
2020-06-30,985,993.05,968.83,977.23,457186,0.0
2020-07-01,991.91,997.99,982.6,988.42,239880,0.0
2020-07-05,1001.93,1035.58,990,996.2201,540976,0.0
2020-07-06,1000.58,1023.48,986.9,1007,377040,0.0
2020-07-07,1020.75,1020.98,1001.44,1013.34,312508,0.0
2020-07-08,1026.26,1026.26,991.8209,1018.41,378575,0.0
2020-07-09,1020,1035.85,1001.61,1035.84,250536,0.0
2020-07-12,1058.01,1125,979.82,982.78,497431,0.0
2020-07-13,972.14,1000,950.405,972.75,589512,0.0
2020-07-14,978.28,987.18,956.805,971.25,426266,0.0
2020-07-15,959.66,965.72,945.79,957.4,260704,0.0
2020-07-16,964.62,972.95,941.44,963.93,276017,0.0
2020-07-19,980.34,1029.93,975,1024.3,376980,0.0
2020-07-20,1059.99,1059.99,1013.3889,1019.99,334702,0.0
2020-07-21,1029.15,1046.8,1003.83,1018.6476,273670,0.0
2020-07-22,1018.45,1034.225,977.21,982.18,213006,0.0
2020-07-23,968.03,1002.47,952.22,990,422216,0.0
2020-07-26,1004.48,1081.74,996,1069.35,514345,0.0
2020-07-27,1063,1066.3252,1039.82,1040,264151,0.0
2020-07-28,1060.68,1095.345,1053.75,1085.96,437098,0.0
2020-07-29,1085.55,1131.8868,1074.085,1107.4,707469,0.0
2020-07-30,1147.11,1150.8239,1085.15,1123.96,659042,0.0
2020-08-02,1124.99,1181.99,1124.99,1171.96,377038,0.0
2020-08-03,1170.72,1175,1151.12,1173.79,352091,0.0
2020-08-04,1186.72,1234.2699,1181.605,1225.01,585354,0.0
2020-08-05,1235.34,1248.22,1200.1531,1219.675,347291,0.0
2020-08-06,1218,1235,1162.315,1192.54,798082,0.0
2020-08-09,1143.73,1160.76,1090,1109.99,810202,0.0
2020-08-10,1137.99,1146,1097.72,1099.55,627268,0.0
2020-08-11,1117.42,1138.97,1101.216,1110.67,530216,0.0
2020-08-12,1122.51,1161.823,1121,1157.38,803123,0.0
2020-08-13,1171.65,1172.495,1145,1160,330094,0.0
2020-08-16,1171.76,1197.59,1165.01,1187.11,377999,0.0
2020-08-17,1191,1221.32,1180,1208.54,304457,0.0
2020-08-18,1213.78,1229.72,1198,1212.42,350555,0.0
2020-08-19,1200.02,1221.08,1195.53,1215.47,185553,0.0
2020-08-20,1211,1221.06,1200,1202.23,227973,0.0
2020-08-23,1217,1231.59,1198.6638,1210.74,235335,0.0
2020-08-24,1210.38,1233.99,1200.3,1224.37,237240,0.0
2020-08-25,1230.06,1244.15,1208.205,1214.37,410772,0.0
2020-08-26,1224.73,1225.08,1199,1201.39,216117,0.0
2020-08-27,1208.01,1220.06,1172.8608,1177.64,546404,0.0
2020-08-30,1174.75,1176.303,1128.56,1168.58,616364,0.0
2020-08-31,1200,1222.682,1195.63,1210.84,624229,0.0
2020-09-01,1221.11,1225,1171.6257,1195.97,549307,0.0
2020-09-02,1168.48,1177.38,1067.92,1088.04,1024721,0.0
2020-09-03,1085.01,1102.29,1000,1083.83,833511,0.0
2020-09-07,1015.08,1078.7,1014.54,1021.08,594923,0.0
2020-09-08,1065.81,1070.52,1030.1,1055.05,497436,0.0
2020-09-09,1076.215,1090.815,1030.19,1039.8,466831,0.0
2020-09-10,1046.35,1055,1015.49,1031.3,328380,0.0
2020-09-13,1056,1065,1026.2317,1036.76,319003,0.0
2020-09-14,1051.95,1054.71,1015,1030,340781,0.0
2020-09-15,1035,1048.81,1000.51,1003.24,422834,0.0
2020-09-16,979.99,995.82,959.87,980.15,636810,0.0
2020-09-17,987.03,1005.5469,970.85,998.12,525922,0.0
2020-09-20,984.39,1012.14,966.74,1011.02,303168,0.0
2020-09-21,1023,1061.9122,1011.01,1060.97,542283,0.0
2020-09-22,1072.72,1072.72,1010.6,1020.96,381023,0.0
2020-09-23,1003.63,1048.94,986.83,1035.01,469783,0.0
2020-09-24,1034.06,1068.39,1018.41,1061.335,335002,0.0
2020-09-27,1100.01,1107.86,1070,1095.22,395639,0.0
2020-09-28,1095.43,1095.43,1068,1082.88,172052,0.0
2020-09-29,1085,1098,1076.65,1081.89,273172,0.0
2020-09-30,1097.99,1117.86,1095.91,1115,315793,0.0
2020-10-01,1083.55,1105,1063.7,1079.19,321077,0.0
2020-10-04,1085.78,1097.6125,1079.0834,1091.32,225994,0.0
2020-10-05,1086.79,1116.65,1085.01,1091.39,315550,0.0
2020-10-06,1105.7,1149,1094.86,1144.78,478408,0.0
2020-10-07,1158.54,1173.43,1150.72,1159.62,325812,0.0
2020-10-08,1165.13,1202.99,1163.94,1200.01,358030,0.0
2020-10-11,1236.23,1239,1201.89,1215.31,403578,0.0
2020-10-12,1227.84,1280.4402,1202.23,1269.8,459674,0.0
2020-10-13,1272.1985,1283.965,1217.17,1239.26,449277,0.0
2020-10-14,1212.13,1261.92,1206,1257.99,332852,0.0
2020-10-15,1269.89,1280.52,1258.05,1272.5,315293,0.0
2020-10-18,1273,1298.81,1266.78,1282.9,520734,0.0
2020-10-19,1297.31,1378.5,1295.01,1332.26,674588,0.0
2020-10-20,1333.43,1374.93,1288.85,1299.07,503047,0.0
2020-10-21,1293.67,1316,1269.4,1293.77,316350,0.0
2020-10-22,1300.01,1312.67,1282.74,1311.355,194822,0.0
2020-10-25,1303.08,1327.39,1255.385,1281.44,298472,0.0
2020-10-26,1285.95,1293.81,1267.1,1281.8,265956,0.0
2020-10-27,1248,1285.99,1237.46,1269.16,266419,0.0
2020-10-28,1288.88,1314.77,1267.929,1303.01,322737,0.0
2020-10-29,1279.41,1292.78,1195.01,1214.05,533910,0.0
2020-11-01,1230,1252,1192.14,1215.13,261908,0.0
2020-11-02,1220,1242.765,1196.63,1233.97,265742,0.0
2020-11-03,1282,1321.16,1275,1314.63,481281,0.0
2020-11-04,1405.1,1460,1372.7603,1437.03,856114,0.0
2020-11-05,1437.605,1490.665,1395.68,1485.16,502434,0.0
2020-11-08,1445.5052,1450.425,1330,1331.86,836604,0.0
2020-11-09,1325.88,1325.93,1219.14,1224.71,940898,0.0
2020-11-10,1274.39,1339.1,1267.52,1303.5,647220,0.0
2020-11-11,1315,1355,1293.56,1294.7056,558424,0.0
2020-11-12,1321.73,1335.46,1285.46,1305.45,340623,0.0
2020-11-15,1286.55,1311.9,1275.89,1284.265,233624,0.0
2020-11-16,1298.0356,1312.53,1283,1300,362897,0.0
2020-11-17,1305.31,1327.41,1290.89,1318.09,426609,0.0
2020-11-18,1324.96,1383.96,1312.31,1370.3,437880,0.0
2020-11-19,1372.93,1423.97,1365.58,1417.87,568956,0.0
2020-11-22,1431.47,1458.1,1413.99,1449.61,490948,0.0
2020-11-23,1458.29,1460.645,1401.3501,1437.13,409171,0.0
2020-11-24,1447.91,1484.225,1445,1479.3,395451,0.0
2020-11-26,1480,1519.18,1463.27,1515.41,240835,0.0
2020-11-29,1529.51,1558.26,1475.85,1556.36,538010,0.0
2020-11-30,1556.04,1577,1516.55,1521.66,473153,0.0
2020-12-01,1517.54,1525.39,1483.34,1521.87,443212,0.0
2020-12-02,1537.3,1569.96,1533.3,1562,363124,0.0
2020-12-03,1566.83,1566.83,1529,1557.44,253310,0.0
2020-12-06,1557.2,1589.105,1551.4325,1576.02,330182,0.0
2020-12-07,1580,1628.91,1575,1615,358409,0.0
2020-12-08,1619.88,1619.88,1517.09,1537.43,635447,0.0
2020-12-09,1531.55,1598,1512.6,1587.92,382617,0.0
2020-12-10,1597,1606.62,1572.03,1606.62,292036,0.0
2020-12-13,1612,1640,1610,1618.06,299858,0.0
2020-12-14,1634.11,1676.915,1634.11,1668.36,428715,0.0
2020-12-15,1670,1675.23,1640,1668.55,470941,0.0
2020-12-16,1671.77,1693.995,1661.47,1677.88,304500,0.0
2020-12-17,1697.66,1727.97,1676.375,1724.65,387762,0.0
2020-12-20,1707.65,1726.7108,1665.3,1697.915,345892,0.0
2020-12-21,1713.65,1735.75,1701.6848,1734.38,286035,0.0
2020-12-22,1729.26,1735.39,1667.01,1669.47,338051,0.0
2020-12-23,1672,1694.48,1665.8969,1689.305,115443,0.0
2020-12-27,1700,1703.32,1625.7,1662.09,245256,0.0
2020-12-28,1680,1689.41,1640.03,1676.33,225887,0.0
2020-12-29,1690,1723.9604,1659.6,1711.27,282984,0.0
2020-12-30,1718.59,1718.59,1660.9,1674.8,199604,0.0
2021-01-03,1690.99,1725,1612.57,1639.48,798562,0.0
2021-01-04,1639.38,1704.2491,1630,1649,504177,0.0
2021-01-05,1627.32,1627.32,1564.95,1567.13,543697,0.0
2021-01-06,1616.965,1629.33,1570.57,1597.54,1105723,0.0
2021-01-07,1623.84,1719.26,1612.8291,1719,705020,0.0
2021-01-10,1701.16,1794.78,1675,1763.68,534387,0.0
2021-01-11,1792.075,1845.2458,1777.95,1812.01,575346,0.0
2021-01-12,1823,1830,1766.685,1797.165,453625,0.0
2021-01-13,1814,1889.62,1814,1852.52,491020,0.0
2021-01-14,1860.01,1877.1091,1805.46,1856.34,478130,0.0
2021-01-18,1888.17,1938.1699,1861,1915.7,590186,0.0
2021-01-19,1960,1991.88,1929.52,1986,574762,0.0
2021-01-20,2020,2020,1909.9,1943.89,577819,0.0
2021-01-21,1953.27,1971.77,1903.275,1964.91,474991,0.0
2021-01-24,2006,2012.8,1863.85,1884.05,544239,0.0
2021-01-25,1900.76,1908.88,1781.21,1807.74,660146,0.0
2021-01-26,1803.55,1828.3,1700,1717.45,961193,0.0
2021-01-27,1770.0236,1850.97,1732.71,1843.06,605568,0.0
2021-01-28,1799.51,1833.16,1744.145,1781.34,627775,0.0
2021-01-31,1812.58,1903.71,1810.005,1894.89,557970,0.0
2021-02-01,1915.81,1938.59,1850.7701,1909.99,343124,0.0
2021-02-02,1932.12,1932.12,1863.27,1870.51,249134,0.0
2021-02-03,1905,1912.33,1860,1896.15,192207,0.0
2021-02-04,1912.88,1938.5,1895.735,1919.99,262827,0.0
2021-02-07,1948,1948,1863.54,1902.84,431245,0.0
2021-02-08,1893.26,1895,1863.67,1875.87,309161,0.0
2021-02-09,1878,1930,1863.99,1901.42,298142,0.0
2021-02-10,1934.99,1955,1908.8,1941.35,303527,0.0
2021-02-11,1934.15,1947.94,1880,1942.64,275116,0.0
2021-02-15,1958.5,2006.71,1925.42,1937.73,345174,0.0
2021-02-16,1913.185,1915.89,1827.69,1885.5,373182,0.0
2021-02-17,1852,1894.94,1830.66,1890.21,282714,0.0
2021-02-18,1891.09,1955.74,1891.09,1913.06,418898,0.0
2021-02-21,1878.48,1881.5,1783.5923,1788.82,673520,0.0
2021-02-22,1717.17,1779,1657.6,1775.8,635416,0.0
2021-02-23,1769.3,1784,1699.53,1714,645580,0.0
2021-02-24,1703.28,1730,1594.66,1613.06,646913,0.0
2021-02-25,1636.03,1660,1575.0001,1638.11,685608,0.0
2021-02-28,1691.03,1724.23,1665.2762,1716,694279,0.0
2021-03-01,1700,1707.87,1606.52,1644.85,938719,0.0
2021-03-02,1639.12,1655,1518.72,1528.01,965222,0.0
2021-03-03,1519,1582.94,1407.39,1455.52,1208516,0.0
2021-03-04,1475.505,1493,1348.91,1470.24,1150202,0.0
2021-03-07,1450,1488.98,1362.495,1371.44,841553,0.0
2021-03-08,1451.99,1483.87,1405.51,1447.73,872342,0.0
2021-03-09,1531.54,1531.69,1429.58,1435.57,537642,0.0
2021-03-10,1509.99,1588,1490.2388,1570.78,833199,0.0
2021-03-11,1531,1563.115,1506.78,1553.4,379231,0.0
2021-03-14,1536.59,1581.07,1532.09,1581.07,263919,0.0
2021-03-15,1600.8,1620.1104,1529.29,1549,370429,0.0
2021-03-16,1516,1554.9999,1480,1534.7,442513,0.0
2021-03-17,1488.51,1500,1433.18,1436.17,685770,0.0
2021-03-18,1438,1469.6188,1420.01,1445,514232,0.0
2021-03-21,1454.64,1482.65,1454.11,1475.62,328637,0.0
2021-03-22,1479.04,1492.15,1441.96,1449.13,362856,0.0
2021-03-23,1444.14,1442,1381,1388.57,506702,0.0
2021-03-24,1364.3,1415.3599,1337.95,1398.32,561695,0.0
2021-03-25,1390.49,1444.61,1381.09,1434.24,432509,0.0
2021-03-28,1430,1430.915,1368.44,1403.41,415506,0.0
2021-03-29,1410,1445.89,1388.495,1433.14,376278,0.0
2021-03-30,1452.71,1497.94,1442.43,1472.13,414342,0.0
2021-03-31,1518.74,1570.29,1494.57,1509.68,529635,0.0
2021-04-04,1528.81,1533,1462,1501.76,298669,0.0
2021-04-05,1505,1569.89,1505,1547.78,505616,0.0
2021-04-06,1542,1548.36,1515,1542.65,254127,0.0
2021-04-07,1574.04,1600.2,1570,1589.41,486921,0.0
2021-04-08,1581,1593.56,1543.03,1584.77,311048,0.0
2021-04-11,1563.11,1598,1559.22,1592,229473,0.0
2021-04-12,1611,1629.2913,1583.739,1597.55,247766,0.0
2021-04-13,1608.01,1616.57,1536.42,1548.02,303094,0.0
2021-04-14,1581.72,1609.58,1569.14,1598.54,324169,0.0
2021-04-15,1602,1613.375,1571.03,1591.88,257503,0.0
2021-04-18,1575,1593.99,1531.69,1571.82,264868,0.0
2021-04-19,1560.06,1567.09,1506.476,1533.18,366135,0.0
2021-04-20,1514.34,1578.57,1514.34,1575.815,257136,0.0
2021-04-21,1569.66,1592.57,1548.079,1563.46,261198,0.0
2021-04-22,1580.08,1614.09,1573.9574,1600.53,251978,0.0
2021-04-25,1594.75,1624.68,1570.4622,1623,258659,0.0
2021-04-26,1634.8,1649.91,1602.07,1604.43,264483,0.0
2021-04-27,1601.71,1647.4,1571.46,1622.92,292087,0.0
2021-04-28,1631.28,1635.81,1577.675,1588.31,238000,0.0
2021-04-29,1565,1605,1560.5,1570.98,214843,0.0
2021-05-02,1579,1625.06,1565.01,1568.77,291856,0.0
2021-05-03,1551.34,1551.34,1489,1528.03,381763,0.0
2021-05-04,1536.81,1569.66,1516.04,1523.14,329072,0.0
2021-05-05,1552.02,1552.02,1432.376,1446,966312,0.0
2021-05-06,1468.67,1516.9999,1462.25,1481.26,465954,0.0
2021-05-09,1477.35,1464.296,1378.2125,1383.21,590370,0.0
2021-05-10,1303.93,1402.77,1300,1379.35,634218,0.0
2021-05-11,1341.84,1361.03,1300.06,1301.78,702653,0.0
2021-05-12,1306.99,1317.81,1262.38,1296.65,712968,0.0
2021-05-13,1329.9745,1332,1302,1323.79,419840,0.0
2021-05-16,1312,1344.37,1305,1338.18,321778,0.0
2021-05-17,1339.13,1370,1336.91,1346.81,332660,0.0
2021-05-18,1303.16,1334.96,1297.97,1319.67,590943,0.0
2021-05-19,1333.93,1376.025,1333.93,1375,537581,0.0
2021-05-20,1398.88,1406.155,1356.765,1369.2,324240,0.0
