Date,Open,High,Low,Close,Volume,OpenInterest
2017-03-14,0.21,0.21,0.19,0.21,145266,0.0
2017-03-15,0.181,0.21,0.181,0.21,70361,0.0
2017-03-16,0.1953,0.22,0.1905,0.22,77342,0.0
2017-03-19,0.21,0.23,0.21,0.2221,30423,0.0
2017-03-20,0.2101,0.23,0.21,0.2245,39081,0.0
2017-03-21,0.22,0.24,0.2083,0.24,31912,0.0
2017-03-22,0.24,0.24,0.205,0.24,5017,0.0
2017-03-23,0.21,0.24,0.21,0.2396,117084,0.0
2017-03-26,0.211,0.2501,0.206,0.2154,272576,0.0
2017-03-27,0.21,0.2297,0.21,0.2297,543,0.0
2017-03-28,0.21,0.2315,0.21,0.23,15292,0.0
2017-03-29,0.235,0.245,0.22,0.22,10600,0.0
2017-03-30,0.245,0.28,0.22,0.28,170917,0.0
2017-04-02,0.28,0.29,0.265,0.29,126370,0.0
2017-04-03,0.268,0.289,0.2603,0.289,61640,0.0
2017-04-04,0.27,0.335,0.27,0.335,205252,0.0
2017-04-05,0.335,0.445,0.326,0.375,357101,0.0
2017-04-06,0.38,0.46,0.38,0.42,291056,0.0
2017-04-09,0.42,0.48,0.415,0.43,98200,0.0
2017-04-10,0.455,0.48,0.43,0.43,56315,0.0
2017-04-11,0.435,0.4698,0.43,0.44,98052,0.0
2017-04-12,0.43,0.44,0.36,0.38,121592,0.0
2017-04-16,0.38,0.38,0.335,0.34,88341,0.0
2017-04-17,0.34,0.3649,0.34,0.36,14848,0.0
2017-04-18,0.3599,0.3599,0.335,0.35,29906,0.0
2017-04-19,0.33515,0.344,0.325,0.325,12933,0.0
2017-04-20,0.33,0.335,0.31,0.31,44962,0.0
2017-04-23,0.31,0.315,0.3016,0.31,43327,0.0
2017-04-24,0.311,0.3184,0.305,0.305,15367,0.0
2017-04-25,0.305,0.32,0.305,0.315,14228,0.0
2017-04-26,0.31495,0.37,0.31,0.35,88633,0.0
2017-04-27,0.3401,0.37,0.3202,0.35,32705,0.0
2017-04-30,0.35,0.35,0.34,0.34,13550,0.0
2017-05-01,0.34,0.38,0.34,0.38,47900,0.0
2017-05-02,0.3675,0.39,0.35,0.38,28058,0.0
2017-05-03,0.377,0.38,0.377,0.38,11475,0.0
2017-05-04,0.3502,0.43,0.3502,0.38,150684,0.0
2017-05-07,0.33,0.45,0.33,0.45,83508,0.0
2017-05-08,0.43,0.43,0.39,0.41,97267,0.0
2017-05-09,0.4239,0.4239,0.381,0.405,18678,0.0
2017-05-10,0.4226,0.45,0.3804,0.45,88903,0.0
2017-05-11,0.382,0.44,0.382,0.3935,37863,0.0
2017-05-14,0.42,0.42,0.386,0.4199,56516,0.0
2017-05-15,0.4099,0.4099,0.32,0.33,350421,0.0
2017-05-16,0.33,0.335,0.305,0.325,110993,0.0
2017-05-17,0.32,0.33,0.308,0.33,57714,0.0
2017-05-18,0.3051,0.33,0.2999,0.31,38860,0.0
2017-05-21,0.31,0.31,0.2928,0.2989,55795,0.0
2017-05-22,0.2994,0.2994,0.294,0.294,7201,0.0
2017-05-23,0.294,0.32,0.294,0.3105,44618,0.0
2017-05-24,0.301,0.3149,0.301,0.301,6689,0.0
2017-05-25,0.315,0.33,0.3135,0.3135,25716,0.0
2017-05-29,0.305,0.32,0.3,0.3175,77405,0.0
2017-05-30,0.3075,0.32,0.3,0.3,13690,0.0
2017-05-31,0.309,0.34,0.3,0.325,27102,0.0
2017-06-01,0.296,0.3461,0.296,0.32,24551,0.0
2017-06-04,0.2951,0.35,0.2951,0.33,22324,0.0
2017-06-05,0.2951,0.39,0.2951,0.38,28451,0.0
2017-06-06,0.3401,0.405,0.3401,0.405,21866,0.0
2017-06-07,0.39,0.39,0.37,0.39,49471,0.0
2017-06-08,0.3875,0.4,0.36,0.394,20779,0.0
2017-06-11,0.3655,0.4,0.3655,0.399,10293,0.0
2017-06-12,0.38505,0.4,0.3701,0.4,9142,0.0
2017-06-13,0.42,0.42,0.385,0.4,14169,0.0
2017-06-14,0.39175,0.39175,0.385,0.385,12,0.0
2017-06-15,0.3925,0.4,0.385,0.4,7338,0.0
2017-06-18,0.385,0.4,0.385,0.4,12562,0.0
2017-06-19,0.385,0.4,0.38,0.38,21265,0.0
2017-06-20,0.335,0.41,0.335,0.365,45156,0.0
2017-06-21,0.35,0.38,0.335,0.38,16324,0.0
2017-06-22,0.41,0.41,0.3351,0.39,7674,0.0
2017-06-25,0.39,0.39,0.338,0.338,10001,0.0
2017-06-26,0.39,0.39,0.3625,0.3625,2013,0.0
2017-06-27,0.335,0.38,0.335,0.376467,20327,0.0
2017-06-28,0.35,0.38,0.35,0.38,9607,0.0
2017-06-29,0.38,0.38,0.3351,0.38,24272,0.0
2017-07-02,0.38,0.38,0.3401,0.36005,57,0.0
2017-07-04,0.38,0.38,0.36,0.36,20833,0.0
2017-07-05,0.365,0.37,0.35,0.36,13848,0.0
2017-07-06,0.3699,0.3699,0.35,0.355,21642,0.0
2017-07-09,0.3351,0.3605,0.3156,0.3326,25880,0.0
2017-07-10,0.34,0.35,0.34,0.35,937,0.0
2017-07-11,0.35,0.35,0.32,0.33,11746,0.0
2017-07-12,0.325,0.34,0.32,0.33,8802,0.0
2017-07-13,0.33,0.365,0.33,0.355,28220,0.0
2017-07-16,0.3525,0.36,0.3301,0.36,10023,0.0
2017-07-17,0.3451,0.34995,0.3201,0.33,19156,0.0
2017-07-18,0.33,0.37,0.3201,0.3596,140497,0.0
2017-07-19,0.385,0.385,0.25,0.33,41819,0.0
2017-07-20,0.35,0.35,0.33,0.34,10468,0.0
2017-07-23,0.34,0.35,0.320399,0.320399,20718,0.0
2017-07-24,0.32,0.35,0.32,0.35,31156,0.0
2017-07-25,0.3525,0.36,0.3206,0.3365,11117,0.0
2017-07-26,0.3301,0.3757,0.3301,0.3757,4740,0.0
2017-07-27,0.3551,0.38,0.3301,0.38,6841,0.0
2017-07-30,0.38,0.38,0.3301,0.345,12230,0.0
2017-07-31,0.35,0.35,0.33,0.34,53004,0.0
2017-08-01,0.3301,0.345,0.27,0.2879,76180,0.0
2017-08-02,3,3,3,3,465,0.0
2017-08-03,5,5,3.1,3.5,2560,0.0
2017-08-06,3.5,3.8,3.25,3.5,4721,0.0
2017-08-07,3.5,3.5,3,3.035,4458,0.0
2017-08-08,3.02,3.02,2.48,2.48,6279,0.0
2017-08-09,2.34,2.715,2.34,2.65,2357,0.0
2017-08-10,2.44,2.76,2,2.76,9618,0.0
2017-08-13,2.7,2.7,2.7,2.7,2602,0.0
2017-08-14,2.775,2.99,2.6,2.66,1617,0.0
2017-08-15,2.68,2.87,2.68,2.68,800,0.0
2017-08-16,2.835,3.17,2.83,2.975,3400,0.0
2017-08-17,3.035,3.035,2.95,2.95,350,0.0
2017-08-20,2.83,3.17,2.68,3.15,1784,0.0
2017-08-21,3.44,3.44,3.44,3.44,990,0.0
2017-08-22,3,3.07,3,3.07,200,0.0
2017-08-23,3.35,3.35,3.01,3.01,1307,0.0
2017-08-24,2.91,3.3,2.67,2.934,18084,0.0
2017-08-27,2.505,3,2.505,2.8,5639,0.0
2017-08-28,2.6,2.8,2.4,2.7,4453,0.0
2017-08-29,2.55,2.926,2.55,2.926,1180,0.0
2017-08-30,2.71,2.905,2.5,2.9,2783,0.0
2017-08-31,2.94,2.953,2.5,2.94,4341,0.0
2017-09-04,3,3,2.53,2.54,121,0.0
2017-09-05,2.96,2.96,2.54,2.9,2242,0.0
2017-09-06,2.9,2.9,2.6,2.85,283,0.0
2017-09-07,2.71,2.9,2.6,2.9,2348,0.0
2017-09-10,2.6,2.86,2.6,2.84,4588,0.0
2017-09-11,2.61,2.84,2.31,2.5,13681,0.0
2017-09-12,2.35,2.83,2.32,2.72,1290,0.0
2017-09-13,2.4,2.445,2.4,2.445,21,0.0
2017-09-14,2.77,2.78,2.77,2.77,2657,0.0
2017-09-17,2.55,2.9,2.55,2.7,5609,0.0
2017-09-18,2.6,2.6,2.6,2.6,20,0.0
2017-09-19,2.7,2.7,2.58,2.58,4225,0.0
2017-09-20,2.465,2.69,2.465,2.6,497,0.0
2017-09-21,2.465,2.6,2.32,2.59,3098,0.0
2017-09-24,2.35,2.83,2.35,2.83,912,0.0
2017-09-25,2.65,2.65,2.45,2.65,731,0.0
2017-09-26,2.65,2.75,2.5,2.75,4008,0.0
2017-09-27,2.52,2.65,2.52,2.65,89,0.0
2017-09-28,2.6,2.7,2.457,2.7,3123,0.0
2017-10-01,2.46,2.49,2.46,2.49,15,0.0
2017-10-02,2.42,2.68,2.16,2.27,4873,0.0
2017-10-03,2.2,2.32,2.2,2.22,1162,0.0
2017-10-04,2.39,2.44,2.2,2.21,1614,0.0
2017-10-05,2.25,2.4,2.011,2.139,8216,0.0
2017-10-08,2.2,2.29,2.2,2.29,101,0.0
2017-10-09,2.22,2.4,2.22,2.4,201,0.0
2017-10-10,2.22,2.25,2.22,2.25,226,0.0
2017-10-11,2.2,2.4,2.2,2.4,4164,0.0
2017-10-12,2.25,2.4,2.25,2.25,523,0.0
2017-10-15,2.4,2.4,2.25,2.25,1640,0.0
2017-10-16,2.27,2.31,2.27,2.27,525,0.0
2017-10-17,2.3,2.4,2.27,2.4,1137,0.0
2017-10-19,2.274,2.31,2.27,2.31,31,0.0
2017-10-22,2.27,2.283,2.27,2.27,17,0.0
2017-10-23,2.27,2.273,2.27,2.273,327,0.0
2017-10-24,2.27,2.279,2.22,2.22,5138,0.0
2017-10-25,2.2,2.2,2.06,2.083,6768,0.0
2017-10-26,2.03,2.05,1.93,2.01,7552,0.0
2017-10-29,2.1,2.1,1.35,1.65,24234,0.0
2017-10-30,1.61,1.99,1.61,1.99,6880,0.0
2017-10-31,1.62,1.99,1.62,1.98,4331,0.0
2017-11-01,1.73,1.98,1.73,1.73,217,0.0
2017-11-02,1.73,1.73,1.73,1.73,13,0.0
2017-11-05,1.753,1.77,1.7115,1.7115,1834,0.0
2017-11-06,1.68,1.8,1.61,1.61,10988,0.0
2017-11-07,1.5,1.505,1.383,1.44,23141,0.0
2017-11-08,1.44,1.4815,1.44,1.46,2530,0.0
2017-11-09,1.45,1.716,1.45,1.49,2802,0.0
2017-11-12,1.73,1.79,1.58,1.79,1382,0.0
2017-11-13,1.769,1.769,1.58,1.58,121,0.0
2017-11-14,1.58,1.78,1.58,1.78,15,0.0
2017-11-15,1.53,1.7,1.33,1.41,2496,0.0
2017-11-16,1.4,1.85,1.4,1.53,11454,0.0
2017-11-19,1.53,1.75,1.53,1.75,20854,0.0
2017-11-20,1.7,1.8,1.534,1.8,11472,0.0
2017-11-21,1.8,1.8,1.6,1.6,209,0.0
2017-11-23,1.58,1.67,1.58,1.67,87,0.0
2017-11-26,1.8,2.15,1.8,2.15,17860,0.0
2017-11-27,2.05,2.13,1.82,2.08,12485,0.0
2017-11-28,2.03,2.13,2.03,2.13,1630,0.0
2017-11-29,2.03,2.08,2.03,2.03,196,0.0
2017-11-30,2.03,2.05,2.03,2.05,2564,0.0
2017-12-03,2.05,2.15,2.05,2.09,1642,0.0
2017-12-04,2.05,2.15,2.05,2.15,1114,0.0
2017-12-05,2.05,2.12,2.05,2.08,1969,0.0
2017-12-06,2.05,2.1,1.71,1.71,8544,0.0
2017-12-07,2,2,1.71,1.94,1902,0.0
2017-12-10,2,2.1,1.8,2.1,12814,0.0
2017-12-11,2,2.1399,1.95,2.03,2722,0.0
2017-12-12,1.82,2.09,1.82,2.05,4905,0.0
2017-12-13,2,2.1,2,2,335,0.0
2017-12-14,2,2.04,1.85,1.85,4277,0.0
2017-12-17,1.89,2,1.76,1.76,5517,0.0
2017-12-18,1.86,2,1.75,1.85,3302,0.0
2017-12-19,1.8,1.95,1.75,1.95,535,0.0
2017-12-20,1.86,2,1.86,1.96,3290,0.0
2017-12-21,1.96,2.12,1.75,1.95,5384,0.0
2017-12-25,1.975,1.975,1.85,1.86,250,0.0
2017-12-26,1.87,1.906,1.75,1.87,4200,0.0
2017-12-27,1.75,1.95,1.75,1.79,4118,0.0
2017-12-28,1.73,1.88,1.65,1.65,11571,0.0
2018-01-01,1.52,1.78,1.52,1.6,1221,0.0
2018-01-02,1.8,2.089,1.557,1.557,21759,0.0
2018-01-03,1.66,1.97,1.66,1.88,3117,0.0
2018-01-04,1.87,1.99,1.7,1.9699,7527,0.0
2018-01-07,1.96,1.96,1.65,1.92,5174,0.0
2018-01-08,1.65,1.898,1.65,1.898,226,0.0
2018-01-09,1.7,1.9,1.7,1.738,717,0.0
2018-01-10,1.72,1.83,1.72,1.72,172,0.0
2018-01-11,1.72,1.9,1.72,1.8,8217,0.0
2018-01-15,1.75,1.838,1.72,1.838,1590,0.0
2018-01-16,1.8,1.8,1.78,1.8,1000,0.0
2018-01-17,1.8,1.85,1.73,1.73,1516,0.0
2018-01-18,1.87,1.87,1.71,1.71,1921,0.0
2018-01-21,1.71,2.1,1.71,1.75,17234,0.0
2018-01-22,1.8,1.94,1.75,1.76,6102,0.0
2018-01-23,1.76,1.83,1.76,1.83,460,0.0
2018-01-24,1.8,1.8,1.71,1.71,460,0.0
2018-01-25,1.73,1.8,1.71,1.71,2109,0.0
2018-01-28,1.715,1.73,1.71,1.71,11116,0.0
2018-01-29,1.71,1.8,1.7,1.79,2773,0.0
2018-01-30,1.71,1.8,1.7,1.75,8182,0.0
2018-01-31,1.71,1.74,1.71,1.74,2275,0.0
2018-02-01,1.71,1.71,1.71,1.71,600,0.0
2018-02-04,1.71,1.73,1.71,1.71,3142,0.0
2018-02-05,1.71,1.75,1.71,1.71,5412,0.0
2018-02-06,1.71,1.7825,1.61625,1.7825,10333,0.0
2018-02-07,1.7,1.7,1.65,1.69375,61,0.0
2018-02-08,1.56,1.635,1.56,1.63,4451,0.0
2018-02-11,1.57,1.7,1.57,1.7,516,0.0
2018-02-12,1.57,1.57,1.57,1.57,27,0.0
2018-02-13,1.57,1.57,1.57,1.57,46,0.0
2018-02-14,1.68,1.68,1.58375,1.58375,342,0.0
2018-02-15,1.57,1.7,1.57,1.7,2228,0.0
2018-02-19,1.6,1.61875,1.6,1.6,1022,0.0
2018-02-20,1.62,1.69,1.55,1.655,1303,0.0
2018-02-21,1.69,1.699,1.61,1.61,706,0.0
2018-02-22,1.69,1.79,1.55,1.79,4138,0.0
2018-02-25,1.55,1.65,1.55,1.55,993,0.0
2018-02-26,1.55,1.6,1.55,1.6,4,0.0
2018-02-27,1.6,1.6,1.6,1.6,283,0.0
2018-02-28,1.6,1.65,1.6,1.6,206,0.0
2018-03-01,1.6,1.7,1.55,1.55,1803,0.0
2018-03-04,1.6,1.6,1.55,1.55,101,0.0
2018-03-05,1.55,1.55,1.55,1.55,319,0.0
2018-03-06,1.55,1.6,1.55,1.5563,655,0.0
2018-03-07,1.56,1.56,1.56,1.56,4,0.0
2018-03-08,1.6,1.6,1.52,1.52,126,0.0
2018-03-11,1.53875,1.55,1.53875,1.55,60,0.0
2018-03-12,1.53,1.6,1.53,1.56,1063,0.0
2018-03-13,1.55,1.55,1.22,1.31,6640,0.0
2018-03-14,1.5,1.5,1.36875,1.36875,1001,0.0
2018-03-15,1.425,1.5,1.25,1.5,1902,0.0
2018-03-19,1.27,1.5,1.27,1.5,4754,0.0
2018-03-20,1.5,1.5,1.5,1.5,1828,0.0
2018-03-21,1.55,1.55,1.255,1.5,5932,0.0
2018-03-22,1.49,1.5,1.1,1.5,8309,0.0
2018-03-25,1.33,1.5,1.33,1.5,925,0.0
2018-03-26,1.34,1.6,1.33,1.33,2834,0.0
2018-03-27,1.5,1.5,1.35,1.35,1078,0.0
2018-03-28,1.35,1.4,1.35,1.35,415,0.0
2018-04-01,1.35,1.47,1.35,1.47,616,0.0
2018-04-02,1.35,1.35,1.35,1.35,2531,0.0
2018-04-03,1.35,1.35,1.35,1.35,34,0.0
2018-04-04,1.35,1.4,1.35,1.35,510,0.0
2018-04-05,1.35,1.3625,1.35,1.3625,251,0.0
2018-04-08,1.35,1.35,1.35,1.35,523,0.0
2018-04-09,1.35,1.42,1.33,1.33,619,0.0
2018-04-10,1.33,1.42,1.33,1.42,108,0.0
2018-04-11,1.24,1.24,1.05,1.1,808,0.0
2018-04-12,1.15,1.41,1.15,1.2,2755,0.0
2018-04-15,1.16,1.41,1.16,1.22,665,0.0
2018-04-16,1.22,1.35,1.22,1.35,26,0.0
2018-04-17,1.31,1.31,1.05,1.2,33512,0.0
2018-04-18,1.08,1.205,1.05,1.12,11649,0.0
2018-04-19,0,1.12,0,1.01,2300,0.0
2018-04-22,1.07,1.07,1,1,4760,0.0
2018-04-23,0.9,0.9375,0.86,0.86,285,0.0
2018-04-24,0.85,0.86875,0.85,0.86,2761,0.0
2018-04-25,0.86,0.86,0.86,0.86,253,0.0
2018-04-26,0.86,0.88,0.86,0.88,12027,0.0
2018-04-29,0.88,0.9,0.88,0.88,39,0.0
2018-04-30,0.88,0.88,0.88,0.88,120,0.0
2018-05-01,0.99,0.99,0.88,0.88,2001,0.0
2018-05-02,0.9763,1,0.9763,1,3990,0.0
2018-05-03,0.88,1.03,0.88,1.03,1556,0.0
2018-05-06,1.02,1.03,0.92,1.02,1401,0.0
2018-05-07,0.88,1.01,0.88,1,1504,0.0
2018-05-08,1.02,1.02,1.02,1.02,15,0.0
2018-05-09,0.88,0.88,0.88,0.88,1,0.0
2018-05-10,0.9,0.9,0.9,0.9,317,0.0
2018-05-13,0.91,0.955,0.9,0.9,3299,0.0
2018-05-14,1,1,0.91,0.91,1919,0.0
2018-05-15,0.98,0.98,0.91,0.91,2295,0.0
2018-05-16,0.98,0.98,0.91,0.91,5600,0.0
2018-05-17,0.9,0.9,0.88,0.88,9626,0.0
2018-05-20,0.8801,0.89,0.86,0.86,3647,0.0
2018-05-21,0.86,0.86,0.86,0.86,103,0.0
2018-05-22,0,0.86,0,0.82,7382,0.0
2018-05-23,0.82,0.85,0.8,0.8,9204,0.0
2018-05-24,0.79,0.79,0.68,0.68,10446,0.0
2018-05-28,0.6,0.721,0.6,0.721,48,0.0
2018-05-29,0.72,0.8,0.72,0.78,5583,0.0
2018-05-30,0.65,0.75,0.65,0.73,8856,0.0
2018-05-31,0.73,0.7479,0.7,0.7479,3415,0.0
2018-06-03,0.75,0.75,0.6501,0.73,514,0.0
2018-06-04,0.7005,0.75,0.663,0.663,1563,0.0
2018-06-05,0.661,0.73,0.661,0.71,2003,0.0
2018-06-06,0.7,0.8325,0.7,0.8325,6101,0.0
2018-06-07,0.71,0.8066,0.71,0.8054,5106,0.0
2018-06-10,0.71,0.82,0.71,0.735,2270,0.0
2018-06-11,0.735,0.7494,0.735,0.7494,1173,0.0
2018-06-12,0.71,0.735,0.65,0.6501,16198,0.0
2018-06-13,0.7199,0.7199,0.65,0.65,4002,0.0
2018-06-14,0.65,0.7229,0.65,0.7229,497,0.0
2018-06-17,0.66,0.66,0.66,0.66,3,0.0
2018-06-18,0.66,0.8,0.66,0.8,3681,0.0
2018-06-19,0.73,0.88,0.7001,0.85,23505,0.0
2018-06-20,0.85,0.92,0.85,0.91,7460,0.0
2018-06-21,0.87,0.91,0.87,0.91,2015,0.0
2018-06-24,0.91,0.91,0.8,0.91,315,0.0
2018-06-25,0.91,0.91,0.8,0.83,515,0.0
2018-06-26,0.83,0.83,0.83,0.83,286,0.0
2018-06-27,0.84,0.93,0.8,0.93,15682,0.0
2018-06-28,0.93,0.955,0.625,0.625,52659,0.0
2018-07-01,0.72,0.72,0.52,0.59,7751,0.0
2018-07-02,0.65,0.71,0.63,0.63,19603,0.0
2018-07-04,0.66,0.7,0.65,0.65,8120,0.0
2018-07-05,0.63,0.7,0.63,0.66,12584,0.0
2018-07-08,0.69,0.7294,0.655,0.7,9142,0.0
2018-07-09,0.7,0.75,0.655,0.655,11286,0.0
2018-07-10,0.655,0.722,0.6001,0.65,15229,0.0
2018-07-11,0.65,0.65,0.55,0.575,5051,0.0
2018-07-12,0.575,0.62,0.575,0.5901,14911,0.0
2018-07-15,0.5901,0.6163,0.5901,0.5901,1742,0.0
2018-07-16,0.5901,0.62,0.5901,0.595,9301,0.0
2018-07-17,0.605,0.65,0.6,0.625,6699,0.0
2018-07-18,0.6,0.625,0.6,0.625,8469,0.0
2018-07-19,0.595,0.62,0.595,0.595,2536,0.0
2018-07-22,0.595,0.6213,0.595,0.595,583,0.0
2018-07-23,0.595,0.61,0.595,0.595,4213,0.0
2018-07-24,0.595,0.595,0.56,0.56,25915,0.0
2018-07-29,0.6,0.6,0.56,0.56,856,0.0
2018-07-31,0.6,0.6,0.6,0.6,5486,0.0
2018-08-05,0.5725,0.5725,0.57,0.57,1750,0.0
2018-08-06,0.57,0.57,0.515,0.549,4868,0.0
2018-08-07,0.51,0.5345,0.51,0.5345,2313,0.0
2018-08-08,0.555,0.565,0.555,0.565,9400,0.0
2018-08-09,0.58,0.61,0.58,0.61,3119,0.0
2018-08-12,0.65,0.65,0.58,0.58,1400,0.0
2018-08-13,0.58,0.58,0.52,0.52,2500,0.0
2018-08-14,0.625,0.64,0.625,0.64,10250,0.0
2018-08-15,0.662,0.6903,0.65,0.6902,9200,0.0
2018-08-16,0.64,0.6713,0.64,0.6712,814,0.0
2018-08-19,0.6713,0.6713,0.6712,0.6712,100,0.0
2018-08-20,0.68,0.68,0.64,0.64,1500,0.0
2018-08-22,0.651,0.653,0.625,0.625,8486,0.0
2018-08-23,0.64,0.65,0.64,0.64,2500,0.0
2018-08-26,0.625,0.6438,0.43,0.6,7435,0.0
2018-08-27,0.585,0.63,0.585,0.63,2950,0.0
2018-08-28,0.63,0.6331,0.451,0.5848,8554,0.0
2018-08-29,0.55,0.6818,0.55,0.6,28234,0.0
2018-08-30,0.7,0.8,0.55,0.585,11986,0.0
2018-09-03,0.5501,0.601,0.5501,0.601,1500,0.0
2018-09-04,0.6,0.6,0.56,0.56,1100,0.0
2018-09-05,0.5505,0.5505,0.5505,0.5505,500,0.0
2018-09-06,0.56,0.56,0.55,0.55,5369,0.0
2018-09-09,0.55,0.7,0.55,0.555,11857,0.0
2018-09-10,0.5999,0.5999,0.5999,0.5999,800,0.0
2018-09-11,0.45,0.7,0.45,0.65,43035,0.0
2018-09-12,0.6,0.6,0.6,0.6,240,0.0
2018-09-13,0.595,0.7,0.56,0.5834,20771,0.0
2018-09-16,0.5657,0.5999,0.5657,0.5999,2780,0.0
2018-09-17,0.5773,0.7,0.5772,0.695,11505,0.0
2018-09-18,0.5911,0.6,0.571,0.5711,7115,0.0
2018-09-19,0.5755,0.6353,0.5755,0.5755,2261,0.0
2018-09-20,0.577,0.577,0.54,0.5499,34961,0.0
2018-09-23,0.5499,0.55,0.5499,0.55,6100,0.0
2018-09-24,0.6,0.6,0.535,0.535,10800,0.0
2018-09-25,0.567,0.567,0.535,0.535,10456,0.0
2018-09-27,0.54,0.54,0.54,0.54,5000,0.0
2018-09-30,0.54,0.58,0.47,0.53,23922,0.0
2018-10-01,0.5668,0.579,0.4,0.53,113466,0.0
2018-12-09,18.9,19.4388,18,18.7577,4155179,0.0
2018-12-10,20.55,20.66,17.99,18.01,3377151,0.0
2018-12-11,18.55,19.48,18.02,18.75,2597460,0.0
2018-12-12,19.25,19.29,18.68,18.76,1616914,0.0
2018-12-13,18.75,18.8806,18.25,18.31,733696,0.0
2018-12-16,18.33,18.47,16.9,17,1489852,0.0
2018-12-17,17.1,17.25,16.25,16.9,1494066,0.0
2018-12-18,16.86,17.37,16,16.025,942887,0.0
2018-12-19,16,16.14,14.75,15.503,2365478,0.0
2018-12-20,15.4,15.5,13.95,14.435,2033655,0.0
2018-12-23,14.32,14.32,13.75,14.055,664980,0.0
2018-12-25,14.15,14.31,13.03,13.52,1824137,0.0
2018-12-26,13.49,14.95,13.27,14.6449,1774035,0.0
2018-12-27,14.72,14.85,13.8184,14.24,917146,0.0
2018-12-30,14.24,15.3,14.2129,15.16,964796,0.0
2019-01-01,14.93,15.3,14.51,15.29,2038570,0.0
2019-01-02,15.49,16.08,15.2,15.51,1557024,0.0
2019-01-03,16,17.5,15.8944,16.975,1630720,0.0
2019-01-06,17.54,17.94,16.18,16.35,1548625,0.0
2019-01-07,17.35,17.468,16.05,16.95,1809302,0.0
2019-01-08,17.2,17.25,16.15,16.27,1164248,0.0
2019-01-09,16.36,16.51,16,16.485,492197,0.0
2019-01-10,16.6,17.06,16.53,16.96,569778,0.0
2019-01-13,17,17.06,16.72,16.74,608374,0.0
2019-01-14,17,17,16.41,16.61,459703,0.0
2019-01-15,16.8,16.95,16.26,16.28,215781,0.0
2019-01-16,16.05,16.53,16.05,16.3168,263872,0.0
2019-01-17,16.46,16.8,16.25,16.76,481831,0.0
2019-01-21,16.62,16.6345,15.35,15.5601,630165,0.0
2019-01-22,15.82,15.92,14.76,14.82,622853,0.0
2019-01-23,14.9,15.195,14.65,14.65,419534,0.0
2019-01-24,14.8,14.86,14.4,14.84,894903,0.0
2019-01-27,14.84,14.84,14.45,14.46,542322,0.0
2019-01-28,14.46,14.875,14.45,14.63,583075,0.0
2019-01-29,14.72,15.545,14.65,15.12,640176,0.0
2019-01-30,15.24,17.48,15.24,16.59,2220236,0.0
2019-01-31,16.8,17.0075,15.9,16.24,609970,0.0
2019-02-03,16.22,16.49,15.95,16.26,279552,0.0
2019-02-04,16.29,17.49,16.2075,17.21,620080,0.0
2019-02-05,17.25,18.39,17.1101,18.16,977815,0.0
2019-02-06,17.95,18.0679,17.06,17.0673,510261,0.0
2019-02-07,17.1,18.15,17.1,17.95,670726,0.0
2019-02-10,17.99,18.6462,17.7507,18.13,537650,0.0
2019-02-11,18.21,18.76,17.6,18.6544,712716,0.0
2019-02-12,18.99,19.22,18.3,18.485,1276388,0.0
2019-02-13,18.64,19.96,18.63,19.66,1066387,0.0
2019-02-14,19.94,21.425,0,21.42,2019761,0.0
2019-02-18,21.51,21.513,20.05,20.82,1197789,0.0
2019-02-19,21.12,21.2399,19.13,19.89,1145570,0.0
2019-02-20,19.74,19.98,18.88,19.38,805619,0.0
2019-02-21,19.35,20.04,19.35,19.87,552887,0.0
2019-02-24,20.54,22.3,19.83,21.64,1913025,0.0
2019-02-25,21.6,24.4,21.56,23.68,2504868,0.0
2019-02-26,23.37,23.83,21.53,22.1,1532765,0.0
2019-02-27,22.45,23.03,22.05,22.53,508464,0.0
2019-02-28,23.09,23.39,21.64,22.31,861673,0.0
2019-03-03,22.47,22.8,20.52,21.16,1109718,0.0
2019-03-04,21.18,21.49,20.29,21.38,1053890,0.0
2019-03-05,21.4,22.05,20.0604,20.63,1022280,0.0
2019-03-06,20.42,21.155,19.6115,20.58,995894,0.0
2019-03-07,20.37,21.08,19.9,20.93,614725,0.0
2019-03-10,20.99,20.99,19.97,20.4,652861,0.0
2019-03-11,20.52,20.89,19.12,19.2253,1336781,0.0
2019-03-12,19.3,20.255,19.23,19.97,732499,0.0
2019-03-13,19.92,21,19.92,20.82,868530,0.0
2019-03-14,21.775,22.19,21.5,21.83,937107,0.0
2019-03-17,21.74,22.22,21.22,22.15,943142,0.0
2019-03-18,22.47,22.6,20.18,20.3,949034,0.0
2019-03-19,20.41,20.98,19.9,20.04,799655,0.0
2019-03-20,20,20.25,19.21,19.33,831973,0.0
2019-03-21,19.38,19.7,18.75,19,480806,0.0
2019-03-24,19,19.59,18.21,19.41,622492,0.0
2019-03-25,19.61,19.94,19.24,19.91,361822,0.0
2019-03-26,20.08,20.08,18.89,19.26,537035,0.0
2019-03-27,19.3,19.7398,19.0001,19.705,402148,0.0
2019-03-28,19.87,20.8,19.47,20.32,615980,0.0
2019-03-31,20.54,20.915,20.04,20.58,280667,0.0
2019-04-01,20.68,20.68,19.54,19.68,564789,0.0
2019-04-02,19.92,21.67,19.81,21.29,936807,0.0
2019-04-03,21.12,23.18,21.04,23.08,1727274,0.0
2019-04-04,23.8,26.23,22.6648,26.05,2017803,0.0
2019-04-07,25.9,29.79,25.6,27.24,2595301,0.0
2019-04-08,27.3,28.4,26.3105,26.82,1020086,0.0
2019-04-09,26.9,27.74,26.5,26.8,612547,0.0
2019-04-10,26.82,26.9899,24.26,25.64,985714,0.0
2019-04-11,26,26.0512,24.27,24.57,686759,0.0
2019-04-14,24.99,25.94,24.62,25.85,559492,0.0
2019-04-15,26,26.22,23.65,23.82,917849,0.0
2019-04-16,24,24.12,22.3135,23.55,904459,0.0
2019-04-17,23.47,23.55,22.43,22.53,699753,0.0
2019-04-21,22.7,23.99,22.5105,23.625,476144,0.0
2019-04-22,23.73,24.9833,23.73,24.74,602410,0.0
2019-04-23,24.8,25.76,24.29,25.75,656972,0.0
2019-04-24,25.76,26.72,25.43,25.74,587903,0.0
2019-04-25,25.83,27.3,25.69,26.17,585799,0.0
2019-04-28,26.28,27.2,24.9708,25.15,1031992,0.0
2019-04-29,25.28,26.03,25,26.03,529436,0.0
2019-04-30,26.31,27.09,25.87,26.39,1109725,0.0
2019-05-01,26.33,28.4897,26.19,28.33,1063452,0.0
2019-05-02,28.89,28.95,26.85,27.209,829010,0.0
2019-05-05,26.38,27.81,26.25,27.1,652850,0.0
2019-05-06,27.18,27.2555,24.16,24.56,1034905,0.0
2019-05-07,23.7,26,23.53,23.53,1011418,0.0
2019-05-08,23.5,24,22.75,23.31,513823,0.0
2019-05-09,23.04,24.93,22.8,24.87,531260,0.0
2019-05-12,24.46,24.77,23.225,24.45,474907,0.0
2019-05-13,24.5,24.8899,23.57,23.59,468526,0.0
2019-05-14,23.46,23.84,22.81,23.01,736219,0.0
2019-05-15,23.5,24.05,23.15,23.49,531694,0.0
2019-05-16,23.31,23.4291,21.68,23.02,1264922,0.0
2019-05-19,22.85,23.6,22.55,22.6,549658,0.0
2019-05-20,22.65,23.16,22.43,22.71,471239,0.0
2019-05-21,22.65,22.7677,21.93,21.95,511272,0.0
2019-05-22,21.75,21.94,21.01,21.38,625643,0.0
2019-05-23,21.56,22,21.41,21.81,533684,0.0
2019-05-27,22.3,22.46,21.44,21.54,445658,0.0
2019-05-28,21.71,21.898,21.16,21.77,361644,0.0
2019-05-29,21.84,21.9,21.05,21.56,356004,0.0
2019-05-30,21.16,21.38,20.74,20.74,419877,0.0
2019-06-02,20.79,20.99,18.82,19.94,1014589,0.0
2019-06-03,19.76,20.74,19.23,19.5,1090058,0.0
2019-06-04,19.2,19.25,17.2,17.7,3921369,0.0
2019-06-05,17.83,18.921,17.61,17.94,6006845,0.0
2019-06-06,17.71,18.4,17.3,17.52,1863921,0.0
2019-06-09,17.85,17.99,15.67,15.68,2498230,0.0
2019-06-10,16.09,16.88,15.75,16.09,5371398,0.0
2019-06-11,16.11,16.36,15.62,16.3,2041291,0.0
2019-06-12,16.42,17.59,16.05,16.12,3117109,0.0
2019-06-13,16.25,16.675,15.32,15.4,4001909,0.0
2019-06-16,15.54,15.85,15.28,15.76,1198239,0.0
2019-06-17,15.9,16.19,15.5784,15.73,1062691,0.0
2019-06-18,15.75,16.3025,15.37,15.49,2792457,0.0
2019-06-19,15.85,15.935,14.86,15.17,1588464,0.0
2019-06-20,15.2,15.32,14.5,14.78,1830611,0.0
2019-06-23,14.41,14.6906,14.02,14.04,1341208,0.0
2019-06-24,14.11,14.2499,13.65,13.79,1898144,0.0
2019-06-25,13.92,14.18,13.65,13.69,1110059,0.0
2019-06-26,13.5,14.405,13.5,14.34,1688057,0.0
2019-06-27,14.45,14.64,14.11,14.61,1335251,0.0
2019-06-30,14.86,15.08,14.47,14.73,1106573,0.0
2019-07-01,14.71,14.71,14,14.4,1179379,0.0
2019-07-02,14.5,15.33,14.4,15.31,906454,0.0
2019-07-04,15.47,15.47,14.83,14.96,953830,0.0
2019-07-07,14.89,14.9,14.14,14.29,919703,0.0
2019-07-08,14.31,14.85,14.15,14.84,722221,0.0
2019-07-09,14.94,15.22,14.05,14.5,1737933,0.0
2019-07-10,14.56,14.7,14.12,14.4,1105942,0.0
2019-07-11,14.27,14.48,14.06,14.2,1050749,0.0
2019-07-14,14.28,14.46,14,14.31,702589,0.0
2019-07-15,14.32,14.475,14,14.135,1088057,0.0
2019-07-16,14.17,14.59,14,14.05,1162864,0.0
2019-07-17,14.09,14.28,13.9,14.28,730424,0.0
2019-07-18,14.29,14.4,14.01,14.09,987183,0.0
2019-07-21,14.22,14.32,13.91,14.05,999511,0.0
2019-07-22,14.06,14.13,13.12,13.59,1901464,0.0
2019-07-23,13.75,14.52,13.473,14.46,1122140,0.0
2019-07-24,14.51,14.65,13.5,13.5,865635,0.0
2019-07-25,13.59,14.18,13.36,14.11,655849,0.0
2019-07-28,14.17,14.33,13.56,13.69,704966,0.0
2019-07-29,13.61,13.76,13.29,13.4,849597,0.0
2019-07-30,13.42,13.51,13.04,13.1,1031226,0.0
2019-07-31,13.2,13.4,12.71,13.01,1466733,0.0
2019-08-01,13,13.0368,12.4,12.74,979079,0.0
2019-08-04,12.55,12.69,12.2,12.28,993426,0.0
2019-08-05,12.5,12.8675,11.9,12.28,1962815,0.0
2019-08-06,12.26,14.5,11.54,12.87,2859061,0.0
2019-08-07,12.91,13.3,12.3,13.21,1451636,0.0
2019-08-08,13.1,13.55,12.97,13.33,688360,0.0
2019-08-11,13.42,13.68,12.984,13.01,767928,0.0
2019-08-12,13,13.395,12.76,13.32,539276,0.0
2019-08-13,13.08,13.22,12.5,12.73,1302759,0.0
2019-08-14,12.72,12.95,12.47,12.67,1136458,0.0
2019-08-15,12.85,13.24,12.79,13.17,1042907,0.0
2019-08-18,13.25,13.5,13.02,13.41,1773802,0.0
2019-08-19,13.87,14.65,13.6,14.18,3303022,0.0
2019-08-20,14.25,14.41,13.76,14.32,1362469,0.0
2019-08-21,14.37,14.43,14.04,14.16,991900,0.0
2019-08-22,14.08,14.36,13.83,13.89,1466404,0.0
2019-08-25,14.01,15.38,14,14.98,3067784,0.0
2019-08-26,15.17,15.5,14.12,14.51,2644641,0.0
2019-08-27,14.51,15.04,14.38,14.815,1425687,0.0
2019-08-28,14.91,15.2,14.61,15.18,1609810,0.0
2019-08-29,15.3,15.75,15.2,15.74,1534826,0.0
2019-09-02,16.1,16.5,14.35,14.88,2498602,0.0
2019-09-03,15.11,15.59,14.8,15.42,1487004,0.0
2019-09-04,15.65,16.13,15.02,15.53,1337619,0.0
2019-09-05,15.56,16.18,15.14,15.91,1983479,0.0
2019-09-08,15.98,16.23,15.36,16.045,2272405,0.0
2019-09-09,16.06,17.34,15.97,17.11,2993274,0.0
2019-09-10,17.34,17.59,15.89,15.91,3337034,0.0
2019-09-11,16.23,18.46,16.2,16.4,7974636,0.0
2019-09-12,16.45,17.04,16.06,16.73,3097204,0.0
2019-09-15,16.73,17.31,16.69,17.07,2993167,0.0
2019-09-16,17.46,17.95,17.19,17.66,4576885,0.0
2019-09-17,17.77,18,17.35,17.74,3147141,0.0
2019-09-18,17.71,18.42,17.6527,17.89,3579615,0.0
2019-09-19,18.14,18.39,17.75,18.05,5570334,0.0
2019-09-22,18.24,18.48,17.56,17.81,2744611,0.0
2019-09-23,17.83,17.99,17.25,17.76,3044972,0.0
2019-09-24,17.71,17.71,17.1,17.18,2636538,0.0
2019-09-25,17.41,17.51,16.1447,16.32,4100044,0.0
2019-09-26,16.29,16.54,15.675,15.9,2251383,0.0
2019-09-29,15.79,16.27,15.67,15.905,1410409,0.0
2019-09-30,15.87,16.06,14.8,14.8,1475509,0.0
2019-10-01,14.78,15.01,14.42,14.85,1626054,0.0
2019-10-02,15.24,15.24,14.41,15.08,1392218,0.0
2019-10-03,15.05,15.57,14.89,15.48,1812677,0.0
2019-10-06,15.45,15.63,15.07,15.48,2660670,0.0
2019-10-07,15.36,15.48,15.01,15.32,2335578,0.0
2019-10-08,15.33,15.55,14.18,14.19,4651340,0.0
2019-10-09,14.13,14.41,13.87,14.16,2570671,0.0
2019-10-10,14.24,14.7,13.99,14.06,1800610,0.0
2019-10-13,14.19,14.2001,13.67,13.93,1826902,0.0
2019-10-14,13.93,14.45,13.53,14.32,2192010,0.0
2019-10-15,14.27,14.32,14.02,14.15,1778131,0.0
2019-10-16,14.23,14.72,14.15,14.53,2276575,0.0
2019-10-17,14.5,14.85,14.07,14.81,3139914,0.0
2019-10-20,15.03,15.59,14.94,15.5,831978,0.0
2019-10-21,15.56,16.09,15.55,15.91,557869,0.0
2019-10-22,16.16,17.01,16.09,16.84,1424642,0.0
2019-10-23,16.92,17.026,16.05,16.56,1071009,0.0
2019-10-24,16.73,17.1,16.4301,16.99,712026,0.0
2019-10-27,17.01,17.15,16.8094,17.04,623668,0.0
2019-10-28,16.96,17.155,16.66,17,725856,0.0
2019-10-29,16.95,17.24,16.52,17.1,910128,0.0
2019-10-30,17.03,17.15,16.49,16.72,833060,0.0
2019-10-31,16.8,16.894,15.52,15.63,1533289,0.0
2019-11-03,15.9,16.8,15.83,16.79,1283735,0.0
2019-11-04,16.94,17.72,16.71,16.89,1710483,0.0
2019-11-05,16.83,17.49,16.05,16.13,1532708,0.0
2019-11-06,16.33,17.6084,16.2801,17.4901,1994519,0.0
2019-11-07,17.25,17.5,17.11,17.47,964059,0.0
2019-11-10,17.33,17.52,17.2,17.38,928735,0.0
2019-11-11,17.34,18.1,17.3025,17.99,1943349,0.0
2019-11-12,18,18.5,17.71,18.28,1981751,0.0
2019-11-13,18.16,18.5,17.91,18.35,1510606,0.0
2019-11-14,18.39,19.43,18.35,19.37,1848613,0.0
2019-11-17,19.21,19.45,18.67,19.45,898942,0.0
2019-11-18,19.27,19.87,19.0824,19.41,1112584,0.0
2019-11-19,19.38,20.4,19.35,20.17,2149734,0.0
2019-11-20,19.98,20.32,19.69,20.2,1189787,0.0
2019-11-21,20.07,20.73,19.86,20.7,1416776,0.0
2019-11-24,20.9,21,19.95,19.99,1900509,0.0
2019-11-25,20,20.65,19.82,20.29,1503335,0.0
2019-11-26,20.28,20.7,19.99,20.36,1533901,0.0
2019-11-28,20.6,20.93,20.28,20.33,1175316,0.0
2019-12-01,20.3,20.54,19.6,19.77,1157298,0.0
2019-12-02,19.48,21.37,19.41,21.2537,1775039,0.0
2019-12-03,21,21.47,20.9325,21.26,1264527,0.0
2019-12-04,21.49,21.5,20.57,20.63,1063555,0.0
2019-12-05,20.78,21.04,18.82,18.93,3482779,0.0
2019-12-08,19.07,19.3,18.67,18.82,2524618,0.0
2019-12-09,18.78,19.09,18.58,18.87,1597539,0.0
2019-12-10,19.03,19.11,18.53,18.64,1187394,0.0
2019-12-11,18.56,19.045,18.32,18.45,1290666,0.0
2019-12-12,18.47,18.72,18.32,18.6,1250824,0.0
2019-12-15,18.6,18.97,18.22,18.5,1611074,0.0
2019-12-16,18.54,18.7,18.31,18.43,1510216,0.0
2019-12-17,18.48,19,18.48,18.59,1226864,0.0
2019-12-18,18.58,19.67,18.5,19.41,2051490,0.0
2019-12-19,19.4,20,19.05,19.77,3324292,0.0
2019-12-22,19.79,19.85,19.34,19.71,1269721,0.0
2019-12-23,19.69,19.79,19.35,19.73,452844,0.0
2019-12-25,19.82,20.11,19.66,19.86,686358,0.0
2019-12-26,19.99,20,19.25,19.52,963561,0.0
2019-12-29,19.54,19.94,18.94,19.05,1084490,0.0
2019-12-30,18.96,19.64,18.96,19.56,985483,0.0
2020-01-01,19.57,19.81,18.88,19.23,1095636,0.0
2020-01-02,19.02,19.36,18.72,18.89,895895,0.0
2020-01-05,18.7,18.76,18.01,18.12,1226236,0.0
2020-01-06,18.15,18.205,17.68,17.81,1253549,0.0
2020-01-07,17.99,18.08,17.76,17.96,858709,0.0
2020-01-08,18,18.55,17.9,18.403,1082330,0.0
2020-01-09,21,21,19.05,19.12,4303154,0.0
2020-01-12,19.26,20.36,18.6,20.26,1943522,0.0
2020-01-13,20.45,20.4979,19.55,19.99,1261908,0.0
2020-01-14,19.94,20.58,19.94,20.24,1545503,0.0
2020-01-15,21.68,21.87,20.77,21.01,4633333,0.0
2020-01-16,21.5,21.5,20.55,20.65,3180222,0.0
2020-01-20,20.79,21.49,20.645,20.94,4002059,0.0
2020-01-21,22.08,23.2,21.7,21.97,18821059,0.0
2020-01-22,22.17,22.65,21.4,21.48,6809082,0.0
2020-01-23,21.6,21.8793,20.9,21.11,4771054,0.0
2020-01-26,22.1,23.12,21.12,22.71,9154806,0.0
2020-01-27,23.5,23.5,21.8501,22.35,5179109,0.0
2020-01-28,22.23,22.34,20.45,20.53,4238014,0.0
2020-01-29,21.05,21.74,20.8,20.98,2613868,0.0
2020-01-30,21.14,21.32,20.05,20.52,2661333,0.0
2020-02-02,20.66,21.06,19.7,20.38,2951811,0.0
2020-02-03,20.09,20.88,19.75,20.87,1594769,0.0
2020-02-04,20.99,21.2,19.67,20.04,2435015,0.0
2020-02-05,20.27,20.32,19.7,19.88,1733849,0.0
2020-02-06,19.79,23.39,19.79,23.23,9782640,0.0
2020-02-09,23.5,23.95,22.3832,23.63,8678779,0.0
2020-02-10,22.09,22.74,21.28,21.35,6092938,0.0
2020-02-11,19.64,19.67,18.5,19.01,17311197,0.0
2020-02-12,19.36,19.8,18.89,19.04,6647867,0.0
2020-02-13,19.27,19.29,18.85,19,4201936,0.0
2020-02-17,19.14,19.35,18.57,18.915,3873718,0.0
2020-02-18,19.09,19.24,18.725,18.91,3072383,0.0
2020-02-19,18.86,19.17,18.42,18.539,3348185,0.0
2020-02-20,18.47,18.55,17.91,18.23,3163694,0.0
2020-02-23,19.23,19.28,18.3,18.56,5092562,0.0
2020-02-24,22.15,26.55,20.51,23.75,62081056,0.0
2020-02-25,29.05,29.98,27.08,29.16,71255338,0.0
2020-02-26,35.88,36,23.05,26.145,64241810,0.0
2020-02-27,23.38,25.95,22.015,25.95,22715144,0.0
2020-03-01,27,30.75,25.21,29.8701,31719851,0.0
2020-03-02,27.8035,28.6,26.6,27.91,16250812,0.0
2020-03-03,27.99,28.72,26.8,27.46,11251011,0.0
2020-03-04,27.49,28.95,26.535,28.0001,16622635,0.0
2020-03-05,27.98,29.8,27.67,29.61,20634051,0.0
2020-03-08,28.58,28.6999,24.16,24.28,12590420,0.0
2020-03-09,25.71,25.94,21.28,22.34,12797964,0.0
2020-03-10,22.54,25.7491,22.5235,23.6,29115718,0.0
2020-03-11,22.8997,24.28,21.9,22.24,10739908,0.0
2020-03-12,23,23.47,19.31,21.3,11120313,0.0
2020-03-15,23.76,27.8,22.22,26.44,73407408,0.0
2020-03-16,29.36,32.7,27.3148,28.16,43747734,0.0
2020-03-17,27.15,32.3,26.55,31.45,22609801,0.0
2020-03-18,32.78,34.98,25.19,28.27,73657178,0.0
2020-03-19,29.25,30.23,26.2,28.15,15195900,0.0
2020-03-22,28.71,29.81,26.25,26.53,10887773,0.0
2020-03-23,27.09,27.25,24.36,25.82,12131667,0.0
2020-03-24,25,27.98,24.79,27.13,9462594,0.0
2020-03-25,27.56,28.79,27.56,27.92,5408629,0.0
2020-03-26,28.37,31.09,27.95,30.05,12133891,0.0
2020-03-29,30.59,31.69,28.27,30.47,20759908,0.0
2020-03-30,30.6,30.98,29.2,29.95,5579300,0.0
2020-03-31,30.05,30.94,29.44,29.67,6802935,0.0
2020-04-01,30.6,33.39,29.84,33.195,15378888,0.0
2020-04-02,32.81,35.66,32.72,34.84,16500540,0.0
2020-04-05,34.91,35.185,33.33,34.63,21067296,0.0
2020-04-06,33.81,34.03,30.9801,31.995,19529282,0.0
2020-04-07,32.36,32.94,31.7501,32.4,4009009,0.0
2020-04-08,32.55,32.92,31.32,31.87,4532909,0.0
2020-04-12,32,32.98,31.71,32.89,10143644,0.0
2020-04-13,34,34.99,33.15,34.65,15240930,0.0
2020-04-14,34.64,38.45,33.72,37.25,46015188,0.0
2020-04-15,38.0735,41.55,36.62,40.6,74328269,0.0
2020-04-16,48.99,49,43.38,46.85,91293307,0.0
2020-04-19,45,54.95,44.51,51.68,99801547,0.0
2020-04-20,53,56.38,43.11,49.225,155425399,0.0
2020-04-21,50.61,51.82,49.06,51.09,32442076,0.0
2020-04-22,49.1,50.7,46.89,47.44,58489632,0.0
2020-04-23,47.15,50.5,47.1416,50.5,33105730,0.0
2020-04-26,51.53,51.7,47.3,48.05,24555660,0.0
2020-04-27,50.4,50.45,47.17,47.8,12085401,0.0
2020-04-28,46.6,46.9497,45.01,46.36,10705136,0.0
2020-04-29,46.78,48.37,45.82,45.94,14693036,0.0
2020-04-30,48.71,50.45,46.29,47.93,20448475,0.0
2020-05-03,48.05,50.5,48,50.5,20162296,0.0
2020-05-04,50.48,50.96,47.23,49.33,10770778,0.0
2020-05-05,48.45,49.25,47.5201,48.95,12674670,0.0
2020-05-06,55.78,55.99,51.06,53.19,52262354,0.0
2020-05-07,53.06,59.88,52.15,59.25,23443480,0.0
2020-05-10,59.6,67.67,59.1401,66.92,67449525,0.0
2020-05-11,65.99,68.49,62.02,62.27,23697051,0.0
2020-05-12,63.8003,66.97,60.29,65.1562,42529366,0.0
2020-05-13,64.79,65.39,61.44,64.55,23497222,0.0
2020-05-14,63.79,67.67,63.01,66.66,31841774,0.0
2020-05-17,86.14,87,75.66,80,70840840,0.0
2020-05-18,78.07,79.75,70.32,71.6,57563454,0.0
2020-05-19,70.01,74.48,67.41,73.47,94103270,0.0
2020-05-20,73.05,73.16,65.31,67.01,34436655,0.0
2020-05-21,69.93,70.6,67.14,68.99,26331139,0.0
2020-05-25,66.4,66.59,57.05,57.69,39011449,0.0
2020-05-26,51.2,53.34,46.1301,52.12,56382557,0.0
2020-05-27,53.5,59.11,53.35,55.55,62457684,0.0
2020-05-28,57.45,61.65,56.56,61.42,23696003,0.0
2020-05-31,62.76,63.9,60.51,62.18,20139458,0.0
2020-06-01,58.7,59.95,55.3553,59.85,41695366,0.0
2020-06-02,57.51,63.37,57.1,59.84,19999010,0.0
2020-06-03,61.61,61.93,58.52,60.39,24770096,0.0
2020-06-04,58.49,59.19,56.63,58.11,28056870,0.0
2020-06-07,58.3,59.38,56.72,59.08,20751956,0.0
2020-06-08,58.55,59.405,57.73,58.26,14300310,0.0
2020-06-09,58.8,60.72,58.6,60.07,10675501,0.0
2020-06-10,62.95,66.6867,58.77,60.22,59190390,0.0
2020-06-11,62.355,63.63,60.91,61.165,5528571,0.0
2020-06-14,65.9,66.98,63.424,66.57,18210514,0.0
2020-06-15,66.31,66.6,62.6,64.34,15788129,0.0
2020-06-16,63.6,65.88,62.58,63.32,10589049,0.0
2020-06-17,63.03,65.4,62.58,64.94,16831564,0.0
2020-06-18,64.99,66.45,64.01,66.38,17668790,0.0
2020-06-21,65.92,66.29,62.12,64.785,11182622,0.0
2020-06-22,64.1,65.08,62.74,62.92,10006365,0.0
2020-06-23,63.23,66.1559,63.14,64.84,14107274,0.0
2020-06-24,67,67,58.51,62,26156406,0.0
2020-06-25,60.71,62.29,59.14,61.27,10230070,0.0
2020-06-28,61.82,63,59.4,62.1,7840255,0.0
2020-06-29,62.18,65.159,61.8,64.26,11430191,0.0
2020-06-30,63,63.73,59.12,61.5926,17692487,0.0
2020-07-01,60,61.8,55.8097,58.5699,26362042,0.0
2020-07-05,58.55,60.73,57.1,59.14,8730019,0.0
2020-07-06,58.8,61.5,57.44,61.09,8597733,0.0
2020-07-07,60.79,62.46,59.45,61.58,7396342,0.0
2020-07-08,62.09,65.35,58.88,64.92,20362095,0.0
2020-07-09,64.65,64.93,62.32,62.59,6792206,0.0
2020-07-12,63.89,77.7499,63.8,71.72,55882816,0.0
2020-07-13,74,76.9486,70.6201,75.04,27216851,0.0
2020-07-14,87.52,88.37,78.01,80.23,83755539,0.0
2020-07-15,80.1598,84.2899,79.6,81.73,25932627,0.0
2020-07-16,83.35,95.21,82.61,94.99,91935592,0.0
2020-07-19,87.86,90.85,78.05,82.65,71684448,0.0
2020-07-20,80.91,82.43,79.07,80.9,25252037,0.0
2020-07-21,79.61,84.12,79.11,83.23,26513753,0.0
2020-07-22,82.05,82.68,74.9,75.34,18508107,0.0
2020-07-23,69.05,73.9,66.54,73.21,26606475,0.0
2020-07-26,80.63,80.98,76.16,79.91,41630875,0.0
2020-07-27,81,83.85,79.5,81.49,31259095,0.0
2020-07-28,81.98,82.82,76.5502,79.51,24039626,0.0
2020-07-29,78,79.25,76.8,77.6,12537000,0.0
2020-07-30,78.2,78.44,73.6038,74.1,13781899,0.0
2020-08-02,74.98,77.99,73.03,77.9404,9791283,0.0
2020-08-03,78.192,78.62,75.5,78.49,9146510,0.0
2020-08-04,77.49,77.49,73.69,75.76,18674649,0.0
2020-08-05,75.79,76.25,73.12,73.76,11442419,0.0
2020-08-06,74.38,75.39,73.01,74.05,8418390,0.0
2020-08-09,73.2915,73.37,71.41,72.0282,7056852,0.0
2020-08-10,69.52,71.4,67,68.96,14240638,0.0
2020-08-11,75.67,75.75,68.3,69.52,47228871,0.0
2020-08-12,69.09,69.18,67.05,67.84,14410071,0.0
2020-08-13,68.06,70.36,67.86,69.15,12432549,0.0
2020-08-16,69.14,70.78,68.38,69.75,8435856,0.0
2020-08-17,68.28,69.7,65.23,67.085,11042068,0.0
2020-08-18,66.74,69.17,66.6,68,8257263,0.0
2020-08-19,67.79,68,66.63,67.84,6197491,0.0
2020-08-20,67.5,68.02,65.6,66.49,6729052,0.0
2020-08-23,67.15,67.85,62.88,64.88,12364492,0.0
2020-08-24,64.32,66.696,63.55,66.25,7418985,0.0
2020-08-25,67.62,71.64,66.03,70.5,28166750,0.0
2020-08-26,69.98,70.32,67.01,68.02,9003545,0.0
2020-08-27,68.04,68.95,67.15,67.434,6031559,0.0
2020-08-30,67.14,67.2,62.54,64.93,14438331,0.0
2020-08-31,63.54,64.5,62.5,63.31,7796327,0.0
2020-09-01,62.84,64.89,61.3805,64.72,9512057,0.0
2020-09-02,65.65,69.35,64.3,64.84,13733050,0.0
2020-09-03,64.99,65,59.01,62.6,11405487,0.0
2020-09-07,57.75,58.6,54.21,54.34,16676734,0.0
2020-09-08,56.03,57.19,54.51,56.86,8968701,0.0
2020-09-09,59.9,60.32,57.4,57.56,5985842,0.0
2020-09-10,58.49,59.51,57.45,59.34,4618728,0.0
2020-09-13,60.15,63.85,60.115,63.69,8337057,0.0
2020-09-14,65.0274,68.41,64.2293,66.85,8890010,0.0
2020-09-15,67.64,70.04,66.73,68.83,10271907,0.0
2020-09-16,68.5,70.9,64.6,67.93,11693774,0.0
2020-09-17,68.28,70,66.1,69.85,8740028,0.0
2020-09-20,68.6,69.48,65.46,69.39,7255098,0.0
2020-09-21,67.5,69.19,66.67,68.73,5374657,0.0
2020-09-22,67.865,68.62,65.77,67.2,6507292,0.0
2020-09-23,65.5,66.77,63.64,65.27,5366528,0.0
2020-09-24,65.8865,69.73,65.67,69.43,8935364,0.0
2020-09-27,69.65,71.5,69.1,70.63,6714174,0.0
2020-09-28,70.46,71.34,69.5851,70.51,4954785,0.0
2020-09-29,72.51,75.39,70.16,70.74,14253929,0.0
2020-09-30,69.51,70.2,68.16,70.03,6003918,0.0
2020-10-01,67.9,72.77,67.25,68.81,7364343,0.0
2020-10-04,69.57,72.02,69.05,71.87,5754785,0.0
2020-10-05,72,73.92,70.31,71.04,6665827,0.0
2020-10-06,71.23,73.24,70.959,72.33,3796356,0.0
2020-10-07,73.5,73.76,72.01,72.93,3745733,0.0
2020-10-08,73.4,73.67,72.39,73.11,4445842,0.0
2020-10-11,73.61,75.8514,72.92,75.31,7133740,0.0
2020-10-12,75.8055,81.37,75.52,78.28,13051829,0.0
2020-10-13,80.01,80.01,76.3252,76.57,5999519,0.0
2020-10-14,75.48,76.49,73.7101,75.55,4367111,0.0
2020-10-15,76.06,76.93,73.665,73.98,4389768,0.0
2020-10-18,73.97,74.09,70.5,71,5530798,0.0
2020-10-19,72.07,73.1,70.65,71.25,5006986,0.0
2020-10-20,71.57,71.5784,68.06,68.405,3908770,0.0
2020-10-21,68.5035,72.53,68.4,70.69,4836108,0.0
2020-10-22,72.3,72.3997,68.8,70.5,3387746,0.0
2020-10-25,70.36,71.32,68.7,70.27,3292242,0.0
2020-10-26,70.45,71.35,68.81,70.67,2960930,0.0
2020-10-27,68.95,69.47,65.4899,65.73,5508841,0.0
2020-10-28,68.35,74.539,66.23,71.2,13262684,0.0
2020-10-29,70.8,71.49,66.85,67.48,6434546,0.0
2020-11-01,68.02,68.6,66.55,67.03,4257776,0.0
2020-11-02,66.75,69.25,66.59,69.08,3983862,0.0
2020-11-03,68.97,71.55,68.9188,69.77,4528795,0.0
2020-11-04,71.09,71.59,70.16,71.48,4018200,0.0
2020-11-05,71.42,74.16,70.87,72.44,5320149,0.0
2020-11-08,77.81,80.25,75.42,77.71,17883992,0.0
2020-11-09,80,80.38,73.52,76.08,9365492,0.0
2020-11-10,77.05,83.98,76.13,82.38,17166536,0.0
2020-11-11,85.18,87.93,83.83,87.79,20936909,0.0
2020-11-12,86.62,90.53,85.22,89.61,12359614,0.0
2020-11-15,100.31,103.2,93.3,98,60963886,0.0
2020-11-16,97.23,97.8,91.6,93.17,25356617,0.0
2020-11-17,93.87,94,88.6103,88.9,20860436,0.0
2020-11-18,90,94.65,89.5114,92.77,15358096,0.0
2020-11-19,95,98.43,94.82,97.61,14629250,0.0
2020-11-22,100.77,101.77,98.62,101.03,15516030,0.0
2020-11-23,98.4,99.89,93.54,98.36,11862698,0.0
2020-11-24,99.03,109.29,98.65,109.15,24585813,0.0
2020-11-26,115.12,130.06,114.86,127.03,42307924,0.0
2020-11-29,144,153.8699,141.05,152.92,65678203,0.0
2020-11-30,177.66,178.5,130.33,141.06,119588724,0.0
2020-12-01,138.63,149.7999,128.1,143,48512983,0.0
2020-12-02,143.5,159.11,143.0101,157.2659,36849966,0.0
2020-12-03,157.59,157.82,148.51,152.52,27021103,0.0
2020-12-06,155.03,163.98,152.97,159.46,30601619,0.0
2020-12-07,165.75,170.51,164.3,169.91,26680980,0.0
2020-12-08,170.2,170.8,147.2,156.62,39748439,0.0
2020-12-09,151.13,159.5,148.0101,155.67,20748941,0.0
2020-12-10,159.7,163.75,155.89,156.92,20028566,0.0
2020-12-13,163.4,163.7611,152.5606,155.07,21521611,0.0
2020-12-14,157,157.28,142.46,147.32,34489592,0.0
2020-12-15,137.75,141.334,134.31,137.01,25625529,0.0
2020-12-16,137.92,146.97,137.3,143.84,28123742,0.0
2020-12-17,141.51,145,135.06,140.33,28083877,0.0
2020-12-20,140.84,147.26,137.79,138.23,21876576,0.0
2020-12-21,139,141.4,123,125.98,34960751,0.0
2020-12-22,120.05,132,115,130.3264,40842240,0.0
2020-12-23,125.94,129.7,122.7201,123.39,12207518,0.0
2020-12-27,120.04,122.88,111.05,111.29,30285464,0.0
2020-12-28,107.7957,116.25,106.88,114.39,22591558,0.0
2020-12-29,118.4,118.9408,108.8,111.14,23383518,0.0
2020-12-30,110.55,113.55,102.66,104.47,23139835,0.0
2021-01-03,107.23,113.63,103.26,111.63,21787547,0.0
2021-01-04,113.82,114.98,107.2,109.2,14846269,0.0
2021-01-05,111.11,116.93,110.28,116.27,20260136,0.0
2021-01-06,120.1,122.82,112.13,115.18,19741703,0.0
2021-01-07,116.52,117.71,111.49,112.9,11694550,0.0
2021-01-10,112.75,121.24,112.62,117.25,16061773,0.0
2021-01-11,117.93,124.91,117.12,124.55,14828442,0.0
2021-01-12,123.7,127.58,120.74,123.96,13749217,0.0
2021-01-13,122.8,130.98,122.8,129.73,13002078,0.0
2021-01-14,129.6,133.29,126.58,129.7,15172484,0.0
2021-01-18,122.1,126.36,120.5,125.01,15962237,0.0
2021-01-19,124.51,126.0101,122.25,125.13,7474042,0.0
2021-01-20,125.28,137,125.25,132.98,20570621,0.0
2021-01-21,132.5,135.87,128.9,131.05,9896282,0.0
2021-01-24,138.4,147.4,137.25,146.99,25849908,0.0
2021-01-25,145.15,154.55,145,151.85,16510060,0.0
2021-01-26,151.2,164.55,149,155.73,19786680,0.0
2021-01-27,154.105,168,153.62,159.4,15595896,0.0
2021-01-28,174.99,185.98,166.2001,173.01,31446748,0.0
2021-01-31,173.03,174.5,154.3,157.48,21493707,0.0
2021-02-01,158.52,159.054,147.1,158.62,14381941,0.0
2021-02-02,156.6,168.39,156.4,165.86,11224723,0.0
2021-02-03,166.42,173.73,164.25,173.28,10211598,0.0
2021-02-04,170.99,177.5,170.26,176.23,8711163,0.0
2021-02-07,177,189.26,176.81,185.97,12749680,0.0
2021-02-08,186.21,187,177.27,179.42,8170738,0.0
2021-02-09,182.74,185.22,176.37,179.34,6749447,0.0
2021-02-10,178.29,184.22,176.2,183.44,5139084,0.0
2021-02-11,184.89,185,177.58,183.81,5504609,0.0
2021-02-15,182.41,184.18,173.5088,178.595,6760978,0.0
2021-02-16,174.28,178.01,171.62,176.75,5855841,0.0
2021-02-17,171.5929,175.47,168,169.57,4906409,0.0
2021-02-18,173.54,179.3,170.53,174.51,6107132,0.0
2021-02-21,167.8,170.35,158.58,159.27,10855437,0.0
2021-02-22,151.25,153,136,150.17,15020933,0.0
2021-02-23,150.41,151,143.47,144.8,8949745,0.0
2021-02-24,150.78,160.98,145.86,148.4,14429782,0.0
2021-02-25,157.98,159.6,150.88,155,11648553,0.0
2021-02-28,154.4631,157.7799,145.2501,157.27,15114320,0.0
2021-03-01,153.5,154.4713,146.44,146.59,8203962,0.0
2021-03-02,146.09,147.32,131,131.1831,13479250,0.0
2021-03-03,128.7,135.47,126.69,132.27,10549377,0.0
2021-03-04,133.0732,134.27,121.12,132.33,11742432,0.0
2021-03-07,129.15,133.55,122.48,123.47,6380981,0.0
2021-03-08,127.11,132.3,125.6,130.74,6456028,0.0
2021-03-09,133.62,135.715,128.7932,129.75,5270563,0.0
2021-03-10,132.9818,140.85,131.48,140.46,7515493,0.0
2021-03-11,134.04,138.7424,133.2,136.99,4593192,0.0
2021-03-14,136.77,143.74,135.01,143.62,7134769,0.0
2021-03-15,148.5,157.75,145.84,156.03,16436371,0.0
2021-03-16,150.25,152.0831,143.2501,147.7,10222600,0.0
2021-03-17,144.45,147.61,140.86,141.45,5785804,0.0
2021-03-18,143.06,145.18,138.53,143.91,5123869,0.0
2021-03-21,144.19,147.9199,141.85,145.6,4596384,0.0
2021-03-22,145.61,146.19,136.38,136.62,5610910,0.0
2021-03-23,137.25,137.74,131.01,131.49,5391898,0.0
2021-03-24,127.33,134.31,126.42,133.21,5326548,0.0
2021-03-25,133.38,135.6,128.02,133.28,3342979,0.0
2021-03-28,130.11,131.3,121.9,123.41,10467911,0.0
2021-03-29,123.15,123.5977,117.3411,118.41,10666776,0.0
2021-03-30,121.1,131.8,119.328,131,9460760,0.0
2021-03-31,132.2,136.6372,130.34,132.55,6867770,0.0
2021-04-04,132.6,133.1925,127.04,129.91,4657898,0.0
2021-04-05,130.11,138.2494,128.16,133.53,6804008,0.0
2021-04-06,132.37,135.16,130.21,131.42,4119949,0.0
2021-04-07,132.85,135.9,132.06,133.87,4140444,0.0
2021-04-08,133.51,144,133.34,140.82,9593866,0.0
2021-04-11,142.37,143.49,136.36,139.39,5735318,0.0
2021-04-12,146.8,152.11,145.35,149.72,11963077,0.0
2021-04-13,153.71,160.92,152.49,160.031,14527906,0.0
2021-04-14,158.98,163.58,155.23,159.86,9532367,0.0
2021-04-15,158.5,171.92,158.21,170.81,18205559,0.0
2021-04-18,166.79,168.1958,159.6,161.89,8450571,0.0
2021-04-19,160.31,162.73,153.27,156.68,6784113,0.0
2021-04-20,158.01,170.11,157.6901,169.51,10933773,0.0
2021-04-21,168.22,179,164.62,168.12,15609046,0.0
2021-04-22,169.83,175.51,168.35,173.57,8408787,0.0
2021-04-25,171.65,179.6,168.88,177.5,11336853,0.0
2021-04-26,178.18,185.5299,178.17,183.4,12602610,0.0
2021-04-27,182.42,182.89,176.12,178.82,8132159,0.0
2021-04-28,182.49,186.8,174.76,175.48,7217044,0.0
2021-04-29,175.16,184,174.52,178.77,8831862,0.0
2021-05-02,183.49,189,182.2101,186.04,14156876,0.0
2021-05-03,185.46,188.49,171.63,173.61,16249418,0.0
2021-05-04,178.3,180.7,156.81,162.7338,17773384,0.0
2021-05-05,148.01,163.47,143.56,160.5,27774719,0.0
2021-05-06,165.69,169.0196,160.8161,163.15,11454299,0.0
2021-05-09,164,164.7599,155.71,158.41,8247704,0.0
2021-05-10,151.31,161.99,150.06,158.81,7613298,0.0
2021-05-11,154.25,158.91,151.15,152.73,5300265,0.0
2021-05-12,152.7,155.62,146.85,149.68,5377147,0.0
2021-05-13,151.01,162.46,150.4,161.38,6148165,0.0
2021-05-16,159,163.37,156.7235,160.45,3750260,0.0
2021-05-17,160.16,165.75,157.9,159.55,4416864,0.0
2021-05-18,155.5,160.07,154.51,157.93,3662854,0.0
2021-05-19,159.92,166.81,158.89,165.97,4406391,0.0
2021-05-20,168.86,169.28,161.35,161.43,4849146,0.0
