Date,Open,High,Low,Close,Volume,OpenInterest
2017-05-30,17.55,17.55,17.165,17.24,8723430,0.0
2017-05-31,17.29,17.79,17.28,17.77,10607793,0.0
2017-06-01,17.77,17.78,17.42,17.59,7837125,0.0
2017-06-04,17.59,17.68,17.51,17.53,5459114,0.0
2017-06-05,17.36,17.925,17.36,17.805,6275184,0.0
2017-06-06,17.81,17.86,17.56,17.72,5967213,0.0
2017-06-07,17.68,17.87,17.6,17.84,7118438,0.0
2017-06-08,17.86,17.86,16.9037,17.26,7909350,0.0
2017-06-11,16.87,17.48,16.565,17.45,10734672,0.0
2017-06-12,17.6,17.84,17.45,17.74,5958350,0.0
2017-06-13,17.76,17.77,17.38,17.54,4189709,0.0
2017-06-14,17.17,17.59,17.06,17.41,6008227,0.0
2017-06-15,17.48,17.66,17.28,17.335,4482321,0.0
2017-06-18,17.49,17.63,17.35,17.455,4356674,0.0
2017-06-19,17.95,18.18,17.46,17.52,8135382,0.0
2017-06-20,17.64,17.73,17.449,17.535,3985678,0.0
2017-06-21,17.53,17.765,17.4,17.57,4525027,0.0
2017-06-22,17.55,17.78,17.41,17.67,3267731,0.0
2017-06-25,17.68,17.89,17.545,17.65,5512208,0.0
2017-06-26,17.54,17.54,16.79,16.795,7318713,0.0
2017-06-27,16.93,17.18,16.6,17.135,7601783,0.0
2017-06-28,17.03,17.19,16.6101,16.84,7380977,0.0
2017-06-29,16.82,16.84,16.37,16.51,12518564,0.0
2017-07-02,16.67,16.71,16.07,16.09,2875002,0.0
2017-07-04,16.18,16.37,15.92,16.32,12044192,0.0
2017-07-05,16.09,16.26,16.015,16.07,9079847,0.0
2017-07-06,16.08,16.18,15.915,16.13,10456107,0.0
2017-07-09,16.09,16.21,15.91,16.12,7808119,0.0
2017-07-10,16.1,16.2,15.9399,16.065,6453816,0.0
2017-07-11,16.24,16.54,16.23,16.37,6899951,0.0
2017-07-12,16.44,16.58,16.12,16.47,7214456,0.0
2017-07-13,16.49,16.61,16.43,16.58,3576685,0.0
2017-07-16,16.64,16.645,16.19,16.27,5985244,0.0
2017-07-17,16.18,16.3225,16,16.2,8382082,0.0
2017-07-18,16.27,16.525,16.13,16.485,3819195,0.0
2017-07-19,16.5,16.52,16.2,16.48,3406176,0.0
2017-07-20,16.41,16.41,16.01,16.24,6809344,0.0
2017-07-23,16.26,16.37,16.1342,16.22,2617828,0.0
2017-07-24,15.82,16.22,15.66,16.005,7587364,0.0
2017-07-25,16.07,16.205,15.96,16.05,3171696,0.0
2017-07-26,16.12,16.18,15.645,15.87,3419906,0.0
2017-07-27,15.81,15.87,15.5,15.59,5473495,0.0
2017-07-30,15.6,15.67,15.41,15.55,4086544,0.0
2017-07-31,15.59,15.8,15.405,15.77,7939136,0.0
2017-08-01,15.82,15.88,15.53,15.68,6459303,0.0
2017-08-02,15.73,15.77,15.42,15.5,3596913,0.0
2017-08-03,15.5,15.7,15.44,15.555,3576968,0.0
2017-08-06,15.6,15.695,15.52,15.68,2884912,0.0
2017-08-07,15.69,15.81,15.575,15.605,2762628,0.0
2017-08-08,15.51,15.61,15.405,15.505,2494130,0.0
2017-08-09,15.42,15.48,15.025,15.055,3447443,0.0
2017-08-10,15.05,15.419,14.87,15.385,3460594,0.0
2017-08-13,15.59,15.74,15.505,15.56,6409042,0.0
2017-08-14,15.57,15.865,15.49,15.82,4227286,0.0
2017-08-15,15.84,15.99,15.83,15.945,2213749,0.0
2017-08-16,15.89,15.97,15.47,15.55,3531012,0.0
2017-08-17,15.54,15.75,15.4967,15.66,3654747,0.0
2017-08-20,15.65,15.65,15.5,15.63,4701828,0.0
2017-08-21,15.69,15.96,15.67,15.92,4205276,0.0
2017-08-22,15.78,15.97,15.69,15.88,6994862,0.0
2017-08-23,16.01,16.1,15.71,15.87,5800445,0.0
2017-08-24,16.63,17.48,16.6,17.06,13676044,0.0
2017-08-27,17.07,17.245,16.965,17.14,6808803,0.0
2017-08-28,16.93,17.325,16.84,17.25,4149354,0.0
2017-08-29,17.27,17.8,17.27,17.75,7089464,0.0
2017-08-30,17.79,17.97,17.74,17.91,5509117,0.0
2017-08-31,17.9,18,17.81,17.84,2867839,0.0
2017-09-04,17.62,17.96,17.58,17.84,5596272,0.0
2017-09-05,17.93,17.95,17.6,17.61,2912883,0.0
2017-09-06,17.67,17.6987,17.47,17.47,3080099,0.0
2017-09-07,17.45,17.48,17.2,17.255,2892518,0.0
2017-09-10,17.44,17.45,17.22,17.38,5476638,0.0
2017-09-11,17.45,17.61,17.33,17.6,3552922,0.0
2017-09-12,17.62,17.87,17.56,17.82,4956459,0.0
2017-09-13,17.69,18.38,17.56,18.28,9540003,0.0
2017-09-14,18.39,18.56,18.2,18.35,5367190,0.0
2017-09-17,18.42,18.67,18.35,18.43,6564233,0.0
2017-09-18,18.46,18.6,18.13,18.15,5881072,0.0
2017-09-19,18.19,18.23,17.79,18.04,6587977,0.0
2017-09-20,18.02,18.195,17.875,18.02,4327806,0.0
2017-09-21,17.9,18.09,17.85,17.865,4193584,0.0
2017-09-24,17.78,17.87,17.49,17.61,5523713,0.0
2017-09-25,17.75,17.825,17.625,17.64,2618897,0.0
2017-09-26,17.81,18.15,17.7645,17.915,3659791,0.0
2017-09-27,17.85,18.065,17.77,17.96,3219411,0.0
2017-09-28,18.03,18.23,17.89,17.895,4022834,0.0
2017-10-01,18.21,18.72,18.16,18.395,9624491,0.0
2017-10-02,18.4,18.585,18.3,18.435,2525357,0.0
2017-10-03,18.35,18.54,18.3,18.52,5435209,0.0
2017-10-04,18.51,18.51,18.31,18.375,3317366,0.0
2017-10-05,18.15,18.315,18.14,18.2,3135557,0.0
2017-10-08,18.31,18.54,18.31,18.445,4448483,0.0
2017-10-09,18.49,18.55,18.41,18.505,6479580,0.0
2017-10-10,18.45,18.55,18.411,18.51,4041767,0.0
2017-10-11,18.48,18.49,18.25,18.3,2439869,0.0
2017-10-12,18.4,18.4,18.23,18.29,3267033,0.0
2017-10-15,18.3,18.315,18.11,18.26,4201717,0.0
2017-10-16,18.24,18.42,18.19,18.36,2344350,0.0
2017-10-17,18.43,18.52,18.175,18.45,3414868,0.0
2017-10-18,18.34,18.45,18.13,18.415,1586764,0.0
2017-10-19,18.47,18.495,18.3799,18.41,1118795,0.0
2017-10-22,18.7,18.88,18.45,18.465,5468678,0.0
2017-10-23,18.5,18.59,18.485,18.58,17888321,0.0
2017-10-24,18.49,18.57,18.37,18.395,7847581,0.0
2017-10-25,18.41,18.45,18.26,18.4,3590364,0.0
2017-10-26,18.39,18.59,18.24,18.44,4167776,0.0
2017-10-29,18.35,18.43,17.98,18.24,5495327,0.0
2017-10-30,18.32,18.5,18.28,18.465,2778076,0.0
2017-10-31,18.57,18.57,18.14,18.295,3057616,0.0
2017-11-01,18.27,18.38,17.85,18.285,2868708,0.0
2017-11-02,18.33,18.55,18.23,18.51,6277789,0.0
2017-11-05,20.04,21.08,19.96,20.21,18610448,0.0
2017-11-06,20.38,20.61,20,20.13,10080197,0.0
2017-11-07,20.15,20.225,20.0901,20.14,6335107,0.0
2017-11-08,20.13,20.19,19.85,20.13,8094764,0.0
2017-11-09,20.19,20.19,20.06,20.125,6309763,0.0
2017-11-12,20.01,20.14,20.01,20.13,3911686,0.0
2017-11-13,20.07,20.16,20.04,20.13,3237977,0.0
2017-11-14,19.95,20.115,19.75,20.08,2464849,0.0
2017-11-15,20.11,20.325,20.09,20.26,6273012,0.0
2017-11-16,20.31,20.45,20.24,20.28,4626438,0.0
2017-11-19,20.8,21.81,20.12,21.59,56157483,0.0
2017-11-20,22.15,23.4099,21.94,23.28,29801534,0.0
2017-11-21,23.78,24.2205,23.43,23.83,25138650,0.0
2017-11-23,23.84,23.9,23.51,23.81,6392081,0.0
2017-11-26,23.62,23.7,23.19,23.39,10899175,0.0
2017-11-27,23.87,23.88,23.215,23.28,10560430,0.0
2017-11-28,23.53,23.86,22.02,22.215,17941119,0.0
2017-11-29,22.17,22.91,22.17,22.35,10900851,0.0
2017-11-30,22.13,22.29,21.68,22.18,10969130,0.0
2017-12-03,22.43,22.615,21.88,22.3,9598355,0.0
2017-12-04,22.21,22.65,21.78,21.97,5433743,0.0
2017-12-05,21.8,21.96,21.6,21.825,5062098,0.0
2017-12-06,22.1,22.28,21.805,22.01,5034858,0.0
2017-12-07,22.04,22.19,21.85,22.04,6052449,0.0
2017-12-10,22.02,22.33,21.98,22.06,3602585,0.0
2017-12-11,22,22.25,21.94,22.19,3843749,0.0
2017-12-12,22.31,22.52,21.77,21.85,4312576,0.0
2017-12-13,21.87,22.035,21.57,21.64,6984737,0.0
2017-12-14,21.71,21.8304,21.4239,21.65,5130314,0.0
2017-12-17,21.72,22.36,21.6,22.17,6055578,0.0
2017-12-18,22.32,22.42,22.015,22.36,4243083,0.0
2017-12-19,22.55,22.57,22.09,22.32,3627657,0.0
2017-12-20,22.39,22.39,21.97,22.07,4173130,0.0
2017-12-21,22,22.21,21.91,22.02,4142381,0.0
2017-12-25,21.81,21.98,21.66,21.84,2887424,0.0
2017-12-26,21.8,22.115,21.72,22.04,3440117,0.0
2017-12-27,22.05,22.15,21.81,21.89,3142395,0.0
2017-12-28,21.99,21.99,21.47,21.47,3591433,0.0
2018-01-01,21.66,22.35,21.41,22.2,4691113,0.0
2018-01-02,22.29,22.95,22.23,22.885,7872130,0.0
2018-01-03,22.97,23.47,22.8275,23.4,7650461,0.0
2018-01-04,23.5,23.64,22.39,23.01,5283146,0.0
2018-01-07,22.97,23.24,22.89,23.165,4031731,0.0
2018-01-08,23.28,23.31,22.99,23.15,8815507,0.0
2018-01-09,22.83,23.215,22.6,23.15,7625567,0.0
2018-01-10,23.25,23.25,22.85,23.14,3776656,0.0
2018-01-11,23.14,24.21,23.13,23.83,17153929,0.0
2018-01-15,24.07,24.07,23.465,23.58,9512906,0.0
2018-01-16,23.65,23.86,23.48,23.57,6347192,0.0
2018-01-17,23.63,23.9,23.6,23.67,7023490,0.0
2018-01-18,23.84,23.9,23.64,23.68,5709113,0.0
2018-01-21,23.76,23.81,23.52,23.62,3050721,0.0
2018-01-22,23.68,23.81,23.28,23.53,6500793,0.0
2018-01-23,23.36,23.545,22.75,23.29,7818954,0.0
2018-01-24,23.59,23.605,22.97,23.02,7361835,0.0
2018-01-25,23.23,23.46,23.16,23.39,5257206,0.0
2018-01-28,23.37,23.49,23.24,23.46,6201443,0.0
2018-01-29,22.93,23.37,22.9252,23.12,3338474,0.0
2018-01-30,23.34,23.54,23.26,23.33,8299672,0.0
2018-01-31,23.11,23.45,22.53,22.6,6361883,0.0
2018-02-01,22.38,22.59,21.87,22.42,8271786,0.0
2018-02-04,22.14,22.56,21.31,21.34,7476257,0.0
2018-02-05,20.87,21.83,20.51,21.7,9945367,0.0
2018-02-06,21.58,21.95,21.21,21.33,5838296,0.0
2018-02-07,21.44,21.53,20.37,20.76,10213774,0.0
2018-02-08,21.05,21.45,20.54,21.3,8472083,0.0
2018-02-11,21.48,22.04,21.39,21.93,5315444,0.0
2018-02-12,21.85,22.36,21.64,22.36,8789359,0.0
2018-02-13,22.15,22.435,22,22.27,5373733,0.0
2018-02-14,22.55,22.93,22.43,22.75,5895857,0.0
2018-02-15,22.65,22.91,22.43,22.67,4207395,0.0
2018-02-19,22.72,23.4,22.53,23.19,4534014,0.0
2018-02-20,23.19,23.57,22.96,23.19,6036198,0.0
2018-02-21,23.23,23.84,22.99,23.12,5008983,0.0
2018-02-22,23.3,23.36,23.005,23.26,3211825,0.0
2018-02-25,23.32,23.53,23.21,23.46,3101429,0.0
2018-02-26,23.54,23.95,23.375,23.38,6016883,0.0
2018-02-27,23.47,23.82,23.25,23.5,5296997,0.0
2018-02-28,23.57,23.75,23.01,23.325,3689536,0.0
2018-03-01,23,23.52,22.77,23.4201,4674474,0.0
2018-03-04,23.22,23.6,23.01,23.49,4314315,0.0
2018-03-05,23.55,23.68,23.27,23.57,6063432,0.0
2018-03-06,23.5,23.85,23.3272,23.68,12669622,0.0
2018-03-07,23.89,24.42,23.615,24.32,13909241,0.0
2018-03-08,24.21,25.18,23.85,24.34,15682061,0.0
2018-03-11,24.56,24.63,23.67,24.37,14200745,0.0
2018-03-12,24.1,24.535,22.8,22.95,19099494,0.0
2018-03-13,23,23.46,22.47,23.41,16451095,0.0
2018-03-14,23.52,23.77,23.02,23.185,9167762,0.0
2018-03-15,23.35,23.45,23.05,23.17,5134491,0.0
2018-03-18,22.93,23.275,22.55,22.81,8599845,0.0
2018-03-19,22.9,23.27,22.8,23.11,5677869,0.0
2018-03-20,23.04,23.38,22.92,23.01,5391387,0.0
2018-03-21,22.64,22.945,22.05,22.06,5855920,0.0
2018-03-22,22.16,22.36,21.47,21.47,5659089,0.0
2018-03-25,21.97,22.37,21.749,22.21,5372762,0.0
2018-03-26,22.32,22.37,21.24,21.4,5424362,0.0
2018-03-27,21.18,21.39,20.4,20.51,9080587,0.0
2018-03-28,20.64,21.095,20.5,21,6266087,0.0
2018-04-01,20.84,20.88,20.05,20.2,6021801,0.0
2018-04-02,20.54,20.66,20.13,20.42,7263818,0.0
2018-04-03,19.9,20.85,19.79,20.8,6025350,0.0
2018-04-04,21.55,21.59,21.035,21.13,9394743,0.0
2018-04-05,20.83,21.13,20.46,20.5092,7522041,0.0
2018-04-08,20.7,21.18,20.565,20.6,5112245,0.0
2018-04-09,21.3,21.64,21.05,21.47,7046692,0.0
2018-04-10,21.4,22.4,21.4,22.08,6881887,0.0
2018-04-11,22.31,22.43,22.12,22.42,5092057,0.0
2018-04-12,22.63,22.66,21.73,22.01,6514202,0.0
2018-04-15,22.19,22.22,21.625,21.76,4751366,0.0
2018-04-16,21.95,22.25,21.9,22.25,3546502,0.0
2018-04-17,22.4,22.5,21.985,22.02,4153394,0.0
2018-04-18,21.55,21.84,20.98,21.04,9318487,0.0
2018-04-19,21.15,21.37,20.47,20.53,7363614,0.0
2018-04-22,20.61,20.78,20.35,20.36,5144684,0.0
2018-04-23,20.65,21.34,20.52,20.645,9745679,0.0
2018-04-24,20.58,20.68,20.185,20.39,4627145,0.0
2018-04-25,20.64,20.91,20.5,20.89,4540417,0.0
2018-04-26,21.02,21.06,20.33,20.35,4631241,0.0
2018-04-29,20.41,20.53,19.97,20.06,4822768,0.0
2018-04-30,19.88,20.35,19.8,20.32,3371278,0.0
2018-05-01,20.31,20.63,20.22,20.55,4263995,0.0
2018-05-02,20.2,20.885,19.43,20.82,16753098,0.0
2018-05-03,20.7,21.31,20.54,21.25,6326615,0.0
2018-05-06,21.3,21.49,20.74,20.785,6362824,0.0
2018-05-07,20.78,21.15,20.7359,21.08,5183740,0.0
2018-05-08,21.08,21.42,21,21.29,3056768,0.0
2018-05-09,21.43,21.48,21.21,21.43,3348613,0.0
2018-05-10,21.31,21.39,20.82,21.02,3944831,0.0
2018-05-13,21.85,22.71,21.7,21.93,10558295,0.0
2018-05-14,21.8,21.865,21.405,21.69,4829835,0.0
2018-05-15,21.79,21.89,21.47,21.87,3322742,0.0
2018-05-16,21.8,22.13,21.56,21.64,6360488,0.0
2018-05-17,21.49,21.69,21.29,21.41,5089860,0.0
2018-05-20,21.9,22.02,21.355,21.435,4837460,0.0
2018-05-21,21.62,22.09,21.5,21.93,4724955,0.0
2018-05-22,21.83,22.085,21.72,22.06,3630212,0.0
2018-05-23,22,22.145,21.76,21.95,3805312,0.0
2018-05-24,22.5,23.33,22.15,22.49,18429583,0.0
2018-05-28,22.26,22.55,21.79,21.95,7200987,0.0
2018-05-29,22.17,22.18,21.57,21.99,7343928,0.0
2018-05-30,21.91,22.07,21.32,21.587,9143621,0.0
2018-05-31,21.9,22.68,21.54,22.17,8990634,0.0
2018-06-03,22.29,22.46,21.81,22.09,6187811,0.0
2018-06-04,22.2,22.2,21.81,22.03,4386401,0.0
2018-06-05,22.06,22.14,21.73,22.11,4238088,0.0
2018-06-06,22.42,22.95,22.16,22.2,11263225,0.0
2018-06-07,21.86,22,21.35,21.75,7915442,0.0
2018-06-10,21.66,21.91,21.27,21.38,8617569,0.0
2018-06-11,21.32,21.64,21.32,21.62,4691597,0.0
2018-06-12,21.71,22.1,21.61,21.99,5664590,0.0
2018-06-13,22.04,22.1,21.48,21.76,4817657,0.0
2018-06-14,21.9,22,21.565,21.91,4645180,0.0
2018-06-17,21.73,21.82,21.445,21.77,3948659,0.0
2018-06-18,21.53,21.54,20.775,21.32,8105920,0.0
2018-06-19,21.44,21.97,21.35,21.755,4366755,0.0
2018-06-20,21.94,22.09,21.22,21.24,3798130,0.0
2018-06-21,21.39,21.45,20.93,21.3,5118266,0.0
2018-06-24,20.98,21.02,19.98,20.175,8043560,0.0
2018-06-25,20.29,20.29,19.81,19.905,8180085,0.0
2018-06-26,20.85,20.865,20.12,20.13,10143214,0.0
2018-06-27,21.68,22.0881,21.1601,21.76,25437111,0.0
2018-06-28,21.73,22.055,21.365,21.44,16300096,0.0
2018-07-01,21.08,21.495,20.76,21.46,8696706,0.0
2018-07-02,21.45,21.59,20.92,21.05,6465617,0.0
2018-07-04,21.19,21.34,20.93,21.34,8266020,0.0
2018-07-05,21.21,21.75,21.1,21.63,6174237,0.0
2018-07-08,21.87,22.03,21.545,22,8484981,0.0
2018-07-09,22.21,22.915,22.2,22.66,19287322,0.0
2018-07-10,22.15,22.4,21.72,21.75,8272528,0.0
2018-07-11,21.98,22.26,21.75,22.13,9370642,0.0
2018-07-12,22.04,22.18,21.73,21.85,6804209,0.0
2018-07-15,21.86,21.97,21.14,21.14,7690414,0.0
2018-07-16,21.02,21.78,20.93,21.69,10249513,0.0
2018-07-17,21.7,21.9,21.37,21.58,5464948,0.0
2018-07-18,21.57,21.74,21.29,21.71,4579530,0.0
2018-07-19,21.65,22.115,21.46,21.85,6627894,0.0
2018-07-22,21.71,21.9,21.345,21.73,4596608,0.0
2018-07-23,21.98,22.195,21.45,21.555,5225536,0.0
2018-07-24,21.52,21.79,21.2,21.695,6819444,0.0
2018-07-25,21.65,22.12,21.65,22.07,6859854,0.0
2018-07-26,22.05,22.36,21.54,21.67,8509427,0.0
2018-07-29,21.79,21.89,20.985,21.24,4525734,0.0
2018-07-30,21.4,21.63,21.05,21.3,5227912,0.0
2018-07-31,21.3,21.615,21.09,21.195,6639913,0.0
2018-08-01,21,21.57,20.97,21.565,3766692,0.0
2018-08-02,21.5,21.64,21.175,21.36,4688676,0.0
2018-08-05,21.56,21.88,21.24,21.86,4231129,0.0
2018-08-06,21.95,22.185,21.835,22.16,3455873,0.0
2018-08-07,22.12,22.25,21.99,22.11,4049684,0.0
2018-08-08,22.02,22.05,21.67,21.7,2559973,0.0
2018-08-09,21.15,21.34,20.81,20.91,5202215,0.0
2018-08-12,20.91,21.08,20.77,20.78,4919026,0.0
2018-08-13,20.86,20.91,20.47,20.48,7012154,0.0
2018-08-14,20.28,20.44,19.89,20.09,7705822,0.0
2018-08-15,20.2,20.4,20.06,20.28,6469966,0.0
2018-08-16,20.39,20.39,19.715,19.78,11003327,0.0
2018-08-19,19.9,20.09,19.48,19.84,6763471,0.0
2018-08-20,19.96,20.39,19.85,20.3,6310491,0.0
2018-08-21,20.21,20.55,20.12,20.44,2804258,0.0
2018-08-22,20.46,20.65,20.21,20.24,3697758,0.0
2018-08-23,20.43,20.54,20.325,20.495,3056055,0.0
2018-08-26,20.64,20.92,20.48,20.5,5901070,0.0
2018-08-27,20.52,20.67,20.35,20.585,7971615,0.0
2018-08-28,20.61,21.235,20.55,21.07,7307769,0.0
2018-08-29,21.09,21.16,20.76,20.84,4916088,0.0
2018-08-30,20.88,21.08,20.62,20.67,7037591,0.0
2018-09-03,20.58,20.89,20.44,20.69,8733157,0.0
2018-09-04,20.7,20.75,20.4,20.49,7760614,0.0
2018-09-05,20.45,20.62,19.45,19.46,15935973,0.0
2018-09-06,20.9,20.9,19.28,19.45,31424267,0.0
2018-09-09,19.57,19.62,18.83,19.02,18487293,0.0
2018-09-10,18.69,19.13,18.55,18.81,13492231,0.0
2018-09-11,18.56,18.69,18.16,18.33,10812962,0.0
2018-09-12,18.5,18.665,18.135,18.53,13409843,0.0
2018-09-13,18.56,19.08,18.47,18.97,11584033,0.0
2018-09-16,18.72,18.87,18.365,18.445,6263270,0.0
2018-09-17,18.67,18.7,18.35,18.66,8929940,0.0
2018-09-18,18.74,18.93,18.31,18.45,9904789,0.0
2018-09-19,18.52,18.985,18.52,18.85,12217213,0.0
2018-09-20,18.75,18.92,18.56,18.84,9908227,0.0
2018-09-23,18.66,18.89,18.52,18.89,7444881,0.0
2018-09-24,18.96,18.98,18.49,18.59,7283043,0.0
2018-09-25,18.52,18.72,18.345,18.5,6356177,0.0
2018-09-26,18.56,18.98,18.42,18.71,10375458,0.0
2018-09-27,18.66,19.3079,18.64,19.29,12848436,0.0
2018-09-30,19.39,19.485,19.11,19.27,9627746,0.0
2018-10-01,19.21,19.635,19.18,19.41,10666594,0.0
2018-10-02,19.5,19.62,19.14,19.58,9273312,0.0
2018-10-03,19.45,19.65,19.15,19.29,8529604,0.0
2018-10-04,19.22,19.42,18.3268,18.6,8854908,0.0
2018-10-07,18.5,18.63,18.08,18.35,10197902,0.0
2018-10-08,18.25,18.66,18,18.47,13873202,0.0
2018-10-09,18.15,18.2,17.37,17.39,13669218,0.0
2018-10-10,17.41,18.56,17.18,17.71,14961492,0.0
2018-10-11,18.39,18.46,17.83,18.0197,10927224,0.0
2018-10-14,18.13,18.475,17.97,18.13,9734918,0.0
2018-10-15,18.34,19.12,18.29,18.87,17638594,0.0
2018-10-16,19.07,19.1,18.38,18.9535,15824791,0.0
2018-10-17,18.77,18.88,17.965,18.09,9468145,0.0
2018-10-18,18.2,18.45,17.57,17.76,7672240,0.0
2018-10-21,17.91,18.08,17.405,18,10467146,0.0
2018-10-22,17.42,17.905,17.1,17.54,12138402,0.0
2018-10-23,17.2,17.29,16.53,16.53,10896932,0.0
2018-10-24,16.9,17.16,16.75,16.84,12747033,0.0
2018-10-25,16.15,16.16,15.34,15.68,17914143,0.0
2018-10-28,15.81,16.205,15.305,15.6,11095356,0.0
2018-10-29,15.5,16.14,15.48,16.14,11522047,0.0
2018-10-30,16.41,16.63,16.18,16.4,8160801,0.0
2018-10-31,16.44,17.66,16.44,17.58,12536555,0.0
2018-11-01,17.23,17.625,16.87,17.58,9212813,0.0
2018-11-04,17.44,17.55,16.97,17.13,5267758,0.0
2018-11-05,17.09,17.27,16.735,16.84,8385421,0.0
2018-11-06,17.02,17.05,16.56,16.88,7440632,0.0
2018-11-07,16.76,16.935,16.605,16.7,6387939,0.0
2018-11-08,16.5,16.52,16.18,16.38,7836736,0.0
2018-11-11,16.1,16.1343,15.56,15.77,7859113,0.0
2018-11-12,15.81,16.15,15.62,15.73,11310297,0.0
2018-11-13,15.93,16.09,15.585,15.73,7246040,0.0
2018-11-14,15.57,16.37,15.57,16.09,11557013,0.0
2018-11-15,15.73,16.095,15.6,15.88,13489739,0.0
2018-11-18,15.87,15.9,15.14,15.2,8474915,0.0
2018-11-19,14.73,15.435,14.69,15.23,8151498,0.0
2018-11-20,15.52,15.79,15.39,15.67,5025082,0.0
2018-11-22,15.46,15.78,15.43,15.65,2328515,0.0
2018-11-25,15.83,16,15.63,15.98,9072257,0.0
2018-11-26,15.9,16.17,15.6,16.03,9189987,0.0
2018-11-27,16.09,16.19,15.7,16.1,7896734,0.0
2018-11-28,15.97,16.31,15.88,16.07,5577127,0.0
2018-11-29,15.99,16.16,15.795,16.1,8285984,0.0
2018-12-02,16.53,16.72,16.32,16.38,8711633,0.0
2018-12-03,16.28,16.36,15.47,15.5,14301468,0.0
2018-12-05,15.97,16.25,15.26,16.11,26523351,0.0
2018-12-06,15.93,16.08,15.32,15.45,9986309,0.0
2018-12-09,15.4,15.7,15.19,15.35,10567281,0.0
2018-12-10,15.64,15.75,15.25,15.31,7411095,0.0
2018-12-11,15.58,15.905,15.34,15.3475,11877492,0.0
2018-12-12,15.92,16,15.38,15.64,20416028,0.0
2018-12-13,15.49,15.645,15.3,15.38,8300981,0.0
2018-12-16,15.29,15.5,15.1,15.24,8094208,0.0
2018-12-17,15.36,15.99,15.36,15.45,11898268,0.0
2018-12-18,15.36,15.76,14.715,14.76,12616238,0.0
2018-12-19,14.76,15.33,14.63,14.85,12327495,0.0
2018-12-20,14.99,15.18,14.71,14.9,9795493,0.0
2018-12-23,14.77,14.84,14.4,14.4,3917396,0.0
2018-12-25,14.58,15.48,14.34,15.48,9332485,0.0
2018-12-26,15.26,15.71,15.18,15.7,7573088,0.0
2018-12-27,15.79,15.935,15.585,15.645,5830867,0.0
2018-12-30,15.88,16.22,15.83,16.14,11679598,0.0
2019-01-01,15.9,16.76,15.81,16.49,16176091,0.0
2019-01-02,16.14,16.39,15.7,15.815,11487505,0.0
2019-01-03,16.13,16.38,15.99,16.215,11999678,0.0
2019-01-06,16.27,16.7,16.25,16.595,7462839,0.0
2019-01-07,16.81,16.89,16.43,16.71,9065047,0.0
2019-01-08,16.81,17.11,16.74,17.1,6689660,0.0
2019-01-09,16.98,17.2,16.79,17.095,9472119,0.0
2019-01-10,17.01,17.48,16.95,17.32,14188599,0.0
2019-01-13,17.13,17.25,16.97,17.09,6187856,0.0
2019-01-14,17.05,17.27,16.79,16.835,9423111,0.0
2019-01-15,16.84,16.99,16.65,16.675,6868715,0.0
2019-01-16,16.52,16.6,16.33,16.505,11384454,0.0
2019-01-17,16.68,17.25,16.53,16.855,17021393,0.0
2019-01-21,16.76,16.8158,16.395,16.645,8395951,0.0
2019-01-22,16.73,16.95,16.54,16.695,8929157,0.0
2019-01-23,17,17.855,16.97,17.495,18270740,0.0
2019-01-24,17.82,18.86,17.77,18.555,27802440,0.0
2019-01-27,17.94,18.57,17.8,18.39,10270098,0.0
2019-01-28,18.42,18.48,17.9,18.185,9346275,0.0
2019-01-29,18.44,18.475,18.155,18.32,8574435,0.0
2019-01-30,18.3,18.71,18.155,18.535,8901298,0.0
2019-01-31,18.55,18.665,18.285,18.415,7105947,0.0
2019-02-03,18.46,18.63,18.25,18.56,3899795,0.0
2019-02-04,18.39,18.72,18.285,18.63,7178158,0.0
2019-02-05,18.9,19.17,18.85,19.08,16470027,0.0
2019-02-06,17.98,18.49,17.95,18.345,18935846,0.0
2019-02-07,18.03,18.45,17.98,18.38,6746977,0.0
2019-02-10,18.48,19.02,18.365,19.01,7762804,0.0
2019-02-11,19.3,19.56,19.23,19.42,14965758,0.0
2019-02-12,19.53,19.71,19.235,19.285,10591613,0.0
2019-02-13,19.2,19.42,19.135,19.2,8596685,0.0
2019-02-14,19.37,19.37,18.7601,18.825,11021022,0.0
2019-02-20,19.72,19.8,19.505,19.6,5485858,0.0
2019-02-21,19.75,19.89,19.56,19.645,6733888,0.0
2019-02-24,20,20.05,19.68,19.71,8647634,0.0
2019-02-25,19.64,19.95,19.57,19.87,10507933,0.0
2019-02-26,19.77,19.865,19.57,19.72,5611589,0.0
2019-02-27,19.58,20.28,19.56,19.95,10828406,0.0
2019-02-28,20.09,20.18,19.61,20.02,8557223,0.0
2019-03-03,20.18,20.37,19.84,20.15,10163533,0.0
2019-03-04,20.06,20.22,19.95,20.04,6896779,0.0
2019-03-05,20.05,20.11,19.6,19.6,9687943,0.0
2019-03-06,19.54,19.56,19.07,19.17,20309973,0.0
2019-03-07,18.65,18.82,18.08,18.66,20436907,0.0
2019-03-10,18.8,19.475,18.8,19.37,11451513,0.0
2019-03-11,19.44,19.98,19.33,19.78,12271217,0.0
2019-03-12,19.88,19.975,19.63,19.7,6924641,0.0
2019-03-13,19.66,19.81,19.36,19.41,4838276,0.0
2019-03-14,19.865,20.17,19.83,20.15,13472331,0.0
2019-03-17,20.09,20.15,19.67,19.96,6966102,0.0
2019-03-18,20.04,20.43,20.01,20.23,8607439,0.0
2019-03-19,20.21,20.35,19.97,20.01,7288205,0.0
2019-03-20,20.06,20.98,20,20.8,11681706,0.0
2019-03-21,20.6,20.69,19.65,19.71,10560300,0.0
2019-03-24,19.62,19.88,19.41,19.73,6182871,0.0
2019-03-25,19.92,20.11,19.51,19.7,6295733,0.0
2019-03-26,19.98,20.09,19.65,19.82,10001327,0.0
2019-03-27,19.92,20.07,19.39,19.44,11259071,0.0
2019-03-28,19.59,19.985,19.58,19.89,10910083,0.0
2019-03-31,20.12,20.31,20.005,20.25,4822413,0.0
2019-04-01,20.14,20.29,19.95,20.18,9485357,0.0
2019-04-02,20.48,20.875,20.39,20.64,15590148,0.0
2019-04-03,20.59,21.09,20.55,20.96,15028665,0.0
2019-04-04,20.99,21.36,20.8064,21.305,14509760,0.0
2019-04-07,21.14,21.51,21.1,21.43,11432677,0.0
2019-04-08,21.32,21.72,21.27,21.7,12099411,0.0
2019-04-09,21.72,22.38,21.6,22.35,20868512,0.0
2019-04-10,22.35,22.64,22.09,22.63,12234625,0.0
2019-04-11,22.97,23.93,22.9,23.73,25335611,0.0
2019-04-14,23.84,24.11,23.54,23.71,20197055,0.0
2019-04-15,23.83,24.19,23.68,24.01,18154570,0.0
2019-04-16,24.45,25.41,24.35,24.87,23282233,0.0
2019-04-17,24.91,25.24,24.77,24.84,13524707,0.0
2019-04-21,24.7,24.98,24.52,24.83,8242601,0.0
2019-04-22,24.85,25.1965,24.75,25.12,8675747,0.0
2019-04-23,25.32,25.735,25.25,25.46,14162345,0.0
2019-04-24,25.47,25.53,25.02,25.43,12799047,0.0
2019-04-25,24.89,25.125,24.75,25.06,16527079,0.0
2019-04-28,25.05,25.35,24.8,25.14,8328728,0.0
2019-04-29,25.02,25.33,24.86,25.02,15555885,0.0
2019-04-30,25.16,25.33,24.66,24.66,8691586,0.0
2019-05-01,24.64,24.99,24.45,24.71,8357293,0.0
2019-05-02,24.81,24.92,24.41,24.685,7823265,0.0
2019-05-05,23.63,24.49,23.55,24.43,7873461,0.0
2019-05-06,24.2,24.375,23.48,23.85,12233168,0.0
2019-05-07,23.71,24.13,23.67,23.87,6983862,0.0
2019-05-08,23.56,23.56,22.84,23.41,8956364,0.0
2019-05-09,23.36,23.7,22.92,23.52,6810834,0.0
2019-05-12,22.92,22.98,22.03,22.15,12148055,0.0
2019-05-13,22.49,22.955,22.32,22.89,8953117,0.0
2019-05-14,22.5,23.26,22.45,23.1,6528357,0.0
2019-05-15,22.61,23.28,22.35,23.11,8930562,0.0
2019-05-16,22.61,23.46,22.515,22.62,10587436,0.0
2019-05-19,22.06,22.33,21.57,21.76,16040626,0.0
2019-05-20,22.32,22.62,21.93,22.4,13931590,0.0
2019-05-21,22.12,22.63,22.02,22.61,10062725,0.0
2019-05-22,22.28,22.325,21.77,22.13,9193238,0.0
2019-05-23,22.2,22.41,21.91,21.92,4492946,0.0
2019-05-27,21.95,22.08,21.3,21.34,9802810,0.0
2019-05-28,22.02,22.21,21.53,22.02,13250785,0.0
2019-05-29,22.1,22.675,22.07,22.19,11380994,0.0
2019-05-30,22.26,22.64,21.79,22.29,18869688,0.0
2019-06-02,22.29,22.8481,22.22,22.36,9920670,0.0
2019-06-03,22.7,23.46,22.485,23.43,13662649,0.0
2019-06-04,23.58,23.9,22.85,23.17,10197826,0.0
2019-06-05,23.29,23.735,23.07,23.7,7632606,0.0
2019-06-06,23.85,24.18,23.56,24.06,11245389,0.0
2019-06-09,24.17,24.85,24.14,24.45,13893673,0.0
2019-06-10,24.91,25.07,24.33,24.675,10078328,0.0
2019-06-11,24.48,24.5584,23.9,24.06,6310118,0.0
2019-06-12,24.39,24.47,24.18,24.26,14316652,0.0
2019-06-13,23.62,23.995,23.43,23.83,10118896,0.0
2019-06-16,23.77,24.015,23.63,23.72,4521340,0.0
2019-06-17,23.97,24.6,23.9215,24.57,7434646,0.0
2019-06-18,24.55,24.69,24.24,24.31,5474206,0.0
2019-06-19,24.87,24.92,24.035,24.12,8215722,0.0
2019-06-20,24,24.14,23.725,23.91,7393938,0.0
2019-06-23,23.92,24.14,23.745,23.78,5574835,0.0
2019-06-24,23.78,23.99,23.4,23.41,4893443,0.0
2019-06-25,23.82,24.2,23.67,23.71,8223663,0.0
2019-06-26,23.98,24.35,23.82,23.89,5928786,0.0
2019-06-27,24.21,24.24,23.745,23.88,5835152,0.0
2019-06-30,24.94,24.975,23.995,24.27,12990848,0.0
2019-07-01,24.23,24.24,23.94,24.03,5524721,0.0
2019-07-02,24.45,24.65,24.12,24.56,6133187,0.0
2019-07-04,24.46,24.53,24.05,24.31,3657643,0.0
2019-07-07,24.05,24.25,23.89,24.14,4402620,0.0
2019-07-08,24.01,24.67,24,24.57,5306455,0.0
2019-07-09,24.87,25.285,24.75,25.09,6790818,0.0
2019-07-10,25.11,25.15,24.71,24.89,5572867,0.0
2019-07-11,24.99,25.41,24.92,25.4,4809348,0.0
2019-07-14,25.55,26.18,25.55,26,8467236,0.0
2019-07-15,25.99,26.14,25.59,25.72,6270252,0.0
2019-07-16,26.01,26.28,25.69,26.1,9529190,0.0
2019-07-17,26.09,26.6494,26.05,26.39,9023703,0.0
2019-07-18,26.6,26.614,25.85,25.91,6668550,0.0
2019-07-21,25.6,26.03,25.539,25.85,5682126,0.0
2019-07-22,26.09,26.52,25.98,26.51,5965810,0.0
2019-07-23,26.5,27.28,26.41,27.2,14280170,0.0
2019-07-24,26.95,27.39,26.8,27.22,9772441,0.0
2019-07-25,27.45,27.64,27.26,27.34,6844463,0.0
2019-07-28,27.33,27.41,27.01,27.29,3526779,0.0
2019-07-29,27,27.08,26.68,26.88,6461175,0.0
2019-07-30,26.9,27.01,26.01,26.26,8081472,0.0
2019-07-31,26.36,26.79,25.29,25.65,8889134,0.0
2019-08-01,25.18,25.31,24.9,25.03,5794675,0.0
2019-08-04,24.44,24.5,23.685,23.95,8939904,0.0
2019-08-05,24.45,24.73,24.06,24.2561,8771195,0.0
2019-08-06,24.02,24.81,23.96,24.6947,9842743,0.0
2019-08-07,25,25.37,24.69,25.37,7100326,0.0
2019-08-08,25.11,25.275,24.71,24.72,6400746,0.0
2019-08-11,24.59,24.84,23.805,23.91,8924196,0.0
2019-08-12,23.88,25.345,23.79,25.14,10517230,0.0
2019-08-13,24.48,24.85,24.28,24.71,5309073,0.0
2019-08-14,24.95,25.03,24.02,24.09,7756346,0.0
2019-08-15,24.45,25.13,24.42,24.93,5170166,0.0
2019-08-18,25.575,25.69,25.13,25.18,3992847,0.0
2019-08-19,25.17,25.21,24.89,24.92,3025963,0.0
2019-08-20,25.2,25.25,24.7,24.83,6953752,0.0
2019-08-21,25.06,25.11,24.6116,24.81,5745463,0.0
2019-08-22,24.55,24.95,23.625,23.79,7096103,0.0
2019-08-25,23.99,24.17,23.52,23.6,7348326,0.0
2019-08-26,23.94,23.94,23.18,23.49,8281278,0.0
2019-08-27,23.46,23.63,23.22,23.57,5807519,0.0
2019-08-28,24.03,24.53,23.92,24.2,8058144,0.0
2019-08-29,24.1,24.8668,23.55,23.97,15154037,0.0
2019-09-02,23.67,23.84,23.215,23.28,9148749,0.0
2019-09-03,23.53,24.13,23.53,24.03,8560642,0.0
2019-09-04,24.52,25.06,24.52,24.86,7954860,0.0
2019-09-05,24.98,25.06,24.64,24.86,6421939,0.0
2019-09-08,24.99,25.18,24.755,25,5872328,0.0
2019-09-09,25.01,25.01,24.52,24.81,5544094,0.0
2019-09-10,24.94,26.0964,24.86,25.9999,7450707,0.0
2019-09-11,26.16,26.53,25.88,25.96,7721973,0.0
2019-09-12,26.01,26.1,25.83,25.86,4232980,0.0
2019-09-15,25.74,25.75,25.315,25.39,6826335,0.0
2019-09-16,25.25,25.885,25.1915,25.84,6247471,0.0
2019-09-17,25.93,25.95,25.28,25.62,5308246,0.0
2019-09-18,25.71,25.975,25.545,25.61,4485841,0.0
2019-09-19,25.64,25.71,24.72,24.84,7619873,0.0
2019-09-22,24.81,25.245,24.785,25.04,5201737,0.0
2019-09-23,25.2,25.26,24.135,24.3,7869529,0.0
2019-09-24,24.37,24.99,24.18,24.93,5758226,0.0
2019-09-25,24.93,25.13,24.55,24.99,4268064,0.0
2019-09-26,24.88,25.21,24.52,24.76,3730463,0.0
2019-09-29,24.98,25.01,24.59,24.97,3893496,0.0
2019-09-30,25.15,25.27,23.82,24.01,9970278,0.0
2019-10-01,23.75,24.11,23.51,23.99,7942034,0.0
2019-10-02,24.03,24.25,23.685,23.91,10859830,0.0
2019-10-03,24.46,24.5,24.17,24.43,13667409,0.0
2019-10-06,24.4,24.75,24.4,24.51,9492745,0.0
2019-10-07,24.19,24.29,22.94,22.96,20991598,0.0
2019-10-08,23.23,23.6219,23.055,23.31,9590437,0.0
2019-10-09,23.38,23.71,23.12,23.29,12120373,0.0
2019-10-10,23.76,24.3,23.735,24.04,12321701,0.0
2019-10-13,23.95,24.09,23.765,24.05,5783283,0.0
2019-10-14,24.22,24.575,24.07,24.39,6741941,0.0
2019-10-15,24.3,24.44,23.76,23.77,7451848,0.0
2019-10-16,24.1,24.19,23.57,23.63,12921097,0.0
2019-10-17,23.58,23.73,23.21,23.67,9444257,0.0
2019-10-20,23.77,24.04,23.77,24.02,2939017,0.0
2019-10-21,24.13,24.18,23.8,24.12,6671015,0.0
2019-10-22,23.82,23.93,23.3,23.36,5102670,0.0
2019-10-23,23.76,24.44,23.725,24.39,7679159,0.0
2019-10-24,24.5,24.96,24.33,24.74,5297201,0.0
2019-10-27,25.19,25.29,25.02,25.15,4315334,0.0
2019-10-28,25.12,25.34,24.66,24.73,4245125,0.0
2019-10-29,24.73,24.88,24.25,24.39,4447024,0.0
2019-10-30,24.4,24.5,23.91,24.39,4077461,0.0
2019-10-31,24.55,25.345,24.38,25.135,5608018,0.0
2019-11-03,26.33,26.82,25.92,26.785,9565691,0.0
2019-11-04,26.99,27.47,26.81,27.045,8340238,0.0
2019-11-05,26.96,27.05,26.45,26.655,4529107,0.0
2019-11-06,27.08,27.18,26.725,26.8751,3881698,0.0
2019-11-07,27.1,27.15,26.55,27.06,6046127,0.0
2019-11-10,27,27.1,26.725,26.95,3756050,0.0
2019-11-11,27.27,28.38,27.25,28.06,15261704,0.0
2019-11-12,27.78,28.37,27.63,28.11,8414906,0.0
2019-11-13,27.68,27.68,26.69,26.98,12828697,0.0
2019-11-14,27.36,27.44,26.82,26.87,7126727,0.0
2019-11-17,26.9,26.9718,26.085,26.115,8769763,0.0
2019-11-18,26.15,26.49,25.76,26.37,6737244,0.0
2019-11-19,26.19,26.7,25.92,26.39,4819680,0.0
2019-11-20,26.23,26.53,25.99,26.14,4280072,0.0
2019-11-21,26.3,26.4,25.92,25.98,3322023,0.0
2019-11-24,26.28,26.88,26.18,26.69,5642467,0.0
2019-11-25,26.57,26.66,26.17,26.51,6602556,0.0
2019-11-26,26.68,26.88,26.62,26.72,3331025,0.0
2019-11-28,26.67,26.67,26.33,26.38,2687457,0.0
2019-12-01,26.44,26.45,25.78,25.82,6710800,0.0
2019-12-02,24.94,25.38,24.5204,25.16,11198445,0.0
2019-12-03,24.65,24.89,23.7,23.92,25963002,0.0
2019-12-04,24.03,24.2,23.39,23.45,10477151,0.0
2019-12-05,23.92,24.37,23.7,24.1637,9724326,0.0
2019-12-08,24.04,24.11,23.4641,23.53,8657397,0.0
2019-12-09,23.73,24.085,23.57,23.69,7844454,0.0
2019-12-10,24,24.85,23.88,24.78,9884189,0.0
2019-12-11,24.84,25.745,24.83,25.63,11569077,0.0
2019-12-12,25.72,26.39,25.57,25.72,10821427,0.0
2019-12-15,26.13,26.24,25.75,25.915,7029992,0.0
2019-12-16,26.13,26.13,25.61,25.77,6112751,0.0
2019-12-17,25.87,25.95,25.485,25.58,6555270,0.0
2019-12-18,25.7,26.1,25.6517,26.05,6650576,0.0
2019-12-19,26.22,26.25,25.745,25.95,5939619,0.0
2019-12-22,26.08,26.69,26.08,26.5,5924890,0.0
2019-12-23,26.53,26.61,26.26,26.56,3316253,0.0
2019-12-25,26.6,26.95,26.51,26.92,4216032,0.0
2019-12-26,27.03,27.1,26.63,26.7,4116314,0.0
2019-12-29,26.6,26.68,26.15,26.41,4738794,0.0
2019-12-30,26.29,26.62,26.2395,26.56,3034716,0.0
2020-01-01,27,27.385,26.82,27.375,6010706,0.0
2020-01-02,26.61,27.055,26.4681,26.67,9276353,0.0
2020-01-05,26.29,26.3,25.59,25.68,9943678,0.0
2020-01-06,25.87,26.39,25.79,26.24,6872019,0.0
2020-01-07,26.24,26.43,25.91,26.05,7102641,0.0
2020-01-08,26.47,26.47,25.8737,26.09,8010915,0.0
2020-01-09,26.2,26.6,26.04,26.5,6583285,0.0
2020-01-12,26.73,27.54,26.6477,27.51,9838173,0.0
2020-01-13,27.61,27.92,27.31,27.51,10860383,0.0
2020-01-14,27.35,27.39,26.615,26.73,9730332,0.0
2020-01-15,27.12,28.36,27.08,28.25,20047931,0.0
2020-01-16,28.5,28.855,28.24,28.48,10204299,0.0
2020-01-20,28.19,28.295,27.23,27.51,28871740,0.0
2020-01-21,27.68,28.135,27.61,27.77,13460568,0.0
2020-01-22,27.81,28.04,27.39,28.01,11901573,0.0
2020-01-23,28.31,28.34,26.96,27.305,13992783,0.0
2020-01-26,26.26,26.41,25.84,25.86,7252007,0.0
2020-01-27,26.19,26.595,26.06,26.33,5431516,0.0
2020-01-28,25.89,26.14,25.04,25.09,16323742,0.0
2020-01-29,24.92,25.22,24.17,24.78,16153821,0.0
2020-01-30,24.79,24.79,23.9137,24.04,9934630,0.0
2020-02-02,24.31,24.5,24.105,24.21,8408848,0.0
2020-02-03,24.85,25.175,24.505,24.755,9788613,0.0
2020-02-04,25.33,26.05,25.02,25.845,9871645,0.0
2020-02-05,25.9,26,25.47,25.75,4085161,0.0
2020-02-06,24.23,24.46,23.86,24.02,20142942,0.0
2020-02-09,23.78,24.15,23.46,24.14,12817776,0.0
2020-02-10,24.61,25.78,24.59,25.5,19277586,0.0
2020-02-11,25.64,25.79,25.25,25.4747,7776432,0.0
2020-02-12,25.12,25.52,24.78,25.21,6024990,0.0
2020-02-13,25.35,25.485,24.75,25.12,4989462,0.0
2020-02-17,24.71,24.97,24.56,24.79,5535126,0.0
2020-02-18,25.14,25.5167,25.03,25.2,5716872,0.0
2020-02-19,25.16,25.49,24.74,25.13,4207891,0.0
2020-02-20,24.97,24.9799,24.23,24.45,6261866,0.0
2020-02-23,22.93,23.42,22.47,22.95,13028830,0.0
2020-02-24,23.36,23.45,22.55,22.64,12093529,0.0
2020-02-25,22.82,23.35,22.18,22.37,9709972,0.0
2020-02-26,21.61,21.71,20.54,20.55,18850400,0.0
2020-02-27,19.59,21.34,19.5,21.3,21720478,0.0
2020-03-01,21.6,22,20.79,21.97,12371360,0.0
2020-03-02,22.12,22.72,21.255,21.3,11195914,0.0
2020-03-03,21.7783,22.6,21.72,22.6,9062664,0.0
2020-03-04,24.45,25.8,24.33,24.94,37790285,0.0
2020-03-05,24.51,24.67,23.28,24.085,13923762,0.0
2020-03-08,22.15,23.52,22,22.18,12352904,0.0
2020-03-09,23.12,23.22,22.25,23.2,13021339,0.0
2020-03-10,22.69,22.91,21.84,22.01,19017982,0.0
2020-03-11,20.5,21.29,19.53,19.545,12636599,0.0
2020-03-12,20.84,21,18.95,20.7701,11470717,0.0
2020-03-15,18.62,19.21,17.72,17.745,17218766,0.0
2020-03-16,18.13,19.15,17.18,18.8,10318186,0.0
2020-03-17,17.31,18.522,16.45,17.26,9246048,0.0
2020-03-18,17.33,19.52,16.89,18.82,19796070,0.0
2020-03-19,19.06,19.83,18.43,18.67,11221588,0.0
2020-03-22,18.7,19.11,17.82,18.96,8776711,0.0
2020-03-23,20.2,22.06,20.13,21.86,12139895,0.0
2020-03-24,22.01,23.1,21.45,21.62,10987017,0.0
2020-03-25,22.03,23.24,21.52,23.17,8704838,0.0
2020-03-26,22.45,23.16,21.89,22.34,10460821,0.0
2020-03-29,22.67,23.05,22.2,22.7,13661502,0.0
2020-03-30,22.65,23.575,22.23,22.75,12984123,0.0
2020-03-31,21.8,22.66,21.375,21.65,7387542,0.0
2020-04-01,21.29,22.83,21.29,22.64,8884665,0.0
2020-04-02,22.45,22.88,22.15,22.43,7406778,0.0
2020-04-05,23.43,23.99,22.95,23.84,17232706,0.0
2020-04-06,24.5,24.6949,23.54,23.86,16836844,0.0
2020-04-07,24.2,24.819,23.86,24.74,6489822,0.0
2020-04-08,25.09,25.285,23.88,24.28,8795102,0.0
2020-04-12,24.6,24.6,24.05,24.51,10337700,0.0
2020-04-13,25.11,25.7,24.85,25.52,17607297,0.0
2020-04-14,25.31,25.34,24.805,25.15,22344025,0.0
2020-04-15,25.25,25.87,24.86,25.79,48199986,0.0
2020-04-16,26.33,26.595,25.7,25.95,13545236,0.0
2020-04-19,25.65,26.62,25.44,26.23,23406399,0.0
2020-04-20,25.91,26.13,24.86,25.29,38260394,0.0
2020-04-21,26.25,26.66,25.845,26.635,24048186,0.0
2020-04-22,26.5,26.99,26.22,26.43,31696602,0.0
2020-04-23,26.47,27.2,26.125,27.12,21904451,0.0
2020-04-26,27.55,28.06,27.17,27.43,20265544,0.0
2020-04-27,27.93,27.95,26.82,26.89,8324680,0.0
2020-04-28,27.3,27.9601,27.21,27.75,8611740,0.0
2020-04-29,27.63,27.64,26.73,26.74,13841830,0.0
2020-04-30,26.06,26.37,25.1407,25.43,10466000,0.0
2020-05-03,25.07,25.72,25.0273,25.7,12454914,0.0
2020-05-04,26.24,26.5484,25.99,26.27,7239627,0.0
2020-05-05,26.69,27.175,26.57,26.585,15035686,0.0
2020-05-06,26.9,27.01,26.24,26.44,14162110,0.0
2020-05-07,26.41,27,26.41,26.85,8509147,0.0
2020-05-10,26.54,26.74,26.165,26.34,15046960,0.0
2020-05-11,26.65,26.835,26.01,26.05,7968816,0.0
2020-05-12,26.25,26.415,25.405,25.76,13298902,0.0
2020-05-13,25.48,26.34,24.98,26.28,14126530,0.0
2020-05-14,25.63,26.42,25.441,26.34,10304186,0.0
2020-05-17,26.8,27.755,26.8,27.56,7578491,0.0
2020-05-18,27.75,28.33,27.35,27.37,6570853,0.0
2020-05-19,28.02,29.17,27.93,28.96,23332430,0.0
2020-05-20,28.82,29.52,28.82,29.11,10575955,0.0
2020-05-21,29.23,30.19,28.89,30.14,8356039,0.0
2020-05-25,31.92,32,30.29,30.4,13215644,0.0
2020-05-26,30.53,30.93,29.25,30.69,12279717,0.0
2020-05-27,30.53,31.075,29.69,29.96,26781560,0.0
2020-05-28,32.57,32.96,31.47,32.62,19613214,0.0
2020-05-31,32.35,33.1571,31.95,32.995,11325448,0.0
2020-06-01,33.01,34.67,32.91,34.62,30060350,0.0
2020-06-02,35.25,36.88,35.23,35.95,17045798,0.0
2020-06-03,35.7,36.915,35.3297,35.885,18941334,0.0
2020-06-04,36.34,36.74,35.76,35.89,18189572,0.0
2020-06-07,35.34,35.79,34.83,34.94,22902128,0.0
2020-06-08,34.36,35.6201,34.2494,35.16,18368898,0.0
2020-06-09,35.48,35.6901,35.02,35.07,7083962,0.0
2020-06-10,33.98,34.505,33.24,33.32,16017010,0.0
2020-06-11,34.48,34.6,33.68,33.69,1856867,0.0
2020-06-14,33,34.48,32.67,34.391,7241273,0.0
2020-06-15,35.76,35.79,34.02,34.74,7857676,0.0
2020-06-16,34.92,35.47,34.82,34.98,4620132,0.0
2020-06-17,35.2,35.2,34.31,34.51,10499379,0.0
2020-06-18,34.9334,34.95,33.96,33.96,10426202,0.0
2020-06-21,34.13,34.89,33.77,34.71,6822163,0.0
2020-06-22,35.22,35.22,34.34,34.36,4082234,0.0
2020-06-23,34.09,34.525,33.56,33.61,4849369,0.0
2020-06-24,33.56,33.89,32.96,33.87,4149669,0.0
2020-06-25,33.95,34.11,33.05,33.22,6177648,0.0
2020-06-28,33.19,33.79,32.64,33.57,5156803,0.0
2020-06-29,33.62,35.14,33.62,35.05,7135091,0.0
2020-06-30,35,35.02,34.29,34.37,5485487,0.0
2020-07-01,34.83,35.39,34.6794,35.02,5390556,0.0
2020-07-05,35.82,36.47,35.63,36.16,7807565,0.0
2020-07-06,36.16,36.33,35.41,35.445,5788188,0.0
2020-07-07,35.92,37.605,35.69,37.58,13559812,0.0
2020-07-08,37.888,38.25,36.965,38.15,11399289,0.0
2020-07-09,38.43,38.48,37.71,38.305,5594705,0.0
2020-07-12,39.05,39.4,36.62,36.687,9314619,0.0
2020-07-13,36.09,37.35,35.58,37.22,6105880,0.0
2020-07-14,36.8,37.4955,36.13,37.045,5410383,0.0
2020-07-15,36.39,36.59,35.86,36.54,5028195,0.0
2020-07-16,36.65,36.99,36.45,36.505,4440170,0.0
2020-07-19,36.55,36.99,36.24,36.88,5270157,0.0
2020-07-20,37.21,37.28,35.93,36.33,6779178,0.0
2020-07-21,36.4052,36.48,35.67,36.01,5379945,0.0
2020-07-22,36.13,36.29,35.265,35.33,3570069,0.0
2020-07-23,34.78,35.52,34.28,34.99,7762062,0.0
2020-07-26,35.28,35.86,35.17,35.57,5105088,0.0
2020-07-27,35.47,35.51,34.88,34.98,4425775,0.0
2020-07-28,35.4202,35.4202,34.76,35.12,4139729,0.0
2020-07-29,34.59,36.05,34.42,35.93,6818343,0.0
2020-07-30,36.47,36.64,35.89,36.465,6898185,0.0
2020-08-02,37.01,37.485,36.91,37.38,7331830,0.0
2020-08-03,37.4436,37.58,36.89,37.5,5248437,0.0
2020-08-04,37.6,37.82,36.89,37.77,5301255,0.0
2020-08-05,37.36,37.36,36.22,36.63,8328167,0.0
2020-08-06,36.68,36.75,35.3403,36.085,9253217,0.0
2020-08-09,36.075,36.1416,35.23,35.35,6320621,0.0
2020-08-10,35.41,35.47,34.6,34.6993,5748701,0.0
2020-08-11,34.87,35.7099,34.87,35.27,4404774,0.0
2020-08-12,35.25,35.25,34.42,34.7,10061817,0.0
2020-08-13,34.67,34.77,33.34,33.57,12303769,0.0
2020-08-16,33.69,33.945,33.32,33.77,5965981,0.0
2020-08-17,33.99,34.15,33.31,33.3762,4117293,0.0
2020-08-18,33.47,33.69,33.02,33.11,4303210,0.0
2020-08-19,32.88,32.98,32.53,32.795,4767116,0.0
2020-08-20,32.92,33.46,32.68,33.46,6469275,0.0
2020-08-23,34.36,34.73,33.89,34.71,10098207,0.0
2020-08-24,34.72,35.28,34.555,35.21,8991632,0.0
2020-08-25,35.47,35.825,35.13,35.61,6121836,0.0
2020-08-26,35.95,36.595,35.34,35.93,12288830,0.0
2020-08-27,36.75,38.38,36,38.25,17108191,0.0
2020-08-30,37.99,39.25,37.79,38.77,8277838,0.0
2020-08-31,38.94,40.21,38.87,39.19,10334807,0.0
2020-09-01,39.98,41.34,39.11,41.185,9407503,0.0
2020-09-02,39.8035,39.99,37.86,38.33,10904484,0.0
2020-09-03,37.66,38.47,35.94,37.37,9442162,0.0
2020-09-07,36.76,38.56,36.5,37.55,9195843,0.0
2020-09-08,38.2344,39.62,37.81,39.45,8003527,0.0
2020-09-09,39.89,40.07,38.335,38.51,4387528,0.0
2020-09-10,39.05,39.36,38.14,38.77,5009066,0.0
2020-09-13,39.49,39.83,39.11,39.21,5746707,0.0
2020-09-14,39.7421,39.7421,38.805,39.005,5673226,0.0
2020-09-15,39.01,39.29,38.02,38.065,7144463,0.0
2020-09-16,37.26,38.9,36.78,38.7,5810099,0.0
2020-09-17,39.03,39.12,37.95,38.48,4268382,0.0
2020-09-20,37.91,38.44,37.31,38.385,5088887,0.0
2020-09-21,38.69,38.87,37.69,38.86,5429409,0.0
2020-09-22,38.82,38.94,37.52,37.57,4618572,0.0
2020-09-23,37.06,38.58,37,37.89,5413486,0.0
2020-09-24,37.93,38.17,37.16,38.0414,5548527,0.0
2020-09-27,38.5424,40.04,38.5,39.92,6239773,0.0
2020-09-28,39.97,40.56,39.37,39.4,5934988,0.0
2020-09-29,39.15,39.98,38.78,39.69,4626294,0.0
2020-09-30,40.41,40.73,39.84,40.3,5306037,0.0
2020-10-01,39.49,40.44,39.3,39.78,5108819,0.0
2020-10-04,40.4865,41.83,40.03,41.52,9021672,0.0
2020-10-05,42.06,43.12,41.69,42.09,8074561,0.0
2020-10-06,43.0814,43.67,42.35,42.62,10535252,0.0
2020-10-07,43.18,43.72,42.5,42.74,9966874,0.0
2020-10-08,43.83,44.94,43.39,44.7,9846551,0.0
2020-10-11,44.9,45.04,42.98,43.56,9352654,0.0
2020-10-12,44.03,44.2387,43.3,43.77,4798646,0.0
2020-10-13,44.01,44.09,43.04,43.3,4111805,0.0
2020-10-14,42.67,43.15,42.54,42.95,3438575,0.0
2020-10-15,43.6,43.71,42.92,42.97,3466182,0.0
2020-10-18,43.41,43.62,41.78,41.85,5323474,0.0
2020-10-19,42.23,42.325,41.365,41.62,4347779,0.0
2020-10-20,41.56,41.77,40.34,40.4,6110008,0.0
2020-10-21,40.51,41.25,39.84,41.04,4968352,0.0
2020-10-22,41.21,41.47,40.48,41.45,4973934,0.0
2020-10-25,41,41.89,40.405,40.9,3816986,0.0
2020-10-26,41.19,41.8,40.84,41.49,4495621,0.0
2020-10-27,40.56,40.76,39.52,39.53,5815421,0.0
2020-10-28,36.08,39.7,35.3,38.195,39439864,0.0
2020-10-29,38.27,38.68,37.005,37.51,14641504,0.0
2020-11-01,37.9,37.91,36.5114,36.9,10103104,0.0
2020-11-02,37.21,37.6599,37.02,37.19,7823485,0.0
2020-11-03,37.85,39.49,37.37,39.17,10868228,0.0
2020-11-04,40.14,41.54,39.87,41.5,12310163,0.0
2020-11-05,41.42,45.815,40.99,45.13,21967046,0.0
2020-11-08,45.61,45.61,42.13,42.21,13802773,0.0
2020-11-09,41.88,42.07,39.41,40.32,12487821,0.0
2020-11-10,41.05,42.92,41.05,42.26,9954919,0.0
2020-11-11,42.17,42.45,41.29,41.6,5824543,0.0
2020-11-12,42.89,43.95,42.69,43.225,7243044,0.0
2020-11-15,43.5,43.82,42.71,42.735,3680318,0.0
2020-11-16,43.15,43.45,42.53,42.97,4601509,0.0
2020-11-17,42.81,43.62,42.73,43.09,3822602,0.0
2020-11-18,43.03,44.41,42.78,44.18,4887142,0.0
2020-11-19,44.29,44.815,43.94,43.96,4962367,0.0
2020-11-22,44.17,44.7774,43.519,44.59,5470248,0.0
2020-11-23,44.95,45.01,43.78,44.84,4776113,0.0
2020-11-24,44.94,45.2,44.36,44.59,4162118,0.0
2020-11-26,44.8699,45.58,44.82,45.1,2648498,0.0
2020-11-29,45.64,46.38,44.52,46.3,6184171,0.0
2020-11-30,46.8951,47.21,46.21,46.63,7392843,0.0
2020-12-01,46.4,46.665,45.45,45.61,6756394,0.0
2020-12-02,45.81,45.975,45.01,45.4199,10564825,0.0
2020-12-03,44.32,44.81,42.83,43.34,21635675,0.0
2020-12-06,43.43,44.21,43.1372,44.12,7920250,0.0
2020-12-07,43.89,44.14,43.32,43.68,6891224,0.0
2020-12-08,43.8,44.325,42.4215,42.56,6524587,0.0
2020-12-09,42.3,43.35,42.18,42.9,4781524,0.0
2020-12-10,42.96,43.325,42.1,42.94,6302657,0.0
2020-12-13,44,45.02,43.67,44.31,10418413,0.0
2020-12-14,45,45.43,44.52,45.16,6665066,0.0
2020-12-15,45.12,45.365,44.48,45.31,6537467,0.0
2020-12-16,45.96,47.235,45.79,47.135,9389623,0.0
2020-12-17,47.16,48.42,47.11,47.51,12550919,0.0
2020-12-20,46.99,47.69,46.425,47.26,7030861,0.0
2020-12-21,47.51,47.68,46.48,47.15,3901130,0.0
2020-12-22,47.18,47.49,46.36,46.41,5336386,0.0
2020-12-23,46.73,47.095,46.26,47.04,3595096,0.0
2020-12-27,47.8,48.1,46.76,47,4904993,0.0
2020-12-28,47.34,47.41,45.635,46.25,4785094,0.0
2020-12-29,46.68,47.635,46.54,47.5,4082561,0.0
2020-12-30,47.45,47.7893,47.06,47.54,3567718,0.0
2021-01-03,47.81,48.56,45.84,46.31,10836883,0.0
2021-01-04,46.05,47.61,46.01,47.6,5069816,0.0
2021-01-05,46.78,47.6,46.36,46.51,5822098,0.0
2021-01-06,47.45,49.13,47.25,49.02,7308595,0.0
2021-01-07,49.89,50.64,48.41,49.08,10414186,0.0
2021-01-10,48.75,50.545,48.4287,50.24,8074395,0.0
2021-01-11,51.15,51.23,50.03,50.635,5887598,0.0
2021-01-12,50.61,50.71,49.43,50.23,5212863,0.0
2021-01-13,50.35,51.94,49.94,51.3,8789556,0.0
2021-01-14,51.47,51.7,50.27,50.77,7333783,0.0
2021-01-18,51.7,54.35,51.66,53.7973,15115391,0.0
2021-01-19,55.19,55.7,53.98,54.05,10368693,0.0
2021-01-20,54.48,54.62,52.82,53.49,8226707,0.0
2021-01-21,52.95,53.37,52.58,52.6,6041414,0.0
2021-01-24,53.34,54.88,52.46,54.42,10460211,0.0
2021-01-25,54.9018,54.94,53.2,54.01,7662839,0.0
2021-01-26,53.01,53.85,50.94,51.15,12949162,0.0
2021-01-27,51.57,53.06,51.41,52.17,8516049,0.0
2021-01-28,52.5,52.5,51.025,51.42,6928048,0.0
2021-01-31,52.06,53.06,51.61,52.85,5520660,0.0
2021-02-01,53.73,54.01,51.85,52.86,7351893,0.0
2021-02-02,52.865,52.99,50.73,51.11,9142870,0.0
2021-02-03,51.25,51.3528,49.94,50.3,10707047,0.0
2021-02-04,50.69,50.69,49.58,50.05,8891000,0.0
2021-02-07,50.58,51.615,50.4,51.58,6917845,0.0
2021-02-08,51.24,51.785,51.01,51.25,6204797,0.0
2021-02-09,51.26,51.38,49.84,50.58,6677622,0.0
2021-02-10,51.2,52.24,50.83,52.11,8203205,0.0
2021-02-11,52.08,54.1773,51.53,53.82,10527054,0.0
2021-02-15,54.5,54.56,52.58,52.92,7205204,0.0
2021-02-16,52.06,52.31,50.07,50.41,9435280,0.0
2021-02-17,49.98,50.99,49.25,50.45,9952841,0.0
2021-02-18,51.28,52.22,50.8,51.89,9223376,0.0
2021-02-21,51.1646,51.4,49.48,49.7,11521593,0.0
2021-02-22,48.2,49.4,46.68,48.81,12692501,0.0
2021-02-23,48.59,49.28,47.45,49.27,11423401,0.0
2021-02-24,48.9,49.42,46.14,46.53,10266068,0.0
2021-02-25,47.35,48.59,46.62,48.28,10298464,0.0
2021-02-28,49.0855,49.56,48.19,49.54,8096312,0.0
2021-03-01,49.81,49.88,47.78,47.82,8523156,0.0
2021-03-02,47.09,47.57,45.305,45.56,14646405,0.0
2021-03-03,43.06,43.59,39.89,40.09,32045938,0.0
2021-03-04,40.6,41.63,37.92,41.52,20464000,0.0
2021-03-07,42.36,42.92,39.97,40.07,16976295,0.0
2021-03-08,42.26,44.49,41.62,43.85,18738198,0.0
2021-03-09,44.64,44.89,42.73,42.82,21786037,0.0
2021-03-10,44.5,46.65,44.28,46.31,16777581,0.0
2021-03-11,44.9135,47.47,44.91,47.16,13031718,0.0
2021-03-14,47.39,48.38,47.15,48.37,7436846,0.0
2021-03-15,48.73,49.19,47.58,47.96,7847656,0.0
2021-03-16,46.83,48.495,46.31,48.14,8388481,0.0
2021-03-17,47.4,47.43,45.48,45.55,8435978,0.0
2021-03-18,46.09,47.245,45.52,47.005,6978958,0.0
2021-03-21,47.81,48.555,47.31,47.69,6249842,0.0
2021-03-22,47.79,47.82,45.935,46.169,6819706,0.0
2021-03-23,46.93,47.44,45.18,45.2,16604844,0.0
2021-03-24,44.12,45.11,43.65,44.75,10514627,0.0
2021-03-25,44.56,47.07,44.42,47.04,8172831,0.0
2021-03-28,46.89,47.14,45.91,46.51,8421103,0.0
2021-03-29,46.3383,47.53,45.92,47.34,7412810,0.0
2021-03-30,48.1,49.6,47.87,48.99,8568919,0.0
2021-03-31,49.84,50,48.782,49.66,10123025,0.0
2021-04-04,50.55,51.21,50.12,51.07,8361361,0.0
2021-04-05,50.62,51.22,50.11,50.85,8498423,0.0
2021-04-06,50.7026,50.93,50.09,50.36,7472920,0.0
2021-04-07,51,51.49,49.91,50.39,7013960,0.0
2021-04-08,49.67,50.16,48.62,49.58,6357235,0.0
2021-04-11,49.31,50.07,48.7126,49.659,10175164,0.0
2021-04-12,49.73,49.9848,48.14,48.75,7222126,0.0
2021-04-13,48.82,49.32,47.82,48.05,5524479,0.0
2021-04-14,48.6,49.005,48.16,48.78,5478307,0.0
2021-04-15,48.68,48.88,47.41,47.89,11641797,0.0
2021-04-18,47.39,47.82,46.09,46.63,8170461,0.0
2021-04-19,46.48,47.13,45.66,45.81,10067290,0.0
2021-04-20,45.6,47.51,45.23,47.51,6159011,0.0
2021-04-21,47.77,47.77,45.04,45.17,9697855,0.0
2021-04-22,45.39,46.47,45.26,46.09,8871390,0.0
2021-04-25,46.47,47.4,46.27,47.32,6455042,0.0
2021-04-26,47.46,47.74,45.83,45.93,7585731,0.0
2021-04-27,45.94,47.02,45.5,46.8,8643990,0.0
2021-04-28,47.3,47.465,46.18,47.28,4985403,0.0
2021-04-29,46.38,46.71,45.05,45.205,7165208,0.0
2021-05-02,45.51,45.55,44.12,44.3,6636757,0.0
2021-05-03,43.69,44.5,42.685,44.48,8484389,0.0
2021-05-04,44.86,45.63,44.39,44.77,5489195,0.0
2021-05-05,44.45,45.665,44.05,45.54,5780495,0.0
2021-05-06,45.89,46.58,45.51,45.96,5235730,0.0
2021-05-09,45.31,45.87,44.29,44.3,7370882,0.0
2021-05-10,42.75,44.575,42.07,44.23,7531377,0.0
2021-05-11,42.95,43.09,41.16,41.53,12044880,0.0
2021-05-12,42,42.84,40.79,41.59,8051404,0.0
2021-05-13,42.18,43.81,41.88,43.31,6264383,0.0
2021-05-16,42.92,43.31,42.22,42.815,5085953,0.0
2021-05-17,43.08,43.23,42.34,42.47,5606985,0.0
2021-05-18,41.5,44.83,41.25,44.5,11787385,0.0
2021-05-19,44.82,46.4255,44.75,46.2996,11675644,0.0
2021-05-20,46.67,46.78,45.91,46.24,6747614,0.0
