Date,Open,High,Low,Close,Volume,OpenInterest
2017-06-01,19.46,19.61,19.29,19.4,615332,0.0
2017-06-04,19.37,19.37,18.935,19.16,666582,0.0
2017-06-05,19.12,19.55,19.01,19.37,619767,0.0
2017-06-06,19.33,19.46,19.07,19.285,416394,0.0
2017-06-07,19.29,19.425,18.91,19.1,521731,0.0
2017-06-08,19.26,19.33,17.88,18.47,1110146,0.0
2017-06-11,18.22,18.2425,17.4,17.525,2319435,0.0
2017-06-12,17.89,18.12,17.45,17.67,1247201,0.0
2017-06-13,17.73,18.05,17.37,17.53,993372,0.0
2017-06-14,17.27,17.3823,16.9301,16.99,872626,0.0
2017-06-15,16.98,17.2,16.85,17.03,1084031,0.0
2017-06-18,17.26,17.73,17.15,17.68,1005401,0.0
2017-06-19,17.5,17.895,17.44,17.5,631407,0.0
2017-06-20,17.49,17.61,17.24,17.515,683999,0.0
2017-06-21,17.5,17.81,17.31,17.585,788224,0.0
2017-06-22,17.6,17.855,17.41,17.845,733684,0.0
2017-06-25,17.94,17.99,17.58,17.79,664503,0.0
2017-06-26,17.7,17.7999,17.48,17.495,595758,0.0
2017-06-27,17.65,17.65,17.25,17.58,712394,0.0
2017-06-28,17.45,17.56,16.57,17.38,1164001,0.0
2017-06-29,17.39,17.53,17.205,17.38,746501,0.0
2017-07-02,17.45,17.58,17.19,17.32,329022,0.0
2017-07-04,17.3,17.49,17.11,17.38,860906,0.0
2017-07-05,17.28,17.58,17.07,17.45,878798,0.0
2017-07-06,17.51,17.83,17.35,17.55,708151,0.0
2017-07-09,17.58,18.07,17.55,17.94,644636,0.0
2017-07-10,17.95,18.13,17.67,18.09,670680,0.0
2017-07-11,18.17,18.525,18.14,18.28,901648,0.0
2017-07-12,18.35,18.4,17.96,18.13,903029,0.0
2017-07-13,18.16,18.39,17.92,18.085,585314,0.0
2017-07-16,18.19,18.385,17.76,17.76,1328484,0.0
2017-07-17,17.85,19.07,17.85,18.75,2256521,0.0
2017-07-18,18.82,19.18,18.75,19.0189,1030407,0.0
2017-07-19,19.01,19.09,18.46,18.53,787018,0.0
2017-07-20,18.5,18.52,18.14,18.4,652641,0.0
2017-07-23,18.44,18.73,18.41,18.67,430773,0.0
2017-07-24,18.82,19.15,18.54,18.9,952932,0.0
2017-07-25,18.94,18.98,18.67,18.71,732219,0.0
2017-07-26,18.89,19.155,18.215,18.58,1356789,0.0
2017-07-27,18.49,18.9061,18.37,18.56,837765,0.0
2017-07-30,18.61,18.85,18.24,18.25,1558660,0.0
2017-07-31,18.28,18.54,18,18.24,2323482,0.0
2017-08-01,18.14,19.75,18.1,19.01,3379198,0.0
2017-08-02,19.06,19.23,18.76,18.88,1433855,0.0
2017-08-03,18.87,18.87,18.24,18.84,1339442,0.0
2017-08-06,18.81,19.2,18.75,18.8,971155,0.0
2017-08-07,18.8,18.97,18.37,18.89,767260,0.0
2017-08-08,18.78,18.91,18.51,18.76,580596,0.0
2017-08-09,18.62,18.72,18.06,18.18,1105427,0.0
2017-08-10,18.17,18.79,18.11,18.77,957600,0.0
2017-08-13,18.75,19.45,18.73,19.37,1386792,0.0
2017-08-14,19.46,19.67,19.21,19.38,1110219,0.0
2017-08-15,19.21,19.77,19.16,19.26,1180141,0.0
2017-08-16,19.19,19.19,18.57,18.63,1285900,0.0
2017-08-17,18.63,18.9601,18.38,18.79,505363,0.0
2017-08-20,18.83,18.89,18.53,18.685,600565,0.0
2017-08-21,18.87,18.98,18.66,18.8,617512,0.0
2017-08-22,18.7,18.8252,18.51,18.61,357732,0.0
2017-08-23,18.63,18.79,18.41,18.74,594442,0.0
2017-08-24,18.81,19.29,18.78,18.93,908331,0.0
2017-08-27,18.95,19.415,18.78,19.31,632511,0.0
2017-08-28,19.11,19.92,19.04,19.745,1584015,0.0
2017-08-29,19.8,21.38,19.8,21.21,4451997,0.0
2017-08-30,21.3,22.59,21.21,21.74,3219086,0.0
2017-08-31,21.85,22.93,21.71,22.34,2043093,0.0
2017-09-04,22.5,23.5,22.36,23.395,3345866,0.0
2017-09-05,23.57,23.99,23.21,23.25,2691486,0.0
2017-09-06,23.73,24.05,22.8,22.97,3146882,0.0
2017-09-07,22.52,22.71,22.02,22.17,2473786,0.0
2017-09-10,22.75,23.16,22.64,22.93,1497407,0.0
2017-09-11,23.16,23.67,23,23.65,855522,0.0
2017-09-12,23.51,23.68,22.65,23.05,1340364,0.0
2017-09-13,22.89,23.03,22.7,22.865,861312,0.0
2017-09-14,22.94,23.545,22.78,23.54,1131934,0.0
2017-09-17,23.68,23.8799,23.31,23.475,872313,0.0
2017-09-18,23.46,23.77,23.21,23.47,997946,0.0
2017-09-19,23.66,24.32,23.32,23.64,1532463,0.0
2017-09-20,23.61,23.88,22.8,23.85,1553065,0.0
2017-09-21,23.75,24.4,23.6,24.1511,1783715,0.0
2017-09-24,24.11,24.12,23.06,23.38,2127171,0.0
2017-09-25,23.29,23.63,22.9,23.45,1756706,0.0
2017-09-26,23.69,24.34,23.61,23.96,1520610,0.0
2017-09-27,23.77,23.97,23.21,23.41,1355061,0.0
2017-09-28,23.52,23.58,23.16,23.19,981075,0.0
2017-10-01,23.23,24.11,23.23,23.9,2424975,0.0
2017-10-02,24.1,25.26,24.0086,24.74,2371424,0.0
2017-10-03,24.97,25.51,24.72,25.2,1733110,0.0
2017-10-04,25.34,25.52,24.97,25.23,1248513,0.0
2017-10-05,25.16,25.57,24.9,25.39,678313,0.0
2017-10-08,25.57,25.76,25.22,25.3199,979283,0.0
2017-10-09,25.56,25.69,25.13,25.15,656367,0.0
2017-10-10,25.29,26.24,25.15,26.04,1528178,0.0
2017-10-11,26.1,26.17,25.68,25.74,1162654,0.0
2017-10-12,26.15,26.21,25.69,25.77,911454,0.0
2017-10-15,25.83,26.01,25.48,25.61,1078097,0.0
2017-10-16,25.69,26.185,25.6,26.08,734566,0.0
2017-10-17,26.14,26.14,25.41,25.51,808439,0.0
2017-10-18,25.42,25.7,25,25.59,810171,0.0
2017-10-19,25.66,25.96,25.5,25.71,617082,0.0
2017-10-22,25.84,25.96,25.07,25.125,754664,0.0
2017-10-23,25.26,25.6733,24.94,25.49,636128,0.0
2017-10-24,25.5,25.68,24.4,25.195,869540,0.0
2017-10-25,25.22,25.36,24.785,25.22,911032,0.0
2017-10-26,25.3,26.28,24.98,26.01,1532068,0.0
2017-10-29,26,26.42,25.75,26.22,1423003,0.0
2017-10-30,26.39,27.02,26.06,26.74,1012289,0.0
2017-10-31,26.96,26.96,26.33,26.79,1314929,0.0
2017-11-01,26.84,27.64,26.37,27.585,1523350,0.0
2017-11-02,27.59,27.92,26.86,26.99,2019425,0.0
2017-11-05,27.22,27.79,27.07,27.74,1537566,0.0
2017-11-06,27.76,27.99,26.68,27,3466733,0.0
2017-11-07,31,32.87,29.4,29.59,7383280,0.0
2017-11-08,29.14,29.74,28.17,28.55,3491005,0.0
2017-11-09,28.54,28.95,28.02,28.45,2190400,0.0
2017-11-12,28.25,29.2,28.15,28.69,2200162,0.0
2017-11-13,28.9,29.57,28.51,29.4,2263413,0.0
2017-11-14,29.2,29.46,28.78,29.155,1312260,0.0
2017-11-15,29.13,29.66,28.59,28.62,1285367,0.0
2017-11-16,28.63,29.09,28.46,28.82,1442301,0.0
2017-11-19,28.83,29.29,28.62,28.75,879846,0.0
2017-11-20,28.89,30.17,28.89,29.7701,1250376,0.0
2017-11-21,29.92,30.26,29.79,29.96,841326,0.0
2017-11-23,30.04,30.99,30.02,30.89,616433,0.0
2017-11-26,31,31.0401,30.28,30.61,1024828,0.0
2017-11-27,30.74,31.12,30.38,30.48,795727,0.0
2017-11-28,30.42,30.48,28.56,29.07,1695292,0.0
2017-11-29,29.14,29.83,29.105,29.41,1054225,0.0
2017-11-30,29.25,29.52,28.07,28.42,1637835,0.0
2017-12-03,28.74,29.2,27.59,28.21,1686905,0.0
2017-12-04,28.09,29.06,27.995,28.31,856165,0.0
2017-12-05,28.34,29.11,28.34,28.69,1121545,0.0
2017-12-06,28.78,29.95,28.73,29.84,1313636,0.0
2017-12-07,30.26,30.37,29.34,29.39,904935,0.0
2017-12-10,29.37,29.47,28.53,28.91,861601,0.0
2017-12-11,28.88,29.26,28.28,28.35,698109,0.0
2017-12-12,28.38,28.81,28.38,28.6,926061,0.0
2017-12-13,28.94,29.75,28.8,28.84,1261996,0.0
2017-12-14,29.19,29.66,28.88,29.43,1475599,0.0
2017-12-17,29.68,30.59,29.5,30.5,1087293,0.0
2017-12-18,31.65,31.66,30.62,30.83,1205574,0.0
2017-12-19,31.25,31.86,30.65,31.685,1144445,0.0
2017-12-20,31.85,32.06,31.33,31.91,955725,0.0
2017-12-21,31.82,32.03,31.405,31.97,874781,0.0
2017-12-25,31.76,31.91,31.39,31.68,754436,0.0
2017-12-26,31.59,32.15,31.14,31.595,984672,0.0
2017-12-27,31.58,31.6895,30.81,31.34,880213,0.0
2017-12-28,31.38,31.61,31.15,31.31,705044,0.0
2018-01-01,31.5,32.65,31.5,32.35,2143474,0.0
2018-01-02,32.97,33.08,31.6776,32,1752561,0.0
2018-01-03,32.34,32.492,31.52,32.12,1078977,0.0
2018-01-04,32.15,32.16,31.65,31.8,885854,0.0
2018-01-07,31.8,32.19,31.54,32.1,569418,0.0
2018-01-08,32.26,32.37,31.651,32.221,854994,0.0
2018-01-09,31.98,32.24,31.7979,31.945,586657,0.0
2018-01-10,32.05,32.305,31.56,32.3,592059,0.0
2018-01-11,32.39,32.7,32.1684,32.65,716923,0.0
2018-01-15,32.99,33.08,31.3,31.39,1500472,0.0
2018-01-16,31.51,31.7,31.01,31.55,728633,0.0
2018-01-17,31.36,31.62,30.8455,31.6,864384,0.0
2018-01-18,31.72,32.66,31.72,32.6,1467160,0.0
2018-01-21,32.65,33.95,32.14,33.82,1531726,0.0
2018-01-22,33.98,34.61,33.54,34.58,1131354,0.0
2018-01-23,34.67,34.75,33.33,33.54,1835542,0.0
2018-01-24,33.65,34.32,33.26,33.99,951915,0.0
2018-01-25,34.18,34.74,33.93,34.7201,614560,0.0
2018-01-28,34.7,35.28,34.1,35.15,1003668,0.0
2018-01-29,34.63,35.03,34.2529,34.74,1444424,0.0
2018-01-30,35.1,35.405,34.51,34.935,1105701,0.0
2018-01-31,34.8,35.51,34.52,35.25,1279761,0.0
2018-02-01,35,35.5024,34.65,34.67,1094993,0.0
2018-02-04,34.19,35.34,33.75,33.83,1681117,0.0
2018-02-05,33.01,34.35,32.4,33.53,1990763,0.0
2018-02-06,34.5,36.84,34.3,36.01,3946733,0.0
2018-02-07,36.25,36.679,33.41,33.6,3631241,0.0
2018-02-08,34,35.94,33.06,35.72,3286190,0.0
2018-02-11,35.92,38.5,35.45,37.99,3690885,0.0
2018-02-12,37.95,39.66,37.26,39.59,2906339,0.0
2018-02-13,39.85,42.48,39.4718,41.91,5223867,0.0
2018-02-14,42.27,42.5,40.43,41.37,2271672,0.0
2018-02-15,41.23,42.67,41.2,41.55,1818022,0.0
2018-02-19,41.45,42.5936,40.9,42.11,1541356,0.0
2018-02-20,40.95,43.52,40.8503,41.92,2012685,0.0
2018-02-21,41.91,42.4,40.86,40.95,1208027,0.0
2018-02-22,41.32,42.06,41.161,41.9,1189320,0.0
2018-02-25,41.96,42.21,41.02,41.57,1086018,0.0
2018-02-26,41.54,41.675,39.81,40.06,1529028,0.0
2018-02-27,40.16,41.12,39.77,40.05,1215730,0.0
2018-02-28,39.95,40.32,38.76,39.32,1772847,0.0
2018-03-01,38.92,40.99,38.48,40.83,2035735,0.0
2018-03-04,41,41.815,40.26,41.72,1355805,0.0
2018-03-05,42,42.69,41.09,42.43,1316195,0.0
2018-03-06,42.12,44.1461,41.65,43.81,1867767,0.0
2018-03-07,44.36,44.5,43.701,44.35,1364153,0.0
2018-03-08,44,44.82,43.88,44.79,1273398,0.0
2018-03-11,44.6,45.86,44.57,45.6,1292291,0.0
2018-03-12,45.77,46,44.22,45.435,1377025,0.0
2018-03-13,45.78,46.81,45.46,46.78,2308066,0.0
2018-03-14,45.96,46.78,45.84,46.72,1583144,0.0
2018-03-15,46.85,46.95,46.25,46.51,1134979,0.0
2018-03-18,46.2,46.71,44.73,45.64,2183522,0.0
2018-03-19,45.64,46.94,45.5,46.64,1308460,0.0
2018-03-20,46.13,46.4,45.19,45.7,1976349,0.0
2018-03-21,45,45.63,44.03,44.19,1174859,0.0
2018-03-22,44.06,45.86,44,44.5399,1266110,0.0
2018-03-25,45.51,46.59,45.15,46.45,1454110,0.0
2018-03-26,46.84,47.1,43.83,44.24,2267487,0.0
2018-03-27,43.7,44.08,42.57,43.16,1565145,0.0
2018-03-28,43.39,45.04,43.05,44.43,1390035,0.0
2018-04-01,44.45,44.45,42.12,42.7201,1720918,0.0
2018-04-02,42.84,43.39,41.93,42.16,1926241,0.0
2018-04-03,41.07,42.79,40.47,42.57,2855198,0.0
2018-04-04,43.13,43.31,42.0363,42.77,1397555,0.0
2018-04-05,41.85,42.46,41.25,42.12,928028,0.0
2018-04-08,42.59,44.3,42.581,43.42,953279,0.0
2018-04-09,44.21,45.2,43.89,44.64,1285634,0.0
2018-04-10,44.31,44.98,43.89,43.901,721219,0.0
2018-04-11,44.3,44.79,44.01,44.76,934995,0.0
2018-04-12,44.9,45.41,44.36,44.85,746499,0.0
2018-04-15,45.03,46.3,44.601,46.15,692457,0.0
2018-04-16,46.7,48.65,46.37,48.08,1864425,0.0
2018-04-17,47.86,48.11,46.71,47.14,1036996,0.0
2018-04-18,46.87,47.39,46.45,46.69,1011248,0.0
2018-04-19,46.98,47.49,46.53,46.73,665774,0.0
2018-04-22,47.2,47.47,46.25,46.39,748054,0.0
2018-04-23,46.6,47.3,44.68,45.29,2014327,0.0
2018-04-24,45.4,45.49,44.221,45.34,1336678,0.0
2018-04-25,45.83,47.34,45.73,46.67,1151885,0.0
2018-04-26,47,47.42,45.77,46.02,861261,0.0
2018-04-29,46.32,47.47,46.2597,47.14,738207,0.0
2018-04-30,47.22,47.32,35.8,36.7,19883206,0.0
2018-05-01,36.55,37.35,34.35,34.57,13280961,0.0
2018-05-02,34.664,36.79,34.5,36.27,5821271,0.0
2018-05-03,36.23,36.79,34.72,34.81,4418646,0.0
2018-05-06,34.925,36.13,34.86,35.39,3686761,0.0
2018-05-07,35.51,36.57,35.12,36.31,3612427,0.0
2018-05-08,37.78,37.92,33.48,36.85,10380587,0.0
2018-05-09,37.69,39.57,37.5,38.9,6256816,0.0
2018-05-10,38.8,40.85,38.7,40.49,4691618,0.0
2018-05-13,40.56,41.5,37.99,38.04,3448430,0.0
2018-05-14,37.85,39.37,37.85,39.29,2583839,0.0
2018-05-15,39.14,39.86,38.9,39.7,2205607,0.0
2018-05-16,39.38,41.04,39.38,40.35,1831569,0.0
2018-05-17,40.22,41.18,40.13,40.75,1868764,0.0
2018-05-20,40.85,41.16,39.9278,40.83,1427805,0.0
2018-05-21,40.7,41.32,39.94,40.02,1526080,0.0
2018-05-22,39.55,40.99,39.1,40.79,1400699,0.0
2018-05-23,40.8,41.54,40.55,41.2698,1464453,0.0
2018-05-24,41.27,42.36,41.258,41.83,1174445,0.0
2018-05-28,41.29,42,40.2,40.86,1882709,0.0
2018-05-29,41.35,42.41,40.82,41.75,1963730,0.0
2018-05-30,41.6,42.47,41.12,41.15,1813573,0.0
2018-05-31,41.36,42.67,41.36,42.58,1600090,0.0
2018-06-03,42.7,42.7,41.57,42.34,1252425,0.0
2018-06-04,42.4,43.18,42.19,42.76,1837560,0.0
2018-06-05,42.91,43.25,42.051,42.58,1335623,0.0
2018-06-06,42.62,42.75,40.48,40.87,2118614,0.0
2018-06-07,40.74,41.84,40.63,41.5,1493785,0.0
2018-06-10,43.53,44.07,41.92,42.1,2697638,0.0
2018-06-11,42.08,44.285,42.08,43.3675,1922690,0.0
2018-06-12,43.43,44,42.779,43.19,1362604,0.0
2018-06-13,43.29,44.07,43.2,43.44,1140439,0.0
2018-06-14,43.31,43.31,42.49,42.97,1150325,0.0
2018-06-17,42.54,43.98,42.31,43.88,1392941,0.0
2018-06-18,43.34,44.11,42.7,43.91,1056746,0.0
2018-06-19,44.12,44.39,42.9099,43.01,1157717,0.0
2018-06-20,43.35,44.53,43.24,43.69,2284471,0.0
2018-06-21,43.56,43.75,42.17,42.59,1976602,0.0
2018-06-24,42.11,42.46,39.76,40.58,2279065,0.0
2018-06-25,40.65,41.42,40.29,40.34,1928397,0.0
2018-06-26,40.63,40.84,39.09,39.15,1847334,0.0
2018-06-27,39.01,39.51,38.29,39.16,2020831,0.0
2018-06-28,39.5,39.6,38.66,38.745,1752327,0.0
2018-07-01,38.14,39.59,37.67,39.47,1752166,0.0
2018-07-02,39.65,40.21,38.56,38.56,1135114,0.0
2018-07-04,38.9,39.43,38.37,39.14,1465053,0.0
2018-07-05,39.27,40.41,38.94,40,1258835,0.0
2018-07-08,40.22,40.45,39.1572,39.825,1274857,0.0
2018-07-09,39.91,40.21,38.26,38.39,2221442,0.0
2018-07-10,37.75,38.81,37.33,38.09,2039515,0.0
2018-07-11,38.1,39.83,38.1,39.56,1754667,0.0
2018-07-12,39.57,40.45,38.65,38.89,1125885,0.0
2018-07-15,39,39.58,38.95,39.45,902217,0.0
2018-07-16,39.12,39.9,38.84,39.88,1705384,0.0
2018-07-17,39.85,40.16,38.94,39.31,1182775,0.0
2018-07-18,39,39.65,38.95,38.99,923048,0.0
2018-07-19,39.01,39.4,38.29,38.33,1069861,0.0
2018-07-22,38.4,39.03,37.78,38.85,1495050,0.0
2018-07-23,39.03,39.94,38.09,38.15,1837668,0.0
2018-07-24,38.26,39.965,38.04,39.74,1243007,0.0
2018-07-25,39.36,39.58,38.2,38.39,1637173,0.0
2018-07-26,38.58,38.68,36.77,37.2,1655503,0.0
2018-07-29,37.6,37.6,35.2,35.21,2052587,0.0
2018-07-30,35.43,36.49,35.22,36.12,1911767,0.0
2018-07-31,35.97,37.36,35.65,36.97,1765122,0.0
2018-08-01,36.92,38.21,36.67,38.07,1484024,0.0
2018-08-02,38.15,38.25,37.07,37.87,965950,0.0
2018-08-05,38.51,38.65,37.04,38.39,2860332,0.0
2018-08-06,38.7,39.02,38.12,38.87,3123182,0.0
2018-08-07,45.5,46.94,43.65,45.59,14245879,0.0
2018-08-08,45.78,49.98,45.301,49.24,7258562,0.0
2018-08-09,48.98,51.7396,47.75,50.8,3999952,0.0
2018-08-12,50.73,51.25,49.8,50.02,2648341,0.0
2018-08-13,49.37,50.5,47.7,48.49,4641637,0.0
2018-08-14,47.78,48.39,46.1,46.91,2500327,0.0
2018-08-15,47.44,47.6899,46.28,46.48,1901666,0.0
2018-08-16,46.58,48.19,46.1106,47.84,2702003,0.0
2018-08-19,48.34,49.09,47.53,48.64,1566983,0.0
2018-08-20,48.93,49.26,48.16,48.24,1141810,0.0
2018-08-21,48.67,49.14,47.95,48.39,1120791,0.0
2018-08-22,48.26,50.36,48.24,49.9,2588298,0.0
2018-08-23,49.85,50.6984,49.011,50.41,1017061,0.0
2018-08-26,50.48,52.12,50.48,50.79,1278513,0.0
2018-08-27,51.02,51.8,50.11,51.38,1345609,0.0
2018-08-28,51.25,51.4388,50.44,50.82,1400514,0.0
2018-08-29,50.4,50.52,49.32,49.44,1631318,0.0
2018-08-30,49.17,50.13,49.08,50.03,1065500,0.0
2018-09-03,50.11,52.59,50.06,52.34,1868858,0.0
2018-09-04,52.68,52.81,48.72,50.54,2302156,0.0
2018-09-05,50.48,50.914,49.6,50.43,744334,0.0
2018-09-06,50.05,52.585,49.81,51.89,1506021,0.0
2018-09-09,52.04,53.74,50.84,53.29,2156064,0.0
2018-09-10,53.28,55.06,52.897,54.65,1994079,0.0
2018-09-11,54.82,56.23,53.54,56.046,1760054,0.0
2018-09-12,56.69,59.97,56.35,59.6,4338793,0.0
2018-09-13,59.83,60.75,57.8,59.22,2033637,0.0
2018-09-16,59.24,59.68,57.08,58.1,1469405,0.0
2018-09-17,57.88,60.37,57.88,60.08,1206598,0.0
2018-09-18,60.27,60.95,58.32,59.23,1193073,0.0
2018-09-19,58.85,59.49,57.13,57.34,1751002,0.0
2018-09-20,57.28,57.29,54.89,55.37,1915441,0.0
2018-09-23,53.91,56.57,53.88,55.84,949656,0.0
2018-09-24,56.39,58.319,56.07,57.82,1595043,0.0
2018-09-25,58.37,58.77,57.29,58.22,975552,0.0
2018-09-26,58.39,59.45,57.98,59.44,1225791,0.0
2018-09-27,59.1,59.77,57.85,57.89,1451857,0.0
2018-09-30,58.54,59.32,56.14,56.56,1570755,0.0
2018-10-01,56.22,57.07,55.68,56.31,942969,0.0
2018-10-02,56.58,58.08,56.34,57.29,1424172,0.0
2018-10-03,57.91,58.11,56.04,57.13,1938922,0.0
2018-10-04,57.13,58.29,54.47,55.96,1807874,0.0
2018-10-07,55.01,56.61,54.0101,55.2,1366085,0.0
2018-10-08,54.86,56.3,54.4,55.47,1134433,0.0
2018-10-09,55.12,55.75,50.26,50.48,4022255,0.0
2018-10-10,49.1,52.18,48.5,51.4,2668385,0.0
2018-10-11,53.66,54.45,52.5,54.13,1390992,0.0
2018-10-14,54.11,54.78,53,53.91,927874,0.0
2018-10-15,54.53,57.48,54.407,57.11,1535011,0.0
2018-10-16,57.41,57.82,55.72,56.97,1348523,0.0
2018-10-17,56.57,56.8608,53.56,54.04,1681514,0.0
2018-10-18,54.52,55.15,50.3,50.59,2298078,0.0
2018-10-21,50.76,52.87,50.76,52.41,1161382,0.0
2018-10-22,50.43,52.5496,48.91,52.35,2172427,0.0
2018-10-23,52.08,52.94,49.821,49.93,1156405,0.0
2018-10-24,50.77,52.27,50.33,50.71,1682063,0.0
2018-10-25,48.99,50.27,47.25,49.2,2260524,0.0
2018-10-28,50.22,50.8555,47.27,48.34,1828424,0.0
2018-10-29,47.8,51.28,47.4121,49.89,2393719,0.0
2018-10-30,51,52.99,51,51.71,2027927,0.0
2018-10-31,52.05,53.29,51,53.25,1530472,0.0
2018-11-01,53.77,54.68,51.77,52.1001,1970759,0.0
2018-11-04,52.43,52.51,49.72,51.21,2658681,0.0
2018-11-05,50.94,52.6,50.5,51.48,3381331,0.0
2018-11-06,43.93,44,40.76,42.7283,15232342,0.0
2018-11-07,42.76,45.1017,42.76,43.6625,3823358,0.0
2018-11-08,43.05,43.5,41.48,42.73,3422275,0.0
2018-11-11,42.59,42.73,40.36,40.95,2684361,0.0
2018-11-12,41.27,42.5531,40.96,41.78,2442817,0.0
2018-11-13,42.29,42.6,40.055,40.19,3243130,0.0
2018-11-14,40.2,41.06,39.06,40.97,3252309,0.0
2018-11-15,41.03,41.52,39.98,40,2026719,0.0
2018-11-18,39.32,39.65,36.21,36.24,4890865,0.0
2018-11-19,34.32,37.03,33.3,36.37,5315393,0.0
2018-11-20,37,38.4399,36.9574,37.95,2395069,0.0
2018-11-22,37.64,38.59,37.28,38.45,1027891,0.0
2018-11-25,39.08,39.5,38.58,39.21,1988762,0.0
2018-11-26,38.69,39.36,38.01,38.08,1259182,0.0
2018-11-27,38.28,40.07,38.28,39.96,2123918,0.0
2018-11-28,40.13,41.77,39.7,41.36,2254932,0.0
2018-11-29,41.19,41.53,39.5837,40.33,2567054,0.0
2018-12-02,41.51,41.8599,40.14,41.47,3883360,0.0
2018-12-03,39.46,39.9399,37.86,38.42,2544589,0.0
2018-12-05,37,41.67,37,41.17,3949966,0.0
2018-12-06,40.72,41.28,39.31,39.89,2069405,0.0
2018-12-09,39.82,41.38,39.18,40.1,1324745,0.0
2018-12-10,40.62,41.24,39.56,40.21,1503919,0.0
2018-12-11,40.86,43.12,40.52,42.71,4669838,0.0
2018-12-12,43,43.1395,41.675,42.17,1844391,0.0
2018-12-13,41.52,43.73,41.24,43.19,2804487,0.0
2018-12-16,42.99,43.19,40.785,41.02,2522070,0.0
2018-12-17,42.13,42.46,41.38,41.95,1856460,0.0
2018-12-18,41.9,42.75,40.795,41,2921624,0.0
2018-12-19,41.09,41.2,38.59,40.06,2860030,0.0
2018-12-20,40.12,41.31,38.82,38.99,3774494,0.0
2018-12-23,38.81,39.88,37.68,38.97,967553,0.0
2018-12-25,39.48,42.11,39.39,42.1,1711513,0.0
2018-12-26,40.45,42.62,40.45,42.58,1161897,0.0
2018-12-27,42.62,43.3,41.38,42.1,1449634,0.0
2018-12-30,42.39,43.01,41.78,42.63,1150341,0.0
2019-01-01,42.06,42.83,41.56,42.32,1496885,0.0
2019-01-02,41.77,42.29,40.47,41.14,1717529,0.0
2019-01-03,41.7,43.86,40.78,43.02,2182410,0.0
2019-01-06,43.39,44.2,42.83,43.34,1377129,0.0
2019-01-07,44.07,45.18,43.43,44.73,2174264,0.0
2019-01-08,45,45.64,44.37,44.96,1643641,0.0
2019-01-09,44.61,45.27,44.08,45.08,1273515,0.0
2019-01-10,44.83,45.77,44.4631,44.67,1169351,0.0
2019-01-13,44.22,44.8,43.38,44.44,1387549,0.0
2019-01-14,44.73,46.85,44.73,46.45,1524111,0.0
2019-01-15,46.48,46.88,45.52,46.18,1281530,0.0
2019-01-16,46.02,47.88,45.91,47.055,1844642,0.0
2019-01-17,47.06,48.72,47.06,48.23,1699681,0.0
2019-01-21,47.91,49.24,47.567,48.12,1089189,0.0
2019-01-22,48.79,49.44,48.41,49.39,1094106,0.0
2019-01-23,49.74,50.63,49.72,50.5,1125741,0.0
2019-01-24,51.03,52.6023,50.7,52.375,1333165,0.0
2019-01-27,51.75,52.74,50.71,52.475,1161180,0.0
2019-01-28,52.79,52.79,51.35,52.1,1153544,0.0
2019-01-29,52.69,52.75,51.72,52.415,1563452,0.0
2019-01-30,52.71,54.57,52.665,53.6,1607472,0.0
2019-01-31,53.49,55.03,53.31,54.74,2013877,0.0
2019-02-03,51.76,54.68,51.5,54.405,2249158,0.0
2019-02-04,54.5,55.785,54.44,55.69,1856583,0.0
2019-02-05,53.82,54.75,52.73,52.99,3493596,0.0
2019-02-06,57.9,60.91,55.2015,55.63,9385419,0.0
2019-02-07,54.54,57.28,53.35,56.53,3072279,0.0
2019-02-10,57.5,58.39,56.81,57.72,3034074,0.0
2019-02-11,58.36,58.49,57.0701,57.795,1448477,0.0
2019-02-12,57.68,58.07,57.19,57.66,1258072,0.0
2019-02-13,57.24,58.1,56.52,57.82,1052201,0.0
2019-02-14,58.09,58.09,56.425,57.2292,1363953,0.0
2019-02-18,57.37,57.8,56.69,57.06,1325297,0.0
2019-02-19,57.31,57.55,55.76,56.49,1322573,0.0
2019-02-20,56.38,57.18,56.09,56.74,956703,0.0
2019-02-21,56.83,57.5,56.6,57.27,1171716,0.0
2019-02-24,57.43,58.65,55.6,55.96,1682524,0.0
2019-02-25,55.8,56.06,54.64,55.36,1281488,0.0
2019-02-26,54.91,56,54.55,55.8,861537,0.0
2019-02-27,55.84,55.93,54.9,55.37,789173,0.0
2019-02-28,55.98,56,55.21,55.61,1114416,0.0
2019-03-03,55.84,55.9199,53,54.45,1736224,0.0
2019-03-04,54.54,55.29,54.205,55.11,854061,0.0
2019-03-05,55.08,55.57,54.39,54.69,826124,0.0
2019-03-06,54.73,55.1,53.7,53.8,1061456,0.0
2019-03-07,53,53.91,52.305,53.02,1508024,0.0
2019-03-10,53.35,54.41,53.35,53.58,1891234,0.0
2019-03-11,53.74,54.47,52.84,53.9,1447554,0.0
2019-03-12,54.14,55.06,53.35,53.44,1031209,0.0
2019-03-13,53.38,54.67,52.63,54.17,1344827,0.0
2019-03-14,53.86,55.18,53.86,55.02,1756378,0.0
2019-03-17,55.29,56.24,55.29,55.68,1697347,0.0
2019-03-18,55.87,57.315,55.5,57.16,1473621,0.0
2019-03-19,56.93,58.57,56.87,58.12,2066666,0.0
2019-03-20,57.98,59.925,57.8757,59.505,1798925,0.0
2019-03-21,59.14,59.57,57.38,57.56,1386174,0.0
2019-03-24,57.49,58.12,56.41,56.94,1494233,0.0
2019-03-25,57.41,58.09,56.47,56.99,1030407,0.0
2019-03-26,57.15,57.89,54.81,55.24,1354989,0.0
2019-03-27,55.5,56.21,54.92,55.87,1195302,0.0
2019-03-28,56.19,56.96,55.63,56.585,1021109,0.0
2019-03-31,57.25,58.39,55.95,56.26,1104622,0.0
2019-04-01,56.27,57.115,55.38,56.69,1167476,0.0
2019-04-02,57.16,57.79,56.83,57.37,933394,0.0
2019-04-03,57.44,57.68,54.51,55.23,1698324,0.0
2019-04-04,55.52,55.79,54.84,54.91,845289,0.0
2019-04-07,54.91,55.8755,53.83,55.82,989870,0.0
2019-04-08,55.73,56.86,55.22,56.65,730379,0.0
2019-04-09,56.79,57.13,56.23,57.03,1021042,0.0
2019-04-10,57.16,58.51,56.91,57.87,1139093,0.0
2019-04-11,58,58.32,56.2712,57.17,557432,0.0
2019-04-14,57.35,61.31,56.93,60.1,4094816,0.0
2019-04-15,61,61.95,57.39,57.83,2839160,0.0
2019-04-16,57.96,59.9,57.96,58.6,1395434,0.0
2019-04-17,58.6,59.57,57.51,59.14,908997,0.0
2019-04-21,58.98,61.26,58.8057,61.0595,926778,0.0
2019-04-22,61.43,62.63,61.3,61.86,1574278,0.0
2019-04-23,62.34,63.12,61.53,61.65,1265333,0.0
2019-04-24,62.23,62.555,60.64,62.16,936096,0.0
2019-04-25,62.48,62.75,61.83,61.93,960457,0.0
2019-04-28,62.31,62.57,61.22,61.45,855233,0.0
2019-04-29,61.11,61.76,59.9201,60.4,1394638,0.0
2019-04-30,60.65,61.7,60,60.44,823798,0.0
2019-05-01,60.17,60.62,59.18,60.42,778690,0.0
2019-05-02,61,62.28,60.62,61.94,901294,0.0
2019-05-05,59.55,63,58.68,62.54,1778806,0.0
2019-05-06,62.05,62.94,59.8,60.38,2259198,0.0
2019-05-07,63.29,68.75,62.6,67.86,6962930,0.0
2019-05-08,67.45,67.81,63.39,67.16,3652797,0.0
2019-05-09,67.15,67.85,65.28,67.32,1705009,0.0
2019-05-12,65.94,69.88,65.29,69.23,3517608,0.0
2019-05-13,69.37,70.45,67.6611,67.99,2051078,0.0
2019-05-14,67.79,71.53,67.54,70.68,2412953,0.0
2019-05-15,70.87,75.12,70.5,74.01,2476181,0.0
2019-05-16,73.6,75.2808,72.87,72.89,1676697,0.0
2019-05-19,71.98,73.4,71.08,72.09,1617266,0.0
2019-05-20,72.76,73.4938,70.92,71.34,1405200,0.0
2019-05-21,70.8,71.6172,70.32,70.59,1016762,0.0
2019-05-22,69.8,70.61,68.68,69.4,1440780,0.0
2019-05-23,69.62,70.53,68.78,69.25,1024347,0.0
2019-05-27,69.68,70.96,69.41,70.07,1095359,0.0
2019-05-28,69.02,70.11,68.17,69.33,1530415,0.0
2019-05-29,69.64,70.24,68.95,69.61,1074086,0.0
2019-05-30,68.87,69.1212,68.15,68.6,893601,0.0
2019-06-02,68.28,68.92,65.37,65.8,1999458,0.0
2019-06-03,66.24,68.55,65.94,68.45,1653046,0.0
2019-06-04,69.14,71.48,69.12,71.365,1417501,0.0
2019-06-05,71.47,71.99,69.77,70.7,865419,0.0
2019-06-06,70.73,72.82,70.51,70.97,1329803,0.0
2019-06-09,71.67,73.2,70.13,70.34,1099801,0.0
2019-06-10,70.93,71.97,69.05,70.2,825340,0.0
2019-06-11,69.77,71.88,69.65,71.805,858788,0.0
2019-06-12,72.14,73.45,71.75,72.56,2003663,0.0
2019-06-13,72.97,72.97,71.21,72.05,1570643,0.0
2019-06-16,72.16,73.68,71.77,72.59,787535,0.0
2019-06-17,73.16,73.91,71.58,71.73,850612,0.0
2019-06-18,71.75,71.75,67.92,70.34,2543345,0.0
2019-06-19,70.98,72.28,69.015,69.14,1221369,0.0
2019-06-20,68.63,68.7,65.46,66.79,1725707,0.0
2019-06-23,67.3,72.055,67.28,71.477,3222399,0.0
2019-06-24,71.19,71.45,66.89,67.07,1866457,0.0
2019-06-25,68.13,68.75,65.5,66.62,2115976,0.0
2019-06-26,66.88,69.04,66.77,68.24,1087196,0.0
2019-06-27,68.2,68.79,67.19,67.28,1144433,0.0
2019-06-30,68.6,69.675,68.02,68.93,1144906,0.0
2019-07-01,68.78,69.82,67.9391,69.74,845823,0.0
2019-07-02,70.38,72.08,70.02,71.53,981973,0.0
2019-07-04,71.13,72.92,70.6,72.24,936296,0.0
2019-07-07,71.88,71.88,69.73,70.69,1168998,0.0
2019-07-08,70.51,72.8023,70.425,72.09,968822,0.0
2019-07-09,72.52,74.12,71.21,73.29,1180660,0.0
2019-07-10,73.86,74,71.56,72.22,801804,0.0
2019-07-11,71.84,73.13,71.0104,73.01,842177,0.0
2019-07-14,73.14,73.81,72.8,73.065,861407,0.0
2019-07-15,73.15,75,71.78,72.33,2024307,0.0
2019-07-16,72.42,74.3054,71.89,73.14,922133,0.0
2019-07-17,73.55,77.48,73.35,76.459,2905100,0.0
2019-07-18,77.33,79.3,75.69,76,2134268,0.0
2019-07-21,76.3,77.79,76.22,76.78,1158099,0.0
2019-07-22,76.95,77.29,75.17,76.35,1374551,0.0
2019-07-23,76.47,78.42,76.37,78.03,873144,0.0
2019-07-24,77.97,78.8199,77.1101,77.71,951464,0.0
2019-07-25,76.61,78.1,75.44,77.17,1219828,0.0
2019-07-28,77.36,77.52,75.22,76.56,759406,0.0
2019-07-29,76.26,76.31,74.75,75.06,728900,0.0
2019-07-30,75.41,76.26,73.23,75.3,1071521,0.0
2019-07-31,75.38,77.655,74.95,75.5,1266455,0.0
2019-08-01,75.36,76.71,74.64,75.23,1291750,0.0
2019-08-04,73,73.16,69.86,71.48,2213586,0.0
2019-08-05,72.29,74.58,72.29,73.92,2412140,0.0
2019-08-06,85.47,95.3184,82.32,91.78,13388447,0.0
2019-08-07,89.5,89.5,85.1,87.11,6261926,0.0
2019-08-08,87.24,87.55,82.24,85.65,3178663,0.0
2019-08-11,85.59,85.89,79.82,82.64,3525601,0.0
2019-08-12,82.5,84.94,80.33,80.55,2697120,0.0
2019-08-13,79.66,80.7688,77.87,79.47,2343340,0.0
2019-08-14,81.82,82.91,80.01,82.45,2448205,0.0
2019-08-15,83.25,84.8,83.07,84.48,2006160,0.0
2019-08-18,85.2,85.5,81.14,82.92,1968374,0.0
2019-08-19,82.85,83.77,81.78,83.1488,1479604,0.0
2019-08-20,84.13,85.6,83.45,85.35,1653642,0.0
2019-08-21,85.54,86.83,84.64,86.41,2058010,0.0
2019-08-22,86.1,87.51,85.155,85.46,1880040,0.0
2019-08-25,86.45,87,84.08,86,1548225,0.0
2019-08-26,86.89,87.39,84.42,84.8,1761425,0.0
2019-08-27,84.39,85.345,83.07,85.01,1294374,0.0
2019-08-28,85.67,86.15,83.8,85.62,1303857,0.0
2019-08-29,85.89,86.19,83.96,84.88,1026157,0.0
2019-09-02,84.8,85.75,83.36,84.05,1287654,0.0
2019-09-03,84.87,86.06,84.1,85.72,1407092,0.0
2019-09-04,88.55,89.3815,79.52,81.73,7541000,0.0
2019-09-05,81.61,82.64,79.52,81.43,1875255,0.0
2019-09-08,82,82.4,77.34,77.93,2314115,0.0
2019-09-09,76.25,78.61,75.12,75.52,2639602,0.0
2019-09-10,75.43,77.7699,74.19,74.84,2107205,0.0
2019-09-11,75.65,77.36,75.53,76.26,1640168,0.0
2019-09-12,75.82,77.05,74.65,74.94,1296518,0.0
2019-09-15,73.49,76.79,72,76.61,1529869,0.0
2019-09-16,78.01,79.895,76.92,79.7,2112655,0.0
2019-09-17,80,80,76.81,79.16,1606874,0.0
2019-09-18,79.92,81.11,78.41,79.24,1301930,0.0
2019-09-19,79.36,80.15,77.51,78.65,1317831,0.0
2019-09-22,78.71,78.9,77.84,78.24,817234,0.0
2019-09-23,78.62,79.05,71.97,72.88,3243542,0.0
2019-09-24,72.25,74.54,66.57,71.42,7905563,0.0
2019-09-25,70.27,72.15,69.535,71.46,1831807,0.0
2019-09-26,73.73,74.15,71.02,72.4349,1832186,0.0
2019-09-29,71.96,72.87,70.08,71.43,1565717,0.0
2019-09-30,71.29,73.66,71.1,72.91,1844064,0.0
2019-10-01,71.69,72.66,69.93,72.37,1121312,0.0
2019-10-02,71.88,75.21,71.88,75.04,2454485,0.0
2019-10-03,74.7,75.74,73.7141,74.42,2726235,0.0
2019-10-06,77.01,78.31,75.71,77.92,7503502,0.0
2019-10-07,76.82,77.5,75.06,75.54,3349889,0.0
2019-10-08,75.6,77.06,75.06,75.92,2290875,0.0
2019-10-09,77.31,78.2,75.32,76.01,3333722,0.0
2019-10-10,75.2,75.92,72.781,74.1,9208792,0.0
2019-10-13,74.06,74.63,72.395,74,3728610,0.0
2019-10-14,74,75.55,73,75.27,3117366,0.0
2019-10-15,75.16,76.63,74.03,76.62,2485586,0.0
2019-10-16,76.53,77.11,75.64,75.81,2205551,0.0
2019-10-17,75.83,76.2,71.52,71.52,3433605,0.0
2019-10-20,71.9144,73.81,71.16,72.94,1300743,0.0
2019-10-21,72.89,73.165,71.01,71.27,1102153,0.0
2019-10-22,71.49,73.57,71.28,73.51,2004559,0.0
2019-10-23,73.58,74.78,72.55,73.85,1288500,0.0
2019-10-24,73.66,74.47,73.0506,73.95,1002187,0.0
2019-10-27,74.04,74.5726,72.81,73.94,1066732,0.0
2019-10-28,74,75.43,72.71,72.77,1845202,0.0
2019-10-29,72.8,74.04,71.96,73.76,1115987,0.0
2019-10-30,73.78,74.92,72.88,72.98,1494282,0.0
2019-10-31,73.11,74.76,72.08,73,2183245,0.0
2019-11-03,73.18,73.42,71.04,71.21,2741321,0.0
2019-11-04,71.22,72.14,68.935,69.13,4455698,0.0
2019-11-05,62.25,67.22,61.5,67,9379686,0.0
2019-11-06,68.31,71.3,68.31,69.68,4686247,0.0
2019-11-07,70.02,70.29,67.42,69.07,3627072,0.0
2019-11-10,68.79,69.25,68.28,68.68,1637472,0.0
2019-11-11,68.54,68.99,67.22,68.45,1747200,0.0
2019-11-12,67.99,69.14,67.85,68.71,937228,0.0
2019-11-13,68.05,69.5,67.71,69.39,978942,0.0
2019-11-14,69.55,70.7,69.07,70.08,926167,0.0
2019-11-17,70.43,71.56,69.915,71.06,1015578,0.0
2019-11-18,70.92,71.87,70.8593,71.86,940911,0.0
2019-11-19,71.62,72.3799,69.49,70.48,2007567,0.0
2019-11-20,70.47,72.5,70.03,70.04,1324671,0.0
2019-11-21,70.26,70.29,69.4,69.89,1094119,0.0
2019-11-24,70.1,70.46,68.8,69.32,1511271,0.0
2019-11-25,69.4,70.88,69.4,70.37,1708758,0.0
2019-11-26,70.37,70.54,69.69,70.06,1089032,0.0
2019-11-28,70.08,70.73,69.77,70.48,408108,0.0
2019-12-01,70.39,70.73,67.57,68.44,1663939,0.0
2019-12-02,66.98,68.38,66.66,68.29,1348622,0.0
2019-12-03,68.28,69.47,67.845,67.96,1418517,0.0
2019-12-04,67.94,68.72,67.65,68.1,826498,0.0
2019-12-05,68.16,68.42,66.94,67.88,1845405,0.0
2019-12-08,67.69,68.32,67.22,67.73,1555081,0.0
2019-12-09,67.96,69.05,67.77,68.23,1175698,0.0
2019-12-10,68.05,68.9,67.54,68.63,1288070,0.0
2019-12-11,68.53,69.51,68.21,69.09,2917194,0.0
2019-12-12,68.98,71.93,68.98,71.92,1869674,0.0
2019-12-15,72.17,73.039,71.36,72.36,2393688,0.0
2019-12-16,72.57,72.99,69.08,71.18,2749712,0.0
2019-12-17,71.24,72.2759,71.05,71.23,2288444,0.0
2019-12-18,72.51,77.97,72.5,77.35,5812723,0.0
2019-12-19,77.79,81.28,76.65,79.88,4540215,0.0
2019-12-22,80.34,80.7,79.27,80.15,1659960,0.0
2019-12-23,80.21,81.731,80.21,80.94,559121,0.0
2019-12-25,80.95,82.55,80.35,82.55,1092628,0.0
2019-12-26,82.83,84.21,82.16,84.04,2233970,0.0
2019-12-29,83.92,83.92,81.5801,82.97,1194165,0.0
2019-12-30,82.94,83.325,81.98,82.09,1033003,0.0
2020-01-01,83.18,84.79,82.71,84.34,1598093,0.0
2020-01-02,83,84.3,83,84.11,805106,0.0
2020-01-05,83.38,84.33,82.77,84.33,1405316,0.0
2020-01-06,84.16,84.62,83.25,83.77,1094476,0.0
2020-01-07,83.7,85.94,83.655,85,1808022,0.0
2020-01-08,85.93,87.08,85.365,85.76,1553790,0.0
2020-01-09,86.51,87.5,85.13,87.18,1955264,0.0
2020-01-12,87.5,91.38,87.5,89.585,2908041,0.0
2020-01-13,89.87,90.37,88.9,89.69,1288120,0.0
2020-01-14,89.97,91.9,89.75,91.1,1325160,0.0
2020-01-15,91.67,92.51,91.31,92.45,1156397,0.0
2020-01-16,91.98,92.36,90.22,91.15,2388432,0.0
2020-01-20,90.25,91.51,89.54,89.76,4655360,0.0
2020-01-21,90.25,91.32,89.31,89.55,2267158,0.0
2020-01-22,89.88,90.65,88.49,88.5,3149230,0.0
2020-01-23,88.79,89.485,85.47,85.64,2774710,0.0
2020-01-26,82.44,84.76,81.46,84.35,2331072,0.0
2020-01-27,84.92,85.29,83.92,83.94,1042178,0.0
2020-01-28,83.19,83.7695,80.94,81.07,2076960,0.0
2020-01-29,80.57,81.09,79.92,81.05,1064426,0.0
2020-01-30,80.26,81.06,78.01,78.21,1707340,0.0
2020-02-02,78.27,80.71,78.24,80.7,2023425,0.0
2020-02-03,82,83.01,80.52,83,3007821,0.0
2020-02-04,80.07,81.37,75.24,75.93,6749936,0.0
2020-02-05,76.25,82.26,76.25,79.49,7827687,0.0
2020-02-06,79.33,80.2,77.4,77.77,4825890,0.0
2020-02-09,77.28,78.1,75.68,75.77,1561679,0.0
2020-02-10,76.02,76.3999,74.53,74.53,1494858,0.0
2020-02-11,74.54,75.71,73.01,75.42,2455054,0.0
2020-02-12,74.91,75.96,73.78,75.19,1504614,0.0
2020-02-13,75.31,77.09,75.09,76.52,2187247,0.0
2020-02-17,76.5,77.23,75.315,76.6,1499487,0.0
2020-02-18,77.3,77.64,75.8838,75.91,1431439,0.0
2020-02-19,75.85,76.79,73.6,75.14,1593883,0.0
2020-02-20,74.89,74.98,72.8,73.42,1236247,0.0
2020-02-23,69.59,71.06,68.6,70.15,3103226,0.0
2020-02-24,70.39,70.92,67.23,67.76,2793871,0.0
2020-02-25,67.98,68.81,65.52,65.96,3499741,0.0
2020-02-26,63.83,66.91,63.13,64.82,3113293,0.0
2020-02-27,62.41,65.5,62.23,65.17,2896183,0.0
2020-03-01,65,68.21,63.53,68.14,3737968,0.0
2020-03-02,68.14,68.56,64.38,65.68,4109139,0.0
2020-03-03,67.05,68.8,65.365,68.1,2666565,0.0
2020-03-04,66.32,67.98,65.58,66.8,3283660,0.0
2020-03-05,64.53,65.59,62.98,65.57,2218650,0.0
2020-03-08,60,65.76,53.25,64.045,3368556,0.0
2020-03-09,65.24,66.38,63.05,65.82,2014952,0.0
2020-03-10,64.3,65.03,61.69,63.01,5159904,0.0
2020-03-11,57.49,60.965,55.8,57.48,4154491,0.0
2020-03-12,59.6,60.8,55.62,60.8,3532602,0.0
2020-03-15,53.7,56.54,52.59,54.3,11943870,0.0
2020-03-16,55.01,58.1,51.79,57.02,4383347,0.0
2020-03-17,53.11,55.91,47.27,51.52,3222108,0.0
2020-03-18,50.38,53.16,48.92,50.76,8062922,0.0
2020-03-19,51.68,52.94,47.31,47.35,4414471,0.0
2020-03-22,46.9,50.13,44.74,48.79,3785552,0.0
2020-03-23,50.7,58.33,50.7,57.7,4628470,0.0
2020-03-24,59,68.5,58.5,65.51,5852100,0.0
2020-03-25,65.52,73.25,61.98,63.58,3750917,0.0
2020-03-26,60.39,64.35,60.16,62.48,1724610,0.0
2020-03-29,62.23,67.7,62.23,66.8,4995132,0.0
2020-03-30,65.7,68.79,65.7,66.04,1990700,0.0
2020-03-31,64.13,64.97,60.42,61.62,2436886,0.0
2020-04-01,60.75,64.15,60.17,62.18,1215413,0.0
2020-04-02,62.53,64.76,62.21,63.97,1205079,0.0
2020-04-05,66.98,68.93,64.33,68.36,4090462,0.0
2020-04-06,70.65,71.96,67.77,70.33,5257414,0.0
2020-04-07,71.06,72.585,68.91,69.21,1916422,0.0
2020-04-08,70.31,71,66.66,68.1,2426026,0.0
2020-04-12,67.25,69.37,65.99,68.66,3685118,0.0
2020-04-13,69.58,74.13,69.58,73.15,5087072,0.0
2020-04-14,72.08,76.13,69.86,74.45,8444862,0.0
2020-04-15,75.7,80.405,75.09,78.87,13072270,0.0
2020-04-16,80,81.32,78.81,79.99,9000045,0.0
2020-04-19,79.23,83.59,78.95,80.2,6548507,0.0
2020-04-20,79.33,80.17,75.78,77.08,5071476,0.0
2020-04-21,78.12,80.81,77.51,80.18,3735735,0.0
2020-04-22,80.31,82.355,79.04,80.555,5197472,0.0
2020-04-23,80.99,81.82,79.67,81.36,2829850,0.0
2020-04-26,82.2,82.81,77.97,78.35,3900336,0.0
2020-04-27,79.31,79.79,75.15,75.24,1834269,0.0
2020-04-28,76.61,80.61,76.25,79.67,1353739,0.0
2020-04-29,78,79.99,76.63,77,3050180,0.0
2020-04-30,75.62,77.05,74.39,74.6465,1060073,0.0
2020-05-03,74.52,77.36,74.0584,77.31,3693722,0.0
2020-05-04,78.5,81.04,78.02,80.1,1758844,0.0
2020-05-05,83.41,87.38,82.84,87.33,6129340,0.0
2020-05-06,88.5,90,82.37,82.89,7261800,0.0
2020-05-07,83.3,83.98,79.63,79.98,3050086,0.0
2020-05-10,79.31,81.3,79.0368,80.15,6090878,0.0
2020-05-11,80.36,81,77.3,77.92,2446457,0.0
2020-05-12,77.71,78.45,72.28,74.64,5658584,0.0
2020-05-13,73.2,77.6,73.085,77.39,3731006,0.0
2020-05-14,76.98,78.56,76.5,78.19,3464294,0.0
2020-05-17,80,84.18,79.27,83.62,2371573,0.0
2020-05-18,83.72,87.885,83.07,85.6,1567348,0.0
2020-05-19,86.31,87.49,83.44,84.63,3287304,0.0
2020-05-20,84.86,85.61,82.48,84.01,810070,0.0
2020-05-21,84.6,86.75,83.1,84.94,717684,0.0
2020-05-25,86.5,86.74,84.32,85.48,713877,0.0
2020-05-26,85.49,86.12,83.1,85.99,811432,0.0
2020-05-27,84.72,91.7715,84.4918,89.04,5944704,0.0
2020-05-28,89.88,90.25,87.72,89.04,1230034,0.0
2020-05-31,89.12,92.68,89.11,91.72,2109426,0.0
2020-06-01,93.78,94.57,90.76,94.51,4022510,0.0
2020-06-02,94.38,95.5746,91.82,94.07,1903804,0.0
2020-06-03,92.9,94.07,89.64,91.78,3684578,0.0
2020-06-04,91.54,92.6,89.4198,90.21,3567512,0.0
2020-06-07,90.47,92.85,89.34,89.78,3266140,0.0
2020-06-08,90.35,90.49,87.51,89.67,5095878,0.0
2020-06-09,90.13,90.68,87.65,88.44,1871642,0.0
2020-06-10,84.97,86.7,82.57,85.98,5630662,0.0
2020-06-11,88.15,88.34,85.55,85.635,392345,0.0
2020-06-14,86,88.57,85.49,88.34,2097091,0.0
2020-06-15,89.99,93.16,89.69,92.21,3083151,0.0
2020-06-16,92.93,94.8,91.621,94.43,2333453,0.0
2020-06-17,94.65,98.965,94.06,98.14,6123279,0.0
2020-06-18,99.18,99.43,95.21,95.73,5471599,0.0
2020-06-21,96.39,96.56,93.58,94.93,1909611,0.0
2020-06-22,96.07,99.72,94.65,98.69,2691376,0.0
2020-06-23,98.51,99.82,95.2,98.14,2157171,0.0
2020-06-24,97.62,100.25,97.33,98.95,1123455,0.0
2020-06-25,99.62,101.97,97.85,101.18,2328696,0.0
2020-06-28,101,106.44,100.66,106.01,4113284,0.0
2020-06-29,106.18,107.95,105.01,107.08,3368055,0.0
2020-06-30,106,107.43,94.01,105.63,9443808,0.0
2020-07-01,105.1,108.45,96.12,98.89,6232405,0.0
2020-07-05,100,100.53,93.24,94.77,8750930,0.0
2020-07-06,93.34,94.7599,91.56,92.01,7556257,0.0
2020-07-07,92,95.8718,91.51,94.22,3672055,0.0
2020-07-08,95,97.9,94.5,96.37,3680559,0.0
2020-07-09,96.87,102.15,96.4,100.4,3983441,0.0
2020-07-12,100.72,101.47,96.24,97.09,3873370,0.0
2020-07-13,95.38,99.175,94.4,97.93,3199756,0.0
2020-07-14,98.35,99,95.75,96.69,2624895,0.0
2020-07-15,95.54,95.81,93.5,94.93,1916259,0.0
2020-07-16,95.1,95.87,90.95,91.79,2372444,0.0
2020-07-19,91.71,98.98,91.46,97.07,4914956,0.0
2020-07-20,98.41,98.41,92.62,93.97,2272378,0.0
2020-07-21,94,96.02,92.92,93.44,1950412,0.0
2020-07-22,93.01,94.44,90.98,91.14,1033762,0.0
2020-07-23,89.99,91.8,87.56,90.35,2335492,0.0
2020-07-26,91.69,93.78,91,91.76,1927683,0.0
2020-07-27,91.51,101.9,91.51,98.5,7218933,0.0
2020-07-28,100,103.5,99,102.8,3669747,0.0
2020-07-29,101.99,104.33,100.58,102.28,2723674,0.0
2020-07-30,103.63,103.97,101.5466,102.74,2016188,0.0
2020-08-02,103.78,110.86,103.065,110.4,3336381,0.0
2020-08-03,110.2,110.47,105.99,107.57,2607334,0.0
2020-08-04,119,123,115.31,120.64,5911337,0.0
2020-08-05,117.73,118.005,113.88,113.97,4375038,0.0
2020-08-06,114.44,116.25,113.03,115.9,2107922,0.0
2020-08-09,116.06,116.98,112.69,115.67,2798951,0.0
2020-08-10,115.38,118.39,114.87,115.49,2139798,0.0
2020-08-11,115.85,118,115.42,115.94,1937455,0.0
2020-08-12,118.25,118.25,116.69,117.52,1995256,0.0
2020-08-13,118,121.44,117.65,118.81,1880877,0.0
2020-08-16,118.8,119.79,113.5602,114.1,3452492,0.0
2020-08-17,114.54,116.4599,114.1,115.3,3071791,0.0
2020-08-18,114.82,118.465,113.94,114.15,3137727,0.0
2020-08-19,113.99,115.53,112.16,113.08,1429311,0.0
2020-08-20,113.54,114.7,112.405,112.55,1524919,0.0
2020-08-23,113.64,114.963,111.01,111.96,1464781,0.0
2020-08-24,110.78,112.52,109.56,112.3,1652775,0.0
2020-08-25,113.2,114.08,110.95,112.55,1546769,0.0
2020-08-26,112.45,113.27,111.34,111.53,1902612,0.0
2020-08-27,112.18,113.56,109.87,111.51,1179296,0.0
2020-08-30,111.49,112.25,110.44,111.68,1802126,0.0
2020-08-31,110.87,115.25,110.87,113.4,2675632,0.0
2020-09-01,114.7,117.62,112.88,117.5,2832176,0.0
2020-09-02,114.23,114.82,108.81,110.5,2218619,0.0
2020-09-03,108.51,110.95,102.08,105.86,2233425,0.0
2020-09-07,102.005,105.545,100.25,102.04,2621001,0.0
2020-09-08,104.49,106.671,102.13,105.56,2453017,0.0
2020-09-09,107.14,108.37,104.17,105.63,1320940,0.0
2020-09-10,106.86,106.86,101.65,103.69,1525972,0.0
2020-09-13,105.74,109.27,105.74,108.26,3149832,0.0
2020-09-14,109.95,111.6595,108.71,110.99,2334611,0.0
2020-09-15,110.75,111.395,107.79,108.34,3540449,0.0
2020-09-16,107.95,108.4591,105.65,107.54,2423179,0.0
2020-09-17,107.74,109.77,105.36,108.42,2224449,0.0
2020-09-20,106.08,107.25,104.205,106.85,2068180,0.0
2020-09-21,108.38,108.79,105.46,106.52,2027222,0.0
2020-09-22,106.94,107.255,102.41,102.87,2190242,0.0
2020-09-23,101.02,105.13,100.61,103.47,1544973,0.0
2020-09-24,103.58,107.5224,102.77,105.76,1485959,0.0
2020-09-27,107.15,109.84,106.775,108.6,2239679,0.0
2020-09-28,108.221,109.38,106.63,109.17,3300560,0.0
2020-09-29,108.43,111.79,108.43,110.71,1918467,0.0
2020-09-30,112.23,116.58,111.13,116.25,2557507,0.0
2020-10-01,113.13,115.9,111.63,111.95,1507096,0.0
2020-10-04,112.99,115.15,111.68,114.06,1318728,0.0
2020-10-05,113.94,115.82,112.79,114.23,1448762,0.0
2020-10-06,114.59,115.49,112.125,114.44,2083180,0.0
2020-10-07,115.99,117.49,113.1,113.43,2402301,0.0
2020-10-08,113.64,114.4,111.66,112.31,1284921,0.0
2020-10-11,112.5,113.9399,108.85,110.31,1619157,0.0
2020-10-12,112.01,113.4,110.39,111.17,1775604,0.0
2020-10-13,111.87,112.505,109.28,109.8,1258503,0.0
2020-10-14,108.1635,112.1041,107.05,111.17,1657793,0.0
2020-10-15,112.5,113.07,110.42,112.34,1227173,0.0
2020-10-18,112.29,115.605,111.59,113,1393034,0.0
2020-10-19,113.67,116.565,113.22,114.91,1330066,0.0
2020-10-20,116.25,119.3198,115.59,118.05,1690702,0.0
2020-10-21,117.515,118.11,114.5134,116.72,1183216,0.0
2020-10-22,118.09,120.38,116.53,120.38,973045,0.0
2020-10-25,118.69,122,117.6532,119.38,1717616,0.0
2020-10-26,120.2,127.42,119.37,125.77,3202941,0.0
2020-10-27,123.05,123.45,118.13,118.52,1833150,0.0
2020-10-28,119.53,123.69,119,122.29,1435309,0.0
2020-10-29,121.37,123.27,116.24,116.77,1796004,0.0
2020-11-01,117.51,121.35,116.23,118.89,2731428,0.0
2020-11-02,119.34,123.23,117.68,121.87,2388686,0.0
2020-11-03,124.68,129.31,122.28,128.67,3732341,0.0
2020-11-04,132,138.5,129.1401,135.15,5627147,0.0
2020-11-05,134.59,136.21,130.2,132.43,2792686,0.0
2020-11-08,136.6373,141.805,134.15,137.22,3844867,0.0
2020-11-09,137.13,139.26,131.28,132.22,2193593,0.0
2020-11-10,133.67,137.36,133.07,133.41,1162557,0.0
2020-11-11,133.01,135.6,130.38,131.29,1333569,0.0
2020-11-12,131.65,132.51,129.38,132.1,1034093,0.0
2020-11-15,133.75,137.22,132.015,134.85,1985424,0.0
2020-11-16,134.57,135.18,130.72,131.31,1609902,0.0
2020-11-17,133.75,134.1,129.61,131.34,918903,0.0
2020-11-18,131.19,135.155,130.2,132.27,1098953,0.0
2020-11-19,131.92,135,130.3303,130.57,1386924,0.0
2020-11-22,131.07,139.07,131.07,138.23,2207656,0.0
2020-11-23,137.65,138.94,135.08,138.7,1789352,0.0
2020-11-24,139.34,141.63,136.87,139.01,1286838,0.0
2020-11-26,139.16,143.09,137.88,139.53,891122,0.0
2020-11-29,139.11,139.785,135.3028,139.31,1599802,0.0
2020-11-30,141.21,143.82,140.82,143.3,1697119,0.0
2020-12-01,142.1,142.1,137.3902,138.93,1345058,0.0
2020-12-02,138.08,142.79,138,140.13,1587855,0.0
2020-12-03,139.72,146.13,139.7,145.39,1968913,0.0
2020-12-06,144.31,146.66,142.8,146.08,1231487,0.0
2020-12-07,146.56,147.4,144.03,145.39,1143066,0.0
2020-12-08,146.63,148.645,142.66,143.71,1863047,0.0
2020-12-09,143.15,148.09,141.64,147.32,2223863,0.0
2020-12-10,146.81,148.5,144.76,148.01,1837696,0.0
2020-12-13,149.6,150.55,144.65,144.73,2383351,0.0
2020-12-14,146.5,151.18,145.65,150.87,2379960,0.0
2020-12-15,152.75,154.9,151.61,153.86,2292939,0.0
2020-12-16,155,159.53,148.39,148.5,3326621,0.0
2020-12-17,150.93,157.22,150,157,3284148,0.0
2020-12-20,152.26,155.53,148.68,154.085,1840560,0.0
2020-12-21,153.91,158.4,153.29,156.12,1813053,0.0
2020-12-22,157.57,157.57,153.16,153.49,933305,0.0
2020-12-23,153.04,154.15,151.34,151.9,1088800,0.0
2020-12-27,153.64,154.745,146.81,150.08,2426106,0.0
2020-12-28,151,151.2,148.24,150.34,1322721,0.0
2020-12-29,152.2,152.66,150.3,152,760955,0.0
2020-12-30,152.25,152.69,149.205,151.19,1343874,0.0
2021-01-03,153.31,153.99,147.31,149.92,1559716,0.0
2021-01-04,148.54,151.84,148.43,150.25,750186,0.0
2021-01-05,147.7,150.54,147.16,148.8,1509511,0.0
2021-01-06,149.49,153.07,149.46,152.85,1279522,0.0
2021-01-07,154.2,154.75,148.7537,151.8,1060635,0.0
2021-01-10,151.62,153.59,148.27,151.89,1450901,0.0
2021-01-11,152,154.17,150.73,153.57,1176834,0.0
2021-01-12,154,159.85,153.58,155.02,1881964,0.0
2021-01-13,156.79,158.22,148.03,148.83,1745361,0.0
2021-01-14,149.07,152.16,145.09,150.93,2404891,0.0
2021-01-18,151.5,152.15,144.01,146.18,3834309,0.0
2021-01-19,147.26,148.6,146.19,147.73,2203478,0.0
2021-01-20,148.59,149.5013,143.36,144.29,1604853,0.0
2021-01-21,143,144.18,139.55,140.86,2961026,0.0
2021-01-24,141.59,142.38,133.36,139.45,4595345,0.0
2021-01-25,139.42,142.4,137.5521,138.42,1864350,0.0
2021-01-26,135.74,137.66,130,131.55,3290542,0.0
2021-01-27,132.39,146.7871,132.2,141.37,3418809,0.0
2021-01-28,141.18,143.2,137.68,139.71,2090916,0.0
2021-01-31,142.41,146.55,141.305,145.95,1877753,0.0
2021-02-01,149.2,150.35,146.4,150.1,2276501,0.0
2021-02-02,146,147.9199,137.58,138.11,8368455,0.0
2021-02-03,141.77,150.86,141.2,150.62,4394926,0.0
2021-02-04,151.46,159.99,149.7001,159.81,3374074,0.0
2021-02-07,160.17,162.965,156.77,159,3940431,0.0
2021-02-08,159,160.7701,154.03,158.87,3742330,0.0
2021-02-09,165.6,173.54,162.525,170.88,4713213,0.0
2021-02-10,171.02,174.68,167.2,172.26,4674008,0.0
2021-02-11,172.16,172.345,166.85,169.53,1969434,0.0
2021-02-15,170.65,171.1,164.46,164.77,1741461,0.0
2021-02-16,162.15,163.89,159.54,160.59,1996221,0.0
2021-02-17,159.04,163.4,156.28,162.16,2003312,0.0
2021-02-18,164.022,164.022,160,160.92,2249700,0.0
2021-02-21,159.83,160.48,155.88,156.61,2987854,0.0
2021-02-22,155.43,161.9664,151.15,161.45,2395946,0.0
2021-02-23,160.01,161.9,157.28,160.79,1749164,0.0
2021-02-24,159.75,161.85,151.09,151.71,2507534,0.0
2021-02-25,152.92,154.35,146.485,152.62,2944452,0.0
2021-02-28,157.87,157.87,153.88,156.88,1701299,0.0
2021-03-01,156.99,157.3625,152.13,152.58,1576908,0.0
2021-03-02,151.48,152.72,146.1215,147.42,1653098,0.0
2021-03-03,146.23,149.22,140.01,143.86,2973696,0.0
2021-03-04,149.01,149.01,142.18,146.1005,4989582,0.0
2021-03-07,146.3,148.97,143.495,145.81,2885121,0.0
2021-03-08,148.85,154.31,148.85,151.91,1960553,0.0
2021-03-09,152.87,154.29,144.875,146.7,1874559,0.0
2021-03-10,150.97,157.9,150.52,155.36,2086031,0.0
2021-03-11,154.23,155,149.34,153.38,1435965,0.0
2021-03-14,152.5,156.5499,151.81,153.94,1300973,0.0
2021-03-15,155.72,157.46,152.14,154.19,1349512,0.0
2021-03-16,151.43,156.51,150.25,154.46,1176492,0.0
2021-03-17,151.41,152.3,146.33,147.25,1743324,0.0
2021-03-18,147.88,153.84,146.36,152.85,2053360,0.0
2021-03-21,153.37,156.06,151.84,154.86,1142223,0.0
2021-03-22,154.54,156.29,145.855,145.89,1944812,0.0
2021-03-23,146.79,147.05,139.21,139.82,2084166,0.0
2021-03-24,138.14,139.08,133.27,134.59,2787418,0.0
2021-03-25,134.51,138.36,132.32,138.36,2162738,0.0
2021-03-28,138.29,138.7,131.8,133.23,2583619,0.0
2021-03-29,132.44,132.58,129.68,131.59,2231711,0.0
2021-03-30,133.32,139.75,133.32,137.36,2516255,0.0
2021-03-31,139.54,144.8,139.5,142.65,2012624,0.0
2021-04-04,142.23,144.76,140.63,144.15,1185246,0.0
2021-04-05,144.39,144.97,141.9,143.21,1128539,0.0
2021-04-06,142.89,142.9,140.07,141.87,1159535,0.0
2021-04-07,143.95,145.66,141.07,145.66,2645087,0.0
2021-04-08,144.51,144.7599,141.485,143.83,1262629,0.0
2021-04-11,145.56,148.94,143.54,144.4,1348194,0.0
2021-04-12,142.36,146.94,142.36,146.25,1228402,0.0
2021-04-13,146,146.795,143.9,144.19,741054,0.0
2021-04-14,146.645,147.71,145.82,146.38,1027309,0.0
2021-04-15,145.92,146.54,144.16,145.3,1042996,0.0
2021-04-18,145.29,146.75,143.07,145.89,791777,0.0
2021-04-19,145.46,145.76,139.51,139.72,1352149,0.0
2021-04-20,138.41,141.415,138.3,141.02,1566047,0.0
2021-04-21,141.29,146.9396,140.51,143.49,1225844,0.0
2021-04-22,142.81,149.37,142.81,149.06,1734500,0.0
2021-04-25,149.93,152.55,148.965,152.55,1364011,0.0
2021-04-26,153.24,158.52,153.24,157.79,2806735,0.0
2021-04-27,155.44,159.8685,155.44,159.15,1528977,0.0
2021-04-28,160.14,160.25,154.74,156.51,1762581,0.0
2021-04-29,154.03,157.68,154.26,155.65,1809150,0.0
2021-05-02,156.14,156.59,148.23,148.44,3090805,0.0
2021-05-03,146.68,148.25,136.15,139.03,4325705,0.0
2021-05-04,147,152.84,140.88,143.74,4887206,0.0
2021-05-05,142.17,145.49,139.1001,139.93,2330073,0.0
2021-05-06,142.74,148.55,142.17,146.19,1721128,0.0
2021-05-09,144.4,145.045,140.99,141.81,1331382,0.0
2021-05-10,137.5,147.09,137,146.41,1919352,0.0
2021-05-11,142.88,144,140.25,141.68,1520289,0.0
2021-05-12,142.945,144.25,135.51,138.39,2058600,0.0
2021-05-13,140.12,142.84,139.01,142.05,1233657,0.0
2021-05-16,140.35,141.15,138.28,139.99,1070783,0.0
2021-05-17,141.7,142.77,136.5,136.87,1988621,0.0
2021-05-18,133.2,139.12,132.33,138.87,2155611,0.0
2021-05-19,137.24,143.23,137.02,142.81,1348247,0.0
2021-05-20,144.08,145.49,142.75,143.4,1051861,0.0
