Date,Open,High,Low,Close,Volume,OpenInterest
2017-05-30,109.05,109.83,108.98,109.78,7470331,0.0
2017-05-31,109.645,109.71,109,109.31,7039197,0.0
2017-06-01,109.2,109.35,108.86,109.15,3530363,0.0
2017-06-04,109,109.32,109,109.2,2199731,0.0
2017-06-05,109.22,109.35,108.845,108.85,2487176,0.0
2017-06-06,108.85,109.32,108.81,109.21,2692151,0.0
2017-06-07,109.07,109.4,108.92,109.23,1853205,0.0
2017-06-08,109.23,109.5,108.17,108.58,3872688,0.0
2017-06-11,108.91,108.91,108,108.22,2560036,0.0
2017-06-12,108.45,109.11,108.32,109.11,1725659,0.0
2017-06-13,108.96,109.415,108.65,109.26,2288089,0.0
2017-06-14,108.78,109.11,108.75,109,1128519,0.0
2017-06-15,109,109.4,108.845,109.06,1029694,0.0
2017-06-18,109,109.285,108.9,109.15,1172840,0.0
2017-06-19,109.05,109.86,108.97,109,2812362,0.0
2017-06-20,109.02,109.215,108.88,109.15,2594284,0.0
2017-06-21,109.15,109.5,108.99,109.49,2797506,0.0
2017-06-22,109.5,109.9,109.47,109.84,9978690,0.0
2017-06-25,109.75,109.92,109.45,109.75,2224712,0.0
2017-06-26,109.67,109.79,109.42,109.52,2535141,0.0
2017-06-27,109.88,109.95,109.57,109.87,1846741,0.0
2017-06-28,109.77,109.8,109.03,109.34,4614053,0.0
2017-06-29,109.33,109.51,109.14,109.38,2411316,0.0
2017-07-02,109.5,109.5,109.1,109.26,1043754,0.0
2017-07-04,109.27,109.365,109.035,109.185,2036387,0.0
2017-07-05,109.11,109.3,109.05,109.26,1272473,0.0
2017-07-06,109.27,109.38,109,109.13,3328132,0.0
2017-07-09,109.05,109.46,109.05,109.35,1133829,0.0
2017-07-10,109.25,109.25,109,109.22,1667082,0.0
2017-07-11,109.2,109.37,109.06,109.16,2606124,0.0
2017-07-12,109.15,109.5,109.08,109.23,2044945,0.0
2017-07-13,109.2,109.48,109.16,109.4,1481937,0.0
2017-07-16,109.4,109.6186,109.37,109.48,1948025,0.0
2017-07-17,109.45,109.64,109.37,109.47,1372411,0.0
2017-07-18,109.45,109.65,109.41,109.6,1179982,0.0
2017-07-19,109.5,109.81,109.41,109.73,1373486,0.0
2017-07-20,109.6,109.8901,109.55,109.87,1224459,0.0
2017-07-23,109.83,109.84,109.55,109.55,1448308,0.0
2017-07-24,109.56,109.93,109.55,109.71,2172477,0.0
2017-07-25,109.75,109.95,109.75,109.92,2089571,0.0
2017-07-26,109.85,110.43,109.84,110.29,2246455,0.0
2017-07-27,110.26,110.4,110.05,110.205,1586498,0.0
2017-07-30,110.25,110.39,110.08,110.31,1925373,0.0
2017-07-31,110.3,111.2,110.2,111.18,2959598,0.0
2017-08-01,111.08,111.22,110.85,110.9,3187990,0.0
2017-08-02,110.52,111.055,110.43,110.7,1597540,0.0
2017-08-03,112.03,112.79,111.75,112.43,4796846,0.0
2017-08-06,112.65,113.2,112.42,112.965,2119998,0.0
2017-08-07,113.02,113.39,112.82,112.98,1413592,0.0
2017-08-08,112.6,113.1,112.565,113.08,926219,0.0
2017-08-09,112.85,112.85,112.08,112.12,2008835,0.0
2017-08-10,111.57,112.28,111.57,112.23,1835643,0.0
2017-08-13,112.5,112.8,112.33,112.53,822964,0.0
2017-08-14,112.65,112.83,112.51,112.82,718126,0.0
2017-08-15,112.81,112.85,112.55,112.79,370037,0.0
2017-08-16,112.79,112.85,112.335,112.48,1033399,0.0
2017-08-17,112.7,112.7,112.39,112.455,590088,0.0
2017-08-20,112.59,112.68,112.18,112.355,747406,0.0
2017-08-21,112.45,112.74,112.34,112.36,426098,0.0
2017-08-22,112.51,112.51,112.3,112.3,790228,0.0
2017-08-23,112.38,112.48,111.94,112.08,996270,0.0
2017-08-24,112.1,112.35,111.9,112.23,944960,0.0
2017-08-27,112.16,112.735,112,112.6188,1131872,0.0
2017-08-28,112.25,112.6,112.25,112.36,1031275,0.0
2017-08-29,112.31,112.58,112.29,112.42,791626,0.0
2017-08-30,112.43,113.06,112.37,113,1880078,0.0
2017-08-31,112.8,113.19,112.8,112.91,1070082,0.0
2017-09-04,112.56,112.85,112.29,112.43,1393820,0.0
2017-09-05,112.57,112.57,111.75,112.18,2106082,0.0
2017-09-06,112.23,112.75,112.14,112.6,778467,0.0
2017-09-07,112.4,112.48,112.16,112.3,524183,0.0
2017-09-10,112.5,112.7,112.26,112.59,483323,0.0
2017-09-11,112.66,112.81,112.635,112.76,782800,0.0
2017-09-12,112.71,112.81,112.6,112.62,875583,0.0
2017-09-13,112.46,112.75,112.32,112.46,1291020,0.0
2017-09-14,112.5,112.81,112.43,112.75,1060088,0.0
2017-09-17,112.86,113.23,112.8,113.01,1476731,0.0
2017-09-18,112.91,113.05,112.83,112.92,808381,0.0
2017-09-19,112.85,112.95,112.5,112.55,1077053,0.0
2017-09-20,112.49,112.85,112.34,112.7,974016,0.0
2017-09-21,112.55,112.77,112.49,112.63,519260,0.0
2017-09-24,112.55,112.63,112.36,112.41,1709106,0.0
2017-09-25,112.4,112.6,112.31,112.44,1077283,0.0
2017-09-26,112.4,112.89,112.4,112.74,1045553,0.0
2017-09-27,112.7,113.07,112.61,112.86,1353930,0.0
2017-09-28,112.96,113.4,112.83,113.09,1544868,0.0
2017-10-01,113.15,113.39,112.85,113.14,1709811,0.0
2017-10-02,113.22,113.43,113.01,113.36,1000657,0.0
2017-10-03,113.3,113.8,113.1,113.68,1503694,0.0
2017-10-04,113.75,113.83,113.56,113.67,809233,0.0
2017-10-05,114.01,114.415,113.9,113.96,2583996,0.0
2017-10-08,114.1,114.67,113.99,114.57,1690108,0.0
2017-10-09,114.65,115.165,114.46,115,2594014,0.0
2017-10-10,114.94,115.61,114.83,115.43,2092437,0.0
2017-10-11,115.15,115.35,114.8,115.18,1140217,0.0
2017-10-12,115.68,115.68,115.04,115.16,1189441,0.0
2017-10-15,115.51,115.5199,114.76,114.965,1119611,0.0
2017-10-16,114.97,115.2,114.92,115.14,1282601,0.0
2017-10-17,115.03,115.51,115.03,115.41,1957163,0.0
2017-10-18,115.15,115.47,115.01,115.41,1027372,0.0
2017-10-19,115.7,115.94,115.4,115.87,2350315,0.0
2017-10-22,115.71,116.44,115.71,116.4,1683140,0.0
2017-10-23,116.5,117,116.4,116.76,1437982,0.0
2017-10-24,116.59,116.79,116.2368,116.42,1757792,0.0
2017-10-25,117.66,118,116.61,116.71,3810401,0.0
2017-10-26,116.87,117.3,116.82,116.99,2398520,0.0
2017-10-29,116.43,116.97,116.275,116.73,2275860,0.0
2017-10-30,116.7,117.07,116.5,116.95,1778326,0.0
2017-10-31,117.05,117.73,116.885,117.25,2191989,0.0
2017-11-01,117.03,117.73,116.57,117.48,2931556,0.0
2017-11-02,117.55,118.2,111.37,115.02,24714785,0.0
2017-11-05,115.02,116.88,115.02,116.72,7559523,0.0
2017-11-06,116.32,116.98,115.995,116.66,2671405,0.0
2017-11-07,116.7,117.56,116.245,116.35,4904454,0.0
2017-11-08,116.12,116.6,114.99,115.36,2961043,0.0
2017-11-09,115.25,116.25,115.04,116.02,2103975,0.0
2017-11-12,116.12,116.2,115.53,115.65,1757516,0.0
2017-11-13,115.6,115.95,115.02,115.48,2701847,0.0
2017-11-14,115.42,115.43,114.72,114.99,1999275,0.0
2017-11-15,115.2,115.88,115.05,115.2,3097979,0.0
2017-11-16,115.38,115.7,115.2,115.48,1644659,0.0
2017-11-19,115.51,115.9125,115.14,115.2,1193991,0.0
2017-11-20,115.22,115.61,115.15,115.35,1695206,0.0
2017-11-21,115.32,115.86,115.07,115.18,1299220,0.0
2017-11-23,114.81,115.2,114.54,114.7,1771921,0.0
2017-11-26,114.5,115.08,114.44,114.53,2112932,0.0
2017-11-27,114.65,114.85,113.78,113.8,2834561,0.0
2017-11-28,113.85,114.1737,112.5,113,5284804,0.0
2017-11-29,113.3,114.18,112.95,113.17,2857800,0.0
2017-11-30,114.01,115,113.9259,114.78,4507637,0.0
2017-12-03,115,115.05,113.75,113.91,2556567,0.0
2017-12-04,113.7,114.29,113.53,113.75,2157180,0.0
2017-12-05,114.14,115,113.4,114.34,2130706,0.0
2017-12-06,114.5,115.28,114.25,115.11,1849841,0.0
2017-12-07,115.15,115.85,115.13,115.28,1596870,0.0
2017-12-10,116.4,116.6,115.63,115.825,2110218,0.0
2017-12-11,116.11,116.32,115.5001,115.61,1075937,0.0
2017-12-12,115.65,116.1,115.61,116.05,1304675,0.0
2017-12-13,115.96,116.1,115.625,115.87,914553,0.0
2017-12-14,115.85,116.33,115.47,116.26,1265308,0.0
2017-12-17,116.22,116.92,116.07,116.85,1119115,0.0
2017-12-18,116.63,117,116.3,116.47,1195473,0.0
2017-12-19,116.56,116.89,116.399,116.74,1147352,0.0
2017-12-20,116.73,116.91,116.6,116.71,839596,0.0
2017-12-21,116.72,117.38,116.61,116.73,1195957,0.0
2017-12-25,116.61,116.84,116.49,116.595,641751,0.0
2017-12-26,116.7,116.87,116.47,116.7,859560,0.0
2017-12-27,116.63,117.12,116.5535,116.96,695125,0.0
2017-12-28,116.93,117.4,116.91,117.08,1085919,0.0
2018-01-01,117,117.98,116.8,117.9799,1533205,0.0
2018-01-02,118,118.53,117.68,118.15,2377662,0.0
2018-01-03,118.09,118.325,117.66,117.9,1664727,0.0
2018-01-04,118.09,118.3099,117.91,118.04,1391138,0.0
2018-01-07,118.65,118.65,117.95,118.23,1071439,0.0
2018-01-08,118.3,118.83,118.26,118.41,1172345,0.0
2018-01-09,118.37,119.27,118.07,119.13,1461149,0.0
2018-01-10,119.15,119.48,118.75,119.22,2161829,0.0
2018-01-11,119.29,119.7,118.99,119.55,1816603,0.0
2018-01-15,119.52,119.9,119.42,119.44,1961172,0.0
2018-01-16,119.34,119.47,118.795,119.34,3457323,0.0
2018-01-17,119.4,120.2,119.4,119.96,3598107,0.0
2018-01-18,120.11,120.67,120.095,120.43,3819884,0.0
2018-01-21,120.7,121.25,120.55,121.08,1698064,0.0
2018-01-22,121.37,121.46,120.85,120.87,1764364,0.0
2018-01-23,120.75,121.12,120.25,120.49,1296511,0.0
2018-01-24,121.24,121.24,120.2,120.21,1291015,0.0
2018-01-25,120.5,120.99,120.21,120.31,2156127,0.0
2018-01-28,120.07,120.65,119.51,120.52,1210673,0.0
2018-01-29,120.01,120.41,119.9,120.3,1286939,0.0
2018-01-30,120.55,120.7,119.8902,120.44,2064699,0.0
2018-01-31,120.85,121.5,120.63,121.28,2690935,0.0
2018-02-01,121.12,121.29,120.5,120.62,2056214,0.0
2018-02-04,119.54,120.32,117.86,118.16,4149431,0.0
2018-02-05,117.1,118.77,117,118.16,3426178,0.0
2018-02-06,118.15,118.3,116.24,116.43,3199211,0.0
2018-02-07,118.25,118.75,115.76,115.92,4857251,0.0
2018-02-08,116.24,116.55,114.77,115.79,3339175,0.0
2018-02-11,116.3,116.9,115.98,116.6,1700245,0.0
2018-02-12,116.21,117.08,115.99,116.2,1632821,0.0
2018-02-13,115.88,116.25,114.55,114.89,4004830,0.0
2018-02-14,115.39,117.05,115.21,116.889,2049351,0.0
2018-02-15,116.51,119.03,116.5,118.5,4435505,0.0
2018-02-19,125.8,126.09,125.5,125.56,20569664,0.0
2018-02-20,125.78,125.92,125.59,125.6,10284101,0.0
2018-02-21,125.75,125.82,125.65,125.71,4707119,0.0
2018-02-22,125.68,125.73,125.33,125.42,5071155,0.0
2018-02-25,125.35,125.45,124.18,124.48,6144025,0.0
2018-02-26,124.42,124.89,124.4,124.66,2368299,0.0
2018-02-27,124.7,124.78,124.64,124.65,1775653,0.0
2018-02-28,124.37,124.7,123.5,123.86,4296745,0.0
2018-03-01,123.76,124.3,123.5,124,2233164,0.0
2018-03-04,125.45,125.53,124.695,124.78,4356508,0.0
2018-03-05,124.96,125.0887,124.01,124.4,3587194,0.0
2018-03-06,124.03,124.13,123.6,123.78,2516042,0.0
2018-03-07,124,124.17,123.65,123.69,1310255,0.0
2018-03-08,123.96,124,123.31,123.55,2193951,0.0
2018-03-11,123.45,123.94,123.28,123.62,1720908,0.0
2018-03-12,123.98,124,122.05,122.52,5282303,0.0
2018-03-13,122.75,123.21,120.99,122.31,5591204,0.0
2018-03-14,122.29,123.09,121.86,121.88,1760737,0.0
2018-03-15,121.9,122.58,121.15,122.1999,2597164,0.0
2018-03-18,122.1,123.5,121.76,122.59,1317939,0.0
2018-03-19,122.72,123.24,122.71,123.14,1150115,0.0
2018-03-20,121.9,122.44,121.69,121.96,2166722,0.0
2018-03-21,121.56,121.68,120.5,120.93,2818069,0.0
2018-03-22,121.8,121.8,119.5,120.23,1857713,0.0
2018-03-25,121.38,121.95,121,121.63,2168040,0.0
2018-03-26,122.16,122.48,121.32,121.5,2104804,0.0
2018-03-27,121.53,121.76,116.02,116.24,8802832,0.0
2018-03-28,117.25,117.66,115.445,116.98,4028140,0.0
2018-04-01,117,117.07,114.57,115.23,3698856,0.0
2018-04-02,115.53,116.49,115.23,116.4,2717510,0.0
2018-04-03,115.2,115.94,113.771,115.38,3941589,0.0
2018-04-04,115.29,116.15,114.22,114.775,3711318,0.0
2018-04-05,114.24,114.8,113.38,113.74,3153087,0.0
2018-04-08,114.32,114.75,113.65,114.31,2857015,0.0
2018-04-09,115.4,117.36,115.4,116.6,5928772,0.0
2018-04-10,116.71,116.94,115.1,115.9,4634843,0.0
2018-04-11,115.88,115.88,112.25,114.25,8760556,0.0
2018-04-12,114.09,115.65,112.67,113.47,5440612,0.0
2018-04-15,113.47,113.64,112.65,112.82,1784920,0.0
2018-04-16,113.15,113.94,112.8301,113.13,2237722,0.0
2018-04-17,113.01,113.59,112.59,112.97,1256256,0.0
2018-04-18,110.075,110.15,106.75,107.19,9957437,0.0
2018-04-19,107.89,108.08,103.19,105.16,11112868,0.0
2018-04-22,105.6,106.305,102.82,103.17,7578345,0.0
2018-04-23,103.17,103.4,100.23,101.7599,10682464,0.0
2018-04-24,102.3,102.7,100.36,101.19,7140899,0.0
2018-04-25,102,104.76,101.97,102.62,7455120,0.0
2018-04-26,103.9,105.82,102.97,105.41,5937313,0.0
2018-04-29,105.77,106.37,104.75,104.88,2654121,0.0
2018-04-30,104.91,105.12,103.36,103.99,3687219,0.0
2018-05-01,104.47,104.55,102.04,102.79,3772198,0.0
2018-05-02,94.14,95,90.83,92.48,23710304,0.0
2018-05-03,93.35,100.29,93.2098,100.27,13134694,0.0
2018-05-06,100,100.24,98.1,98.445,3053744,0.0
2018-05-07,98.31,98.99,96.8,98.79,2436533,0.0
2018-05-08,99,99.13,98.24,98.65,1886468,0.0
2018-05-09,98.75,99.28,98.61,99.28,2085472,0.0
2018-05-10,99.08,99.33,98.3,99,1823626,0.0
2018-05-13,109.75,114.66,108.05,110.7,19330751,0.0
2018-05-14,112.08,112.88,109.58,110.07,7331172,0.0
2018-05-15,108.5,109.8,106.81,108.8,8021947,0.0
2018-05-16,109.75,110.37,103.07,106.76,7125846,0.0
2018-05-17,106.4,113,106.3,111.05,10809365,0.0
2018-05-20,114.2,114.97,113.07,114.69,7852805,0.0
2018-05-21,117.64,117.7102,114.76,115.54,11115326,0.0
2018-05-22,114,114.2,111.89,112.55,3995083,0.0
2018-05-23,113,113.24,109.77,111.44,3413252,0.0
2018-05-24,111.5,117.03,111.36,116.76,8315177,0.0
2018-05-28,119,119.11,115.18,116.35,8369633,0.0
2018-05-29,114.73,116.02,113.36,115.6,8194805,0.0
2018-05-30,115.02,115.4,112.51,113.99,5640608,0.0
2018-05-31,113.31,114.75,113.12,113.99,5952130,0.0
2018-06-03,110.28,111.29,109.32,110.73,4743818,0.0
2018-06-04,110.77,118,110.24,116.34,4414155,0.0
2018-06-05,115.87,116,113.37,114.72,4075862,0.0
2018-06-06,121.75,122.24,119.9,120.07,16595713,0.0
2018-06-07,119.45,120.43,118.5,120.19,5623818,0.0
2018-06-10,119,119.15,117.51,118.54,3819584,0.0
2018-06-11,117.05,117.25,114.83,115.3,4862166,0.0
2018-06-12,113.38,114.18,111.28,111.42,9408232,0.0
2018-06-13,111.47,113.3,110.23,113.03,5773635,0.0
2018-06-14,115.15,117.615,112.51,113.19,8378762,0.0
2018-06-17,112.3,112.35,110.24,111.4,5240364,0.0
2018-06-18,108.47,109.96,108.1,108.95,6028345,0.0
2018-06-19,108.8,114.99,108.8,112.97,6160803,0.0
2018-06-20,113.18,113.99,112.25,112.83,2606857,0.0
2018-06-21,113.35,115.11,112.14,115.05,4429421,0.0
2018-06-24,113.2,113.26,108.87,110.15,4486514,0.0
2018-06-25,110.69,111.27,108.3,109.79,3907355,0.0
2018-06-26,111,112,108.6,109.34,3637250,0.0
2018-06-27,109.76,110.5,109,110.27,2399351,0.0
2018-06-28,110.5,110.99,109.19,109.2,3111794,0.0
2018-07-01,108.6,108.96,106.7,108.82,3495822,0.0
2018-07-02,108.95,108.95,106.25,106.9,1886569,0.0
2018-07-04,107,107.65,105.58,106.68,3121276,0.0
2018-07-05,106.87,107.86,106.25,107.47,2268081,0.0
2018-07-08,107.99,107.9999,106,107.41,2363977,0.0
2018-07-09,107.5,111.49,106.81,110.32,3665197,0.0
2018-07-10,105.5,109.1,105.21,107.61,4591566,0.0
2018-07-11,108.81,108.81,105.5,108.39,3717105,0.0
2018-07-12,108.2,109.8,106.6,107.55,3862300,0.0
2018-07-15,107,107,103.65,104.08,5506212,0.0
2018-07-16,103.5,104.9,100.985,103.65,7866662,0.0
2018-07-17,103.71,108.02,103.53,106.5,4121306,0.0
2018-07-18,103.15,104.006,102.11,103.74,5621832,0.0
2018-07-19,103,106,102,103.23,7780278,0.0
2018-07-22,102.08,105.98,99.8,104.88,10189151,0.0
2018-07-23,105.19,105.95,100.21,100.66,6596167,0.0
2018-07-24,97.96,100.91,94.91,98.35,15525695,0.0
2018-07-25,91.84,94.08,90.25,92.78,33120331,0.0
2018-07-26,94,96.57,93.67,94.98,18343468,0.0
2018-07-29,95.16,95.75,94.23,94.8,11034102,0.0
2018-07-30,95.5,95.99,94.78,95.35,9743153,0.0
2018-07-31,96,96.08,95.15,95.48,7358045,0.0
2018-08-01,95,95.73,94.62,95.6,6261860,0.0
2018-08-02,95.68,96.09,94.8265,95.92,6226961,0.0
2018-08-05,95.97,96.53,95.4,96.285,6242748,0.0
2018-08-06,96.57,96.57,95.82,95.96,3678576,0.0
2018-08-07,96.09,96.15,95.36,95.82,3422034,0.0
2018-08-08,95.36,95.755,94.97,95.66,4014300,0.0
2018-08-09,93.96,94.7,93.7,94.57,8294506,0.0
2018-08-12,94.69,94.69,92.38,93.15,8047557,0.0
2018-08-13,93.09,93.24,90.3,91.24,9078373,0.0
2018-08-14,89.71,89.95,86.67,89.75,11726377,0.0
2018-08-15,90.06,90.25,89.26,89.64,3521359,0.0
2018-08-16,89.37,90.17,88.6,89.75,4557451,0.0
2018-08-19,89.93,90.73,88.4,90.13,5145215,0.0
2018-08-20,90.54,92.54,90.07,91.99,6163507,0.0
2018-08-21,91.35,91.9,90.55,91.24,4919406,0.0
2018-08-22,91.77,91.77,90.1,90.68,4647695,0.0
2018-08-23,90.82,92.27,90.69,91.99,6610766,0.0
2018-08-26,92.32,92.58,91.7,92.3,4743040,0.0
2018-08-27,92.64,93.46,92.415,93.2,5817386,0.0
2018-08-28,93.2,94.11,92.69,93.805,4450780,0.0
2018-08-29,93.2,93.48,91.78,92.16,4520624,0.0
2018-08-30,92.08,93.34,92,93.11,3280332,0.0
2018-09-03,93.3,94.9,93.15,94.68,7196182,0.0
2018-09-04,94.6,94.71,92.92,93.89,6594160,0.0
2018-09-05,93.88,94.39,93.29,93.99,7984736,0.0
2018-09-06,94.5,95.06,93.16,94.02,8751570,0.0
2018-09-09,94.1,95.14,93.555,93.68,7717166,0.0
2018-09-10,93,93,88.2631,89.62,13458013,0.0
2018-09-11,88.41,88.84,84.59,88.82,13948304,0.0
2018-09-12,90,92.25,89.59,91.88,8644132,0.0
2018-09-13,92.25,93.42,91.45,92.77,6175862,0.0
2018-09-16,93.62,93.75,90,90.16,3188543,0.0
2018-09-17,90.15,91.94,89.9,91.7,3513379,0.0
2018-09-18,91.89,92.28,91.27,92.21,3441216,0.0
2018-09-19,92.92,94,92.55,93.89,4907192,0.0
2018-09-20,94,94.18,92.62,93.77,5633159,0.0
2018-09-23,92.79,93.16,90.8,91.09,3668175,0.0
2018-09-24,90.12,90.39,86.31,86.49,10747557,0.0
2018-09-25,86.37,86.86,84.35,85.29,8235172,0.0
2018-09-26,85.9,86.6865,85,85.52,4286267,0.0
2018-09-27,85.14,85.96,84.52,85.42,3418338,0.0
2018-09-30,86.43,86.99,84.93,85.01,3277606,0.0
2018-10-01,84.73,86.2,84.45,85.08,3331776,0.0
2018-10-02,85.62,86.37,84.47,86.12,3783027,0.0
2018-10-03,85.25,85.67,82.18,82.96,5847965,0.0
2018-10-04,83,83.49,80.71,83.22,5198375,0.0
2018-10-07,82.56,82.96,81.54,82.12,2719064,0.0
2018-10-08,81.81,82.5,80.7,80.97,2650646,0.0
2018-10-09,80,80,77.7,78.18,5437943,0.0
2018-10-10,78.72,80.17,76.64,77.28,5704635,0.0
2018-10-11,80.01,80.5,77.35,78.6,4677713,0.0
2018-10-14,78.44,78.9,77.84,77.9,2250515,0.0
2018-10-15,78.87,81.26,78.5,81.23,4331273,0.0
2018-10-16,81.86,81.98,79.64,79.88,3360140,0.0
2018-10-17,79.6,79.98,77.46,77.64,3851103,0.0
2018-10-18,78.67,79.39,76.26,77.7,3878678,0.0
2018-10-21,78.52,79,76.37,76.47,2428367,0.0
2018-10-22,75.33,78.68,74.02,77.72,5446209,0.0
2018-10-23,75.23,75.56,71.03,71.25,8062122,0.0
2018-10-24,72.1,74.2,71.41,73.75,5694813,0.0
2018-10-25,72.78,73.04,70.25,70.9,5471938,0.0
2018-10-28,73.79,74.3,69.72,70.68,5565754,0.0
2018-10-29,70.3,75.7,70.16,75.48,4871606,0.0
2018-10-30,76.32,76.61,74.06,74.95,4876529,0.0
2018-10-31,80.92,85.915,79.97,84.15,16160687,0.0
2018-11-01,84.5,85.2,82.69,84.08,6380811,0.0
2018-11-04,83.73,83.86,81.43,82.86,3946676,0.0
2018-11-05,82.8,84.59,82.66,84.54,3288931,0.0
2018-11-06,85.14,85.62,83.75,85.44,3202645,0.0
2018-11-07,84.62,86.32,84.4,84.63,2543560,0.0
2018-11-08,83.81,84.07,81.83,83.69,2759598,0.0
2018-11-11,82.16,82.5,79.21,79.28,3455188,0.0
2018-11-12,80,83.13,79.5,81.75,2541713,0.0
2018-11-13,82.78,83.9,81.28,82.12,2192272,0.0
2018-11-14,81.68,85.41,81.34,84.62,4630924,0.0
2018-11-15,83.13,85.15,82.73,84.98,3700317,0.0
2018-11-18,84.58,85.37,81.27,81.36,2793437,0.0
2018-11-19,80.66,82.8,79.53,81.42,8585713,0.0
2018-11-20,82.84,84.15,82.04,83.14,3303798,0.0
2018-11-22,82.47,83.82,82.1356,82.6,662142,0.0
2018-11-25,84.19,84.34,81.77,81.92,2608917,0.0
2018-11-26,81.53,82.42,80.89,80.9,2786034,0.0
2018-11-27,81.52,83.07,80.35,83.01,3095150,0.0
2018-11-28,82.42,84.06,82.42,82.91,1920220,0.0
2018-11-29,82.91,83.42,80.6,83.32,3309134,0.0
2018-12-02,86.96,87.4,85.27,85.65,5681642,0.0
2018-12-03,85.11,86.32,81.75,81.83,5209236,0.0
2018-12-05,79.83,82.08,79.33,82.05,3518446,0.0
2018-12-06,81.12,82,76.4,76.5,3618394,0.0
2018-12-09,76.41,77.6,74.16,76.01,4688423,0.0
2018-12-10,78.39,80.66,77.87,78.88,4038529,0.0
2018-12-11,80.06,81.36,79.41,79.795,4861236,0.0
2018-12-12,80.43,80.43,78.0726,78.83,4258250,0.0
2018-12-13,77.45,79.45,77.28,77.575,2119979,0.0
2018-12-16,77.1,78.11,74.63,75.21,2995847,0.0
2018-12-17,76.21,78.54,75.99,76.98,4215209,0.0
2018-12-18,76.5,77.31,71.27,71.33,4855740,0.0
2018-12-19,71.44,73.31,71.04,71.93,5358394,0.0
2018-12-20,72.27,73.02,70.08,70.33,4602658,0.0
2018-12-23,70.34,70.5,67.68,67.69,2127960,0.0
2018-12-25,68.5,72.3,67.62,71.75,4832407,0.0
2018-12-26,70.71,72.95,69.93,72.95,3093244,0.0
2018-12-27,72.78,73.72,71.71,72.11,3718941,0.0
2018-12-30,72.59,73.17,71.77,72.96,3033582,0.0
2019-01-01,71.91,75.29,71.56,74.98,3265538,0.0
2019-01-02,73.31,74.2,71.73,72.02,4007583,0.0
2019-01-03,73.36,75.79,73,75.4,3820244,0.0
2019-01-06,75.61,77.01,74.89,75.95,2950514,0.0
2019-01-07,76.46,77.04,75.56,76.49,3368787,0.0
2019-01-08,77.45,79.99,77.18,79.94,4785181,0.0
2019-01-09,79.1,80.14,78.25,80.04,2296466,0.0
2019-01-10,79.26,80.95,78.96,79.42,2963315,0.0
2019-01-13,78.3,79.41,77.81,78.72,2123969,0.0
2019-01-14,78.84,79.3,77.47,78.09,4773311,0.0
2019-01-15,78.5,79.96,78.31,78.52,4899685,0.0
2019-01-16,78.9,79.45,77.59,79.13,4265760,0.0
2019-01-17,80.05,81.94,79.62,80.58,7304715,0.0
2019-01-21,80.18,80.25,78.53,79.05,3281004,0.0
2019-01-22,80.01,80.5,78.29,78.98,2975078,0.0
2019-01-23,81.5,85.19,81.18,84.27,7731434,0.0
2019-01-24,85.6,86.62,85.12,85.14,4776874,0.0
2019-01-27,83.63,85.75,82.61,85.61,3127034,0.0
2019-01-28,85.42,86.12,84.81,85.72,3084582,0.0
2019-01-29,86.65,88,85.64,87.67,4555634,0.0
2019-01-30,87.25,87.83,86.525,87.06,2634657,0.0
2019-01-31,87.14,89.7,87.1,88.46,4478845,0.0
2019-02-03,88.04,88.67,87.22,88.66,3147982,0.0
2019-02-04,88.57,90.69,88.5,90.26,5018410,0.0
2019-02-05,92.25,94.64,91.82,92.735,8663120,0.0
2019-02-06,87.43,91.63,87.15,90.61,7822650,0.0
2019-02-07,88.64,89.64,86.78,87.48,4933588,0.0
2019-02-10,87.55,89.46,87.45,89.28,3120241,0.0
2019-02-11,90.3,93.66,89.835,93.23,4935724,0.0
2019-02-12,93.5,93.58,91.64,91.89,3519288,0.0
2019-02-13,91.5,92.84,91.5,91.79,2935105,0.0
2019-02-14,92.58,93.3,92.02,92.965,2958508,0.0
2019-02-20,93.82,94.41,92.9262,94.4,4433405,0.0
2019-02-21,95,95.32,93.97,94.5,3139230,0.0
2019-02-24,95.93,98.2,95.32,97.14,4645669,0.0
2019-02-25,96.43,96.78,93.83,94.13,3910053,0.0
2019-02-26,93.67,93.67,91.27,91.81,4441015,0.0
2019-02-27,91.4,91.89,90.92,91.33,1907977,0.0
2019-02-28,92.18,94.735,91.97,94.23,3365840,0.0
2019-03-03,94.75,95.11,92.59,93.48,1705555,0.0
2019-03-04,93.39,93.77,91.925,93.33,1775473,0.0
2019-03-05,92.99,93.49,91.86,91.88,2154584,0.0
2019-03-06,93,94.32,91.88,94.095,5564392,0.0
2019-03-07,92.28,93.43,91.44,93.18,3562101,0.0
2019-03-10,93.6,94.99,93.4,94.28,2614481,0.0
2019-03-11,94.79,94.79,93.54,94.01,1586985,0.0
2019-03-12,94.45,94.79,93.32,93.4,1369623,0.0
2019-03-13,93.13,94.02,92.6,92.86,1930359,0.0
2019-03-14,95.635,95.85,93.3,93.39,2533345,0.0
2019-03-17,93.45,93.74,91.35,92.26,1647057,0.0
2019-03-18,93.6,93.653,92.61,92.82,1583764,0.0
2019-03-19,92.65,93.08,90.56,91.04,1447257,0.0
2019-03-20,91.46,94.9,91.04,94.29,2168216,0.0
2019-03-21,93.77,93.77,90.56,90.66,1650666,0.0
2019-03-24,90.03,90.37,88.2306,88.95,2136647,0.0
2019-03-25,89.44,89.85,88.56,89.29,1358712,0.0
2019-03-26,89.08,89.7,85.72,87.35,3538653,0.0
2019-03-27,87.4,87.8,85.38,85.93,2858737,0.0
2019-03-28,87.07,89,87,88.37,2658938,0.0
2019-03-31,90,94.57,90,94.385,1473673,0.0
2019-04-01,94.34,94.5,92.6,92.78,2472719,0.0
2019-04-02,94.1,96.79,94.1,96.23,3697077,0.0
2019-04-03,95.69,97.9,95.69,96.58,2521239,0.0
2019-04-04,97.73,98.275,96.58,98.15,2178485,0.0
2019-04-07,97.75,98.78,96.9,98.6,1947681,0.0
2019-04-08,98.5,98.69,97.37,97.64,2265927,0.0
2019-04-09,97.45,98.72,96.3,98.1,2000520,0.0
2019-04-10,98.2,99.21,97.3,97.65,1825116,0.0
2019-04-11,99.18,100.42,98.51,100.34,2920155,0.0
2019-04-14,100.4,100.69,98.98,99.23,2012065,0.0
2019-04-15,100.59,101.265,100,100.66,2384858,0.0
2019-04-16,102.1,103.05,100.42,101.16,2783829,0.0
2019-04-17,102.18,102.19,99.72,100.56,2529897,0.0
2019-04-21,100.23,100.23,98.43,98.45,1726601,0.0
2019-04-22,98.51,99.539,98.28,98.99,3483468,0.0
2019-04-23,98.85,101.33,98.5,100.16,3501439,0.0
2019-04-24,99.42,99.72,96.4,97.66,2656052,0.0
2019-04-25,96.6,99.1,95.7,99,2521590,0.0
2019-04-28,98.45,99.4,97.29,97.89,4006952,0.0
2019-04-29,105.22,107.6999,102.86,105.62,9813057,0.0
2019-04-30,106.6,108.33,104.92,104.99,4235043,0.0
2019-05-01,104.93,107.47,104.3447,106.61,3600762,0.0
2019-05-02,107.08,108.51,106.88,108.07,3159610,0.0
2019-05-05,104.72,106.16,103.72,106.06,2718942,0.0
2019-05-06,104.49,104.74,100.68,102.46,3977198,0.0
2019-05-07,101.19,103.65,99.62,101.5,2749696,0.0
2019-05-08,100.12,100.78,96.89,100.31,3669703,0.0
2019-05-09,99.88,100.98,97.56,100.15,2562648,0.0
2019-05-12,96.43,97.36,92.8099,93.14,4110742,0.0
2019-05-13,94.88,98.35,94.5956,98.1,4534467,0.0
2019-05-14,97.49,101.11,97.01,100.17,3668677,0.0
2019-05-15,98.38,99.63,97.175,97.63,3114666,0.0
2019-05-16,96.48,98.79,94.965,95.11,2736943,0.0
2019-05-19,92.8,93,91.06,92.61,4219764,0.0
2019-05-20,94.32,96.91,93.61,96.72,4850167,0.0
2019-05-21,95.48,96.64,93.57,93.59,3419801,0.0
2019-05-22,91.68,92.49,89.8,91.91,4641155,0.0
2019-05-23,92.7,93.46,91.75,91.83,2939667,0.0
2019-05-27,92.57,92.57,89.08,89.63,4959519,0.0
2019-05-28,88.49,89.8034,87.27,89.13,3924116,0.0
2019-05-29,89.21,91.1,89.13,90.86,2425394,0.0
2019-05-30,89.26,91.3666,88.09,88.16,3538814,0.0
2019-06-02,91.17,91.17,89,89.58,3081137,0.0
2019-06-03,91.76,94.81,91.29,94.63,3669456,0.0
2019-06-04,95.13,95.46,91.67,93.48,2072214,0.0
2019-06-05,93.26,93.95,91.78,92.32,2438648,0.0
2019-06-06,92.81,92.93,91.9,92.65,1609782,0.0
2019-06-09,93.92,97.365,93.61,95.4,2686358,0.0
2019-06-10,97.9,98.29,95.12,95.45,1755295,0.0
2019-06-11,97.5,97.93,93.68,93.74,3217061,0.0
2019-06-12,94.32,94.59,93.1,94.44,3612530,0.0
2019-06-13,91.89,92.99,90.88,90.92,6137968,0.0
2019-06-16,91,91.6,89.53,89.71,2034512,0.0
2019-06-17,91.26,94.98,90.66,94.78,3183231,0.0
2019-06-18,95.15,97.2,94.76,96.16,2472758,0.0
2019-06-19,98.5,98.97,96.94,97.99,3128792,0.0
2019-06-20,98.13,98.76,96.415,97.97,2876598,0.0
2019-06-23,98.58,99.59,97.56,97.66,2589434,0.0
2019-06-24,97.8,98.5,94.89,95.09,2400090,0.0
2019-06-25,97.13,98.5,96.08,97.19,2511359,0.0
2019-06-26,98.29,100.59,97.93,99.3,2818937,0.0
2019-06-27,100.41,101.37,97.47,97.57,5653542,0.0
2019-06-30,101.91,103.33,99.51,99.96,5495116,0.0
2019-07-01,99.41,99.89,97.675,98.15,2236456,0.0
2019-07-02,97.17,97.98,96.83,97.68,1244956,0.0
2019-07-04,96.39,97.27,95.9,96.53,1761334,0.0
2019-07-07,95.69,96.79,95.19,95.57,2114733,0.0
2019-07-08,95.05,96.26,94.76,95.91,2120184,0.0
2019-07-09,96.84,97.9358,95.99,96.135,2134732,0.0
2019-07-10,96.3,96.5,93.95,94.13,2523195,0.0
2019-07-11,94.66,97.05,94.11,96.985,2203436,0.0
2019-07-14,97.23,99.36,97.12,99.19,2411764,0.0
2019-07-15,97.75,98.08,96.09,97.01,2608692,0.0
2019-07-16,97,97.55,96.11,96.4,1781237,0.0
2019-07-17,96.49,97.5228,96.05,97.11,1753482,0.0
2019-07-18,97.54,98.63,96.48,97.96,2596300,0.0
2019-07-21,98.71,99.64,98.46,98.73,1659284,0.0
2019-07-22,99.89,100.94,99.1601,100.93,2768610,0.0
2019-07-23,102.73,106.25,102.71,105.49,6428033,0.0
2019-07-24,104.53,104.9,101.52,101.7488,3730890,0.0
2019-07-25,102.5,102.98,101.25,102.36,2499235,0.0
2019-07-28,103.66,104.8,102.18,104.24,3654853,0.0
2019-07-29,103.5,106.26,101.12,105.79,4821850,0.0
2019-07-30,104.13,104.5,101.645,103.39,4581977,0.0
2019-07-31,103.34,106.32,99.435,100.03,6192233,0.0
2019-08-01,99.56,100.82,97.89,100.49,2706146,0.0
2019-08-04,97.7,98.33,96,96.9,3995240,0.0
2019-08-05,98.12,100.38,97.86,100.27,3081395,0.0
2019-08-06,98.75,102.84,98.41,102.37,3765069,0.0
2019-08-07,102.61,102.61,100.495,101.48,2546528,0.0
2019-08-08,100.49,100.65,99.06,99.95,2035090,0.0
2019-08-11,99.41,100.07,97.94,98.21,1734904,0.0
2019-08-12,98.1,102.86,97.33,102.25,3120404,0.0
2019-08-13,99.26,101.3,99.17,100.01,3203301,0.0
2019-08-14,100.27,100.99,99,99.78,2190324,0.0
2019-08-15,100.99,103.86,100.23,103.57,2928493,0.0
2019-08-18,105.4,106.55,103.33,103.46,2745569,0.0
2019-08-19,103.85,103.85,102.54,102.87,1263072,0.0
2019-08-20,103.06,104.67,102.61,103.36,1256463,0.0
2019-08-21,103.56,104.19,102.32,103.29,1003783,0.0
2019-08-22,101.66,102.13,97.24,97.99,4591236,0.0
2019-08-25,99.64,99.94,98.165,98.72,2350911,0.0
2019-08-26,99.96,101.08,98.32,98.71,1467359,0.0
2019-08-27,98.34,100.5,97.73,100.28,1314869,0.0
2019-08-28,101.98,102.97,101.25,101.59,1493252,0.0
2019-08-29,102.23,103.21,101.55,102.14,1268121,0.0
2019-09-02,100.59,101.32,99,99.13,1708830,0.0
2019-09-03,100.28,102.1,100.18,101.85,1601912,0.0
2019-09-04,102.66,106.79,102.65,105.99,2982263,0.0
2019-09-05,105.64,105.99,104.54,105.83,1253799,0.0
2019-09-08,106.5,108.49,104.8,107.39,2661486,0.0
2019-09-09,106.56,108.96,105.905,107.88,2996050,0.0
2019-09-10,107.63,110.53,107.6,110,2949217,0.0
2019-09-11,110.4,112.06,109.77,110.03,2800471,0.0
2019-09-12,109.62,111.42,108.83,110.76,1600581,0.0
2019-09-15,109.24,109.93,107.38,107.56,1697295,0.0
2019-09-16,106.73,107.98,106.31,107.76,1231481,0.0
2019-09-17,107.25,108.925,106.4,107.85,1174537,0.0
2019-09-18,108.14,109.075,107.92,108.42,1244500,0.0
2019-09-19,108.46,108.94,104.49,104.62,2682553,0.0
2019-09-22,104.8,107.0083,104.31,106.1,1511701,0.0
2019-09-23,106.31,107.2,103.66,103.92,1732668,0.0
2019-09-24,104.14,108.38,102.83,108.24,2818067,0.0
2019-09-25,108.37,109.82,107.84,108.41,3091070,0.0
2019-09-26,108.17,108.72,105.42,106.55,2422110,0.0
2019-09-29,107.59,109.3769,106.61,109.13,2252555,0.0
2019-09-30,111.64,113.5,108.27,109.05,4290611,0.0
2019-10-01,108.4,109.23,106.39,106.75,2687897,0.0
2019-10-02,107.08,107.41,104.64,107.33,2364943,0.0
2019-10-03,107.56,109.98,107.16,109.82,3054199,0.0
2019-10-06,109.38,110.34,107.81,108.06,2632751,0.0
2019-10-07,106.67,107.42,103.63,103.7,6705569,0.0
2019-10-08,106.21,106.62,104.75,105.96,3800077,0.0
2019-10-09,106.37,108.29,105.85,107.3,4559817,0.0
2019-10-10,108.81,112.24,108.81,110.71,7653702,0.0
2019-10-13,109.63,111.545,109.444,111.23,3301303,0.0
2019-10-14,111.17,112.47,110.6,111.955,3405067,0.0
2019-10-15,111.37,112.42,108.52,108.6,5357360,0.0
2019-10-16,110.01,110.51,108.56,109.87,3853911,0.0
2019-10-17,109.7,110.42,108.48,109,3601285,0.0
2019-10-20,109.64,110.34,108.67,109.979,1374882,0.0
2019-10-21,110.19,110.45,107.67,107.7,1964442,0.0
2019-10-22,105.06,105.49,101.885,103.16,5315423,0.0
2019-10-23,104.25,106.29,103.6881,106.12,2910164,0.0
2019-10-24,105.68,106.31,103.97,105.86,3383618,0.0
2019-10-27,106.25,110.25,106.25,108.68,5026370,0.0
2019-10-28,114.5,118.5,113.95,114.41,8749962,0.0
2019-10-29,114.55,116.1,113.9,114.92,3762322,0.0
2019-10-30,113.91,114.73,113.0988,113.68,3189022,0.0
2019-10-31,115.47,118.55,114.83,117.95,4767374,0.0
2019-11-03,118.53,119.89,116.455,117.86,3520564,0.0
2019-11-04,118.63,120.03,117.51,118.65,4338335,0.0
2019-11-05,118.17,118.5,115.53,116.48,3090873,0.0
2019-11-06,118.19,119.0125,116.66,117.43,2857007,0.0
2019-11-07,116.22,117.71,115.55,117.64,1933778,0.0
2019-11-10,116.89,118.47,116.27,118.25,2755048,0.0
2019-11-11,118.95,120.84,118.44,118.94,4155072,0.0
2019-11-12,117.72,120.25,117.23,118.81,2166912,0.0
2019-11-13,118.27,119,116.45,118.06,2427544,0.0
2019-11-14,119.08,119.49,116.815,117.47,1850168,0.0
2019-11-17,116.54,117.53,115.66,115.99,1898634,0.0
2019-11-18,116.93,117.47,113.83,114,3221452,0.0
2019-11-19,114.5,116.12,113.07,114.66,3344235,0.0
2019-11-20,114.31,114.99,112.43,114.27,2789519,0.0
2019-11-21,114.39,115.96,114,115.21,2178307,0.0
2019-11-24,116.46,119.23,115.99,117.1,2893201,0.0
2019-11-25,116.87,117.48,115,116.66,2432991,0.0
2019-11-26,116.88,117.91,116.2,117.41,1096876,0.0
2019-11-28,116.47,116.935,115.45,115.59,920832,0.0
2019-12-01,115.75,116.01,113.5,114.77,2014604,0.0
2019-12-02,113,114.85,111.57,114.63,2277806,0.0
2019-12-03,115.935,117.69,115.58,116.26,2554326,0.0
2019-12-04,116.31,118.14,115.61,117.16,1387180,0.0
2019-12-05,118.8,119.98,118.33,118.74,2037102,0.0
2019-12-08,118.25,119.13,117.32,117.87,1014424,0.0
2019-12-09,118.26,120.6,118.22,119.1,2380314,0.0
2019-12-10,118.94,122.28,118.8,121.48,2919451,0.0
2019-12-11,121.2,126.06,120.5,123.98,4230737,0.0
2019-12-12,123.32,125.24,122.12,123.89,2583268,0.0
2019-12-15,125,125.22,123.98,124.31,2321341,0.0
2019-12-16,124.36,126.97,123.03,126.01,3086875,0.0
2019-12-17,125.55,126.45,124.77,125.91,1541674,0.0
2019-12-18,125.66,126.15,124.42,125.95,1618016,0.0
2019-12-19,126.08,127.84,125.955,127.68,2355806,0.0
2019-12-22,128.31,129.47,127.17,128.1,2630254,0.0
2019-12-23,128.43,129.36,127.51,129.275,874259,0.0
2019-12-25,129.5,129.5,127.53,128.66,794892,0.0
2019-12-26,129.04,129.26,127.8,128.17,719295,0.0
2019-12-29,128.27,128.345,126.35,127.55,818180,0.0
2019-12-30,127.43,127.9,126.8,127.35,740502,0.0
2020-01-01,128.61,129.5,127.19,128.55,1625784,0.0
2020-01-02,126.23,128.28,126.12,127.3,1339388,0.0
2020-01-05,125.4,126.99,124.68,126.41,1866011,0.0
2020-01-06,127.5,129.78,127.015,127.95,2331907,0.0
2020-01-07,128.21,129.11,127.13,128.36,1454298,0.0
2020-01-08,129.8,130.95,128.685,129.26,2301614,0.0
2020-01-09,130.11,130.83,129.18,129.75,2166314,0.0
2020-01-12,131,132.51,130.15,131.97,2125350,0.0
2020-01-13,131.5,133.68,131.29,132.72,2273187,0.0
2020-01-14,132.45,132.91,131.56,132.51,1981311,0.0
2020-01-15,133.98,134.96,132.8,134.2,2266130,0.0
2020-01-16,135,135.48,132.47,133.84,2161319,0.0
2020-01-20,133.4,134.45,132.69,133.94,3717510,0.0
2020-01-21,134.52,136.3,133.48,134.64,4277666,0.0
2020-01-22,134.89,137.22,134.81,136.44,4762736,0.0
2020-01-23,137.49,137.92,134.55,135.27,5259332,0.0
2020-01-26,131.56,131.73,128.06,130.47,3345831,0.0
2020-01-27,132.5,133.65,131.24,132.61,1984949,0.0
2020-01-28,133.05,134.77,131.74,132.69,2065340,0.0
2020-01-29,130.81,132.0053,128.85,131.71,1860927,0.0
2020-01-30,130.02,130.9699,126.05,126.73,3928720,0.0
2020-02-02,127.69,129.03,125.01,125.65,3874197,0.0
2020-02-03,133,134.5,127.75,130.55,4796497,0.0
2020-02-04,133.4,136.24,132.43,134.2,3597784,0.0
2020-02-05,135.37,135.75,133.05,135.3,1909828,0.0
2020-02-06,134.49,134.86,132,132.31,2248004,0.0
2020-02-09,130.75,133.31,130.46,133.14,1653959,0.0
2020-02-10,134.13,137.16,133.79,135.61,2249903,0.0
2020-02-11,136.58,138.43,136.15,137.83,2475910,0.0
2020-02-12,136.87,139.265,135.98,138.69,1166940,0.0
2020-02-13,138.88,139.59,134.69,137.09,1740571,0.0
2020-02-17,134.41,135.485,132.608,133.86,1771847,0.0
2020-02-18,134.91,137.32,134.31,134.97,1870299,0.0
2020-02-19,134.33,135.14,131.615,134.79,1988775,0.0
2020-02-20,134.59,137.12,129.54,130.47,3281375,0.0
2020-02-23,124.55,125.58,123.22,124.03,4602977,0.0
2020-02-24,125.59,125.9,119,120.82,4357458,0.0
2020-02-25,121.54,122.87,118.23,119.47,4110083,0.0
2020-02-26,115.34,117.84,113.895,114.69,4136970,0.0
2020-02-27,110.02,115.6,110,113.71,4990414,0.0
2020-03-01,117.59,120.34,114.43,120.17,3789888,0.0
2020-03-02,119.41,122.78,116.34,116.41,3574235,0.0
2020-03-03,118.22,121.34,117.51,121.25,2267711,0.0
2020-03-04,116.55,118.915,114.03,115.27,4305696,0.0
2020-03-05,110.74,114.0671,109.13,111.7,3241545,0.0
2020-03-08,105.3728,108,101.4552,101.92,5102568,0.0
2020-03-09,104.43,107.395,101.63,106.84,3955782,0.0
2020-03-10,103.63,105.3252,98.865,100.35,8943970,0.0
2020-03-11,86.4,97.23,86,92.01,6721092,0.0
2020-03-12,96,99.7,87.55,95.56,6549473,0.0
2020-03-15,84.54,86.82,78.26,80.32,14194474,0.0
2020-03-16,81.65,81.98,75.6001,79.99,8585006,0.0
2020-03-17,73.35,76.78,58.41,65.18,9377205,0.0
2020-03-18,64.83,77.24,63.05,76.06,11314686,0.0
2020-03-19,78.84,83.99,72.7,73.58,5311003,0.0
2020-03-22,74.21,78.61,69.16,77.27,3309481,0.0
2020-03-23,83.03,88.3,81.3,85.76,3255931,0.0
2020-03-24,87.16,89.99,82.51,84.86,2728401,0.0
2020-03-25,86.46,89.86,83.76,89.62,3572305,0.0
2020-03-26,86.13,87.87,80.87,81.61,2567292,0.0
2020-03-29,81.65,85.145,79.11,84.85,5094012,0.0
2020-03-30,84.83,87.645,82.09,82.94,2246566,0.0
2020-03-31,79.48,79.99,73.81,74.78,3004837,0.0
2020-04-01,74.15,79.27,73.51,77.81,2169095,0.0
2020-04-02,77.26,79.11,72.86,75.69,2082744,0.0
2020-04-05,80.07,87.19,79.895,87.11,5918198,0.0
2020-04-06,91.87,91.87,83.73,83.97,7442532,0.0
2020-04-07,86,93.82,85.44,91.49,3810024,0.0
2020-04-08,92.76,96.97,89.41,90.17,3716106,0.0
2020-04-12,88.59,89.49,87.28,89.12,3111190,0.0
2020-04-13,90.97,92.71,89.05,92.26,4511997,0.0
2020-04-14,90.36,90.49,86.06,87.12,8004588,0.0
2020-04-15,87.4,89.2,85.99,89,10923545,0.0
2020-04-16,91.85,93.35,88.71,90.17,9262320,0.0
2020-04-19,89.54,89.73,86.47,86.75,7556247,0.0
2020-04-20,84.1,85.47,80.46,81.11,18879094,0.0
2020-04-21,85.45,89.3,84.8,89.24,8488167,0.0
2020-04-22,88.56,91.16,87.57,88.08,8708512,0.0
2020-04-23,87.84,95.13,87.84,94.43,10569389,0.0
2020-04-26,95.2,97.67,94.93,97.15,8363301,0.0
2020-04-27,105.02,105.48,98.28,98.34,5547176,0.0
2020-04-28,100.995,107.83,100.995,106.77,5969855,0.0
2020-04-29,105.9,106.215,98.535,99.55,8515892,0.0
2020-04-30,97.48,99,95.01,95.53,2435795,0.0
2020-05-03,94.23,96.7,92.6,96.53,6678172,0.0
2020-05-04,98.66,100.73,98.23,99.27,2647763,0.0
2020-05-05,99.71,102.5247,98.82,100.32,4735183,0.0
2020-05-06,102.2,103.12,100.13,102.66,4127156,0.0
2020-05-07,102.69,105.36,101.69,104.96,2473545,0.0
2020-05-10,103.77,103.85,102.02,102.59,3256732,0.0
2020-05-11,102.82,103.48,98.13,98.13,1666357,0.0
2020-05-12,95.02,96.795,91.7,93.03,10300890,0.0
2020-05-13,91.75,94.79,89.1,93.58,6188534,0.0
2020-05-14,89.91,92.38,89.33,90.44,8160479,0.0
2020-05-17,94.14,102.41,93.42,102.06,5253675,0.0
2020-05-18,100.84,102.1,98.375,98.95,3137850,0.0
2020-05-19,101.74,105.16,101.675,103.6,8162868,0.0
2020-05-20,102.85,103.59,97.62,98.89,2989021,0.0
2020-05-21,98.86,99.43,96.85,98.32,2405317,0.0
2020-05-25,103.17,105.26,101.61,102.01,4102310,0.0
2020-05-26,102.28,104.74,101.36,104.34,4468334,0.0
2020-05-27,103.78,103.81,99.12,99.26,6721056,0.0
2020-05-28,99.21,100.7,96.44,97.47,11885556,0.0
2020-05-31,97.7,100.3829,96.59,99.15,5463543,0.0
2020-06-01,100.2,103.1,99.27,101.48,9518034,0.0
2020-06-02,106,110.18,105.78,108.44,7265709,0.0
2020-06-03,107.75,111.1399,106.8,109.55,12739884,0.0
2020-06-04,115.93,118.85,113.295,113.76,15085095,0.0
2020-06-07,117.48,117.89,113.29,114.26,7699916,0.0
2020-06-08,111.55,113.86,110.16,111.51,5870350,0.0
2020-06-09,112.09,112.4099,109.875,110.21,2060912,0.0
2020-06-10,105.56,107.47,102.36,102.52,5115878,0.0
2020-06-11,106.64,107.3,103.945,104.08,817159,0.0
2020-06-14,104.89,110.45,103.2,109.45,3709609,0.0
2020-06-15,114.145,116.26,110.54,113.26,4279351,0.0
2020-06-16,114.63,117.74,114.4,116.75,4506630,0.0
2020-06-17,115.34,119.265,115.34,117.19,9093237,0.0
2020-06-18,118.95,121.68,117,117.56,18630027,0.0
2020-06-21,117.71,118.09,114.61,117.05,2996513,0.0
2020-06-22,118.5,120.34,117.81,119.79,2065941,0.0
2020-06-23,117.64,118.885,112.6,113.06,3480604,0.0
2020-06-24,113.21,113.96,110.98,113.37,3090233,0.0
2020-06-25,112.35,113.15,106.75,108.15,3787478,0.0
2020-06-28,109.61,112.6,107,111.58,2164253,0.0
2020-06-29,113.35,114.79,111.35,114.05,2154939,0.0
2020-06-30,114.05,114.6,111.68,111.9,1466369,0.0
2020-07-01,114.22,115.67,112.58,112.73,1799082,0.0
2020-07-05,115.68,116.86,115.02,116.47,1710663,0.0
2020-07-06,116.485,117.46,115.22,115.41,1118805,0.0
2020-07-07,116.17,116.725,114.53,116.43,1203201,0.0
2020-07-08,116.57,119,113.25,117.89,2126187,0.0
2020-07-09,118.49,119.5,116.07,117.1,1421031,0.0
2020-07-12,120.71,122.71,116.87,117.06,2814328,0.0
2020-07-13,116.4,120.8,115.49,120.38,2103963,0.0
2020-07-14,121.96,122.97,120.25,121.84,1798575,0.0
2020-07-15,119.23,121.7,118.53,121.18,1277264,0.0
2020-07-16,122.67,122.82,120.66,122.71,2029215,0.0
2020-07-19,121.89,124.01,120.405,123.5,1481170,0.0
2020-07-20,125,126.12,122.95,123.5501,2049985,0.0
2020-07-21,122.97,124.19,120.89,121.37,2076740,0.0
2020-07-22,121.58,121.6699,118.53,119.19,1414076,0.0
2020-07-23,116.86,118.04,114.38,115.7,2998819,0.0
2020-07-26,117.05,120.38,116.29,120.11,2426732,0.0
2020-07-27,116.5681,119,115,115.36,5826771,0.0
2020-07-28,115.75,119.75,115.75,119.09,2569864,0.0
2020-07-29,116.89,117.87,115.66,117.16,2793506,0.0
2020-07-30,118.36,118.63,114.77,117.53,2585983,0.0
2020-08-02,118.41,119.72,117.8852,119.13,1149740,0.0
2020-08-03,119.47,121.555,119.29,120.91,1989677,0.0
2020-08-04,118.18,120.05,117.25,119.86,1964636,0.0
2020-08-05,119.57,122.58,119.05,122.45,1766627,0.0
2020-08-06,121.89,122.67,119.4,120.71,1600632,0.0
2020-08-09,121.04,121.84,119.69,121.38,1049590,0.0
2020-08-10,122.18,124.48,121.15,121.33,1601052,0.0
2020-08-11,122.14,125.41,121.86,124.88,1136511,0.0
2020-08-12,124.3,124.5599,122.52,122.68,864247,0.0
2020-08-13,122.36,123.66,122.18,123.16,595513,0.0
2020-08-16,124.44,125.02,123.73,124.8,994022,0.0
2020-08-17,125.94,126.2,122.89,124.38,1712982,0.0
2020-08-18,125.1,125.56,123.12,123.75,1372947,0.0
2020-08-19,122.07,122.76,120.61,121.37,943566,0.0
2020-08-20,120.93,121.5,119.8,121.5,1229059,0.0
2020-08-23,122.7,123.85,122.16,123.85,908210,0.0
2020-08-24,125.92,127.8,124.92,127.28,1835993,0.0
2020-08-25,127.2,128.422,126.1137,127.53,1303482,0.0
2020-08-26,128.14,128.35,125.44,126.06,1248780,0.0
2020-08-27,125.93,127.45,125.26,127.18,1549673,0.0
2020-08-30,126.96,127.71,124.85,125.77,1335672,0.0
2020-08-31,126,129.02,125.95,128.27,1520870,0.0
2020-09-01,129.68,132.945,128.7,132.09,1370924,0.0
2020-09-02,130.99,130.99,125.05,126.1,1627806,0.0
2020-09-03,126.37,127.08,122.32,126.22,1381236,0.0
2020-09-07,121.02,122.65,119.21,119.72,1902782,0.0
2020-09-08,122.17,125.63,121.395,124.24,1861456,0.0
2020-09-09,127.02,127.6,122.55,123.14,1068586,0.0
2020-09-10,124.47,126.65,123.155,124.76,1239643,0.0
2020-09-13,126.17,127.62,124.48,125.76,1268257,0.0
2020-09-14,127.39,128.8,126.82,127.41,1240803,0.0
2020-09-15,129,131.31,128.36,128.59,1897131,0.0
2020-09-16,123.62,128.14,122.86,127.76,1794680,0.0
2020-09-17,128.68,128.99,123.39,126.08,2406796,0.0
2020-09-20,122.95,123.51,119.28,121.35,1822255,0.0
2020-09-21,122.79,123.48,120.69,122.64,1322754,0.0
2020-09-22,123.17,124,119.43,120.02,1307809,0.0
2020-09-23,118.64,121.22,118.15,119.15,1651092,0.0
2020-09-24,118.56,120.17,117.25,119.72,1855719,0.0
2020-09-27,122.46,124.17,121.905,124,1710397,0.0
2020-09-28,126.1,126.14,123.16,123.22,1351835,0.0
2020-09-29,123.87,126.77,123.22,124.715,1337904,0.0
2020-09-30,129.63,132.17,128,130.99,2910477,0.0
2020-10-01,127.17,130.48,126.64,127.53,1653326,0.0
2020-10-04,129.48,132.07,129,131.97,1792344,0.0
2020-10-05,131.7,135.01,130.39,131.02,1801376,0.0
2020-10-06,133.425,134.91,133.005,133.62,1425893,0.0
2020-10-07,134.99,135.92,134.13,134.83,1572503,0.0
2020-10-08,142.01,145.15,138.8,141.54,4480476,0.0
2020-10-11,143,143.25,140.41,142.09,2397267,0.0
2020-10-12,141,141.99,136.58,136.755,2168774,0.0
2020-10-13,137.19,138.1,135.835,137.12,1835363,0.0
2020-10-14,134.59,137.52,133.69,136.87,1244622,0.0
2020-10-15,139.33,139.67,136.96,137.24,1050270,0.0
2020-10-18,137.63,138.85,135.53,136.49,885912,0.0
2020-10-19,137.67,137.8,134.89,135.21,1081573,0.0
2020-10-20,137.93,138.12,135.27,135.86,1391709,0.0
2020-10-21,136.06,136.43,133.32,134.89,1034574,0.0
2020-10-22,135.51,137.75,134.3601,137.19,1123648,0.0
2020-10-25,135.19,136.1,132.71,134.93,2134056,0.0
2020-10-26,136,136.57,131.65,133.13,2152979,0.0
2020-10-27,130.065,130.91,126.81,129.805,2544695,0.0
2020-10-28,128.7858,137.5142,128.7858,136.1699,2269638,0.0
2020-10-29,133.52,135.79,132.98,135.12,1652675,0.0
2020-11-01,137.09,138.335,136.015,137.31,1531890,0.0
2020-11-02,137.65,141.49,137,138.83,1437510,0.0
2020-11-03,141.05,141.49,136.7,139.38,1891559,0.0
2020-11-04,142,145.24,141.08,144.51,1883141,0.0
2020-11-05,144.28,147.47,143.615,146.72,2464205,0.0
2020-11-08,149.74,152.48,144.55,144.86,3038870,0.0
2020-11-09,142.78,144.49,139.94,140.27,1759538,0.0
2020-11-10,143.31,145.94,142.7,144.99,1279987,0.0
2020-11-11,146,146.59,143.65,144.26,1134003,0.0
2020-11-12,146.01,147.58,145.66,146.8,722071,0.0
2020-11-15,149.39,151.22,148.53,148.53,1076905,0.0
2020-11-16,150.75,151.55,147.92,149.4,1692791,0.0
2020-11-17,149.49,150.61,147.82,148.06,1054771,0.0
2020-11-18,148,151.83,147.07,151.35,1597750,0.0
2020-11-19,151.93,153.03,150.55,150.57,1390580,0.0
2020-11-22,152.52,156.35,151.28,155.77,1945874,0.0
2020-11-23,158.37,158.62,154.74,158.47,1631566,0.0
2020-11-24,159,159.28,156.655,157.66,1244824,0.0
2020-11-26,158.45,161.84,158.17,158.94,974815,0.0
2020-11-29,159,160.92,156.85,158.46,1241213,0.0
2020-11-30,160.4,161.77,158.65,159.08,1753754,0.0
2020-12-01,159.09,160.83,157.47,160.46,1027821,0.0
2020-12-02,161.1131,162.15,158.75,158.81,1428642,0.0
2020-12-03,159.62,164.17,159.09,163.93,2080937,0.0
2020-12-06,165.61,167.27,164.3,165.08,1826623,0.0
2020-12-07,164.92,167.11,163.81,166.37,1176752,0.0
2020-12-08,163.96,164.91,155.885,157.27,3250362,0.0
2020-12-09,156.5,160.36,156.5,158.26,2452420,0.0
2020-12-10,157.5,158.7,154.57,157.18,1304048,0.0
2020-12-13,159.67,159.74,155.52,158.33,1734321,0.0
2020-12-14,157.26,160.69,156.05,160.06,2313948,0.0
2020-12-15,161.14,161.2,156.61,157.28,1694060,0.0
2020-12-16,158.48,158.8,156.36,158.06,1417550,0.0
2020-12-17,158.07,158.92,154.68,155.59,2248803,0.0
2020-12-20,153.18,157.25,152.93,157.2,1108064,0.0
2020-12-21,157.13,159.6,155.76,156.5,1227335,0.0
2020-12-22,157.94,158.63,156.81,156.87,1158107,0.0
2020-12-23,157.72,157.93,156.515,157.19,416053,0.0
2020-12-27,159.5,161.8,157.91,158.13,943372,0.0
2020-12-28,158.8,159.525,154.75,156.11,874222,0.0
2020-12-29,157.5,159.74,156.71,159.48,790140,0.0
2020-12-30,159.86,160.23,158.61,159.15,683292,0.0
2021-01-03,160.33,165.84,158.615,162.035,2728898,0.0
2021-01-04,161.53,165.965,161.12,165.67,1597112,0.0
2021-01-05,164.61,171.8,164.61,168.95,2478456,0.0
2021-01-06,172.09,176.5,171.93,174.99,2161792,0.0
2021-01-07,181.375,182.55,171.5,175.04,2590781,0.0
2021-01-10,174.39,176.46,171.93,173.28,2716329,0.0
2021-01-11,174.29,179,173.23,176.23,2953167,0.0
2021-01-12,177.99,177.99,176.18,177.43,1484232,0.0
2021-01-13,178.62,181.09,178.62,179.92,2152994,0.0
2021-01-14,179.64,179.84,168.451,172.26,3301326,0.0
2021-01-18,177.31,178.5,174.54,175.03,2121416,0.0
2021-01-19,178.86,180.305,173.71,174.48,2217739,0.0
2021-01-20,176.64,176.75,171.73,173.51,1813199,0.0
2021-01-21,172.57,175.17,171.915,172.23,1666098,0.0
2021-01-24,176.69,176.75,171.03,174.42,1794381,0.0
2021-01-25,174.42,174.46,168.66,168.75,1930314,0.0
2021-01-26,162.72,164.43,156.02,160.56,3149146,0.0
2021-01-27,166.525,166.8,162.38,164.33,2038722,0.0
2021-01-28,164.15,167.545,159.805,160.4,3274156,0.0
2021-01-31,166.44,172.44,166.0951,171.64,4237617,0.0
2021-02-01,180,183,170.7,177.21,6238806,0.0
2021-02-02,179.99,181.74,173.11,174.2,2886688,0.0
2021-02-03,175.89,181.45,175.15,181.31,2542270,0.0
2021-02-04,182.95,184.13,181.06,181.99,2794501,0.0
2021-02-07,184.7,188.15,184,188.12,2080557,0.0
2021-02-08,187.35,188.4,184.47,188.04,1516410,0.0
2021-02-09,191.61,191.925,183.39,187.75,2708513,0.0
2021-02-10,188.4,194.7566,188.4,194,2365125,0.0
2021-02-11,193.17,195.89,190.856,194.39,1515491,0.0
2021-02-15,199.46,200.19,193.685,195.285,1827032,0.0
2021-02-16,192.575,194.9394,187.91,189.69,2229696,0.0
2021-02-17,187.5,188.95,183.05,185.85,2391565,0.0
2021-02-18,189.41,192.755,188.49,191.56,1812202,0.0
2021-02-21,190.8,192.4,184.97,185.86,1889102,0.0
2021-02-22,183.87,183.87,175.33,181.08,4757160,0.0
2021-02-23,178,186.82,176.93,186.32,2871625,0.0
2021-02-24,186.51,188,178.05,178.38,2842897,0.0
2021-02-25,182.04,184.17,177.1248,182.78,2514237,0.0
2021-02-28,186.52,187.9,183.32,187.52,3974310,0.0
2021-03-01,189,189.76,182.06,182.08,2140837,0.0
2021-03-02,182.6,184.17,175.53,175.58,1924785,0.0
2021-03-03,173.59,176.6766,164.19,167.58,3268579,0.0
2021-03-04,174.2284,182.06,166.04,180.89,4464321,0.0
2021-03-07,178.82,183.58,170.15,170.66,2726372,0.0
2021-03-08,176.13,185.24,175,183.91,2519014,0.0
2021-03-09,186.04,187.35,180.23,180.4,2100924,0.0
2021-03-10,186.69,189.4894,185.03,188.5,2709068,0.0
2021-03-11,184.89,186.66,181.79,183.39,1622878,0.0
2021-03-14,196.8041,200,194.21,199.68,11506483,0.0
2021-03-15,201.1,206.21,200.64,202.79,6295102,0.0
2021-03-16,199.5616,209.59,199,208.44,7032613,0.0
2021-03-17,204.15,208.25,197.69,198.59,7674329,0.0
2021-03-18,196.35,204.53,193.22,202.25,10737601,0.0
2021-03-21,203.11,206.12,196.65,200.55,4514895,0.0
2021-03-22,200.4,200.23,189.79,191.62,4237182,0.0
2021-03-23,193.2534,194.51,187.25,187.38,2549525,0.0
2021-03-24,182.66,192,182.28,191.46,3218796,0.0
2021-03-25,190.79,199.43,189.07,199.21,2444554,0.0
2021-03-28,196.91,197.66,191.88,194.16,1967016,0.0
2021-03-29,192.39,198.81,192.2701,197.85,1961533,0.0
2021-03-30,200.02,203.2,198,201.47,2264857,0.0
2021-03-31,205.2684,208.31,204.1406,208.26,2187968,0.0
2021-04-04,211.23,216.43,209.63,214.92,2210432,0.0
2021-04-05,212.86,214.7,208.66,212.88,1909640,0.0
2021-04-06,212.67,213.39,210.26,212.13,1330437,0.0
2021-04-07,209,210.67,207.09,209.31,2567444,0.0
2021-04-08,207.35,209.515,206.04,209.2,1581014,0.0
2021-04-11,208.01,208.22,204.87,207.98,1446794,0.0
2021-04-12,207.32,207.79,200.72,202,2580800,0.0
2021-04-13,201.1968,203.33,198.59,199.88,2095610,0.0
2021-04-14,202.76,202.76,198.53,201.77,1260787,0.0
2021-04-15,201.19,202.08,199.0109,199.54,1815562,0.0
2021-04-18,199.37,199.555,191.99,194.93,2323605,0.0
2021-04-19,193.54,196.59,192.355,193.97,2603484,0.0
2021-04-20,194.15,201.345,192.46,201.14,2010617,0.0
2021-04-21,201.14,202.07,195.88,196.26,1970989,0.0
2021-04-22,197.94,202.77,197.94,201.56,2437203,0.0
2021-04-25,202.4,206.72,202.1,205.08,2737058,0.0
2021-04-26,207.78,209.19,202.46,203.4,2503622,0.0
2021-04-27,203.5,203.89,198.35,198.38,1935075,0.0
2021-04-28,201.23,201.655,196.4,200.75,1677920,0.0
2021-04-29,197.27,198.33,191.05,192.61,3084739,0.0
2021-05-02,194.75,195.94,190.47,191.71,1973919,0.0
2021-05-03,188.97,191.75,185.2,191.19,3872979,0.0
2021-05-04,192.02,192.73,188.47,190.4,3484043,0.0
2021-05-05,189.42,192.62,186.26,192.38,2323887,0.0
2021-05-06,195,198.5,193.33,197.94,2570139,0.0
2021-05-09,195.34,196.41,188.91,189.02,2329933,0.0
2021-05-10,183.42,192.825,182.59,192.44,2771523,0.0
2021-05-11,187.79,189.99,181.72,182.81,3256439,0.0
2021-05-12,185.42,189.13,184.69,186.45,2210999,0.0
2021-05-13,188.8,194.95,188.155,192.27,2227116,0.0
2021-05-16,190.01,191.47,187.24,191.19,1968788,0.0
2021-05-17,193.07,195.35,191.175,191.36,1830733,0.0
2021-05-18,187.16,195.81,186.12,195.18,2394749,0.0
2021-05-19,195.59,200.62,195.59,199.67,2224047,0.0
2021-05-20,201.13,202.32,199.18,199.95,1787526,0.0
