Date,Open,High,Low,Close,Volume,OpenInterest
2017-06-01,25.28,25.5811,24.36,24.95,279912,0.0
2017-06-04,25.06,25.265,24.53,24.6,206155,0.0
2017-06-05,24.5,25.45,24.5,24.85,422327,0.0
2017-06-06,25.39,25.96,24.43,25.6862,683936,0.0
2017-06-07,27.6,28.1,26.01,27.14,1944582,0.0
2017-06-08,27.43,28.2499,25,25.03,810896,0.0
2017-06-11,25.5,25.59,23.5501,23.8166,597988,0.0
2017-06-12,24,26.1767,24,25.53,672915,0.0
2017-06-13,25.67,26.82,25.64,26.51,411733,0.0
2017-06-14,26.24,26.24,25,25.66,336598,0.0
2017-06-15,25.71,26.55,25.2801,26.48,271478,0.0
2017-06-18,26.67,27.35,26.6,27.33,313372,0.0
2017-06-19,27.39,27.425,26.15,26.58,323145,0.0
2017-06-20,26.69,26.909,25.53,25.94,342045,0.0
2017-06-21,25.94,26.85,25.78,26.25,474035,0.0
2017-06-22,26.28,26.67,25.03,25.55,828480,0.0
2017-06-25,25.59,25.99,25.15,25.25,363925,0.0
2017-06-26,25.1,25.31,24,24.02,612498,0.0
2017-06-27,24.2,24.545,23.82,23.98,466919,0.0
2017-06-28,23.89,24.0472,22.9,23.28,599879,0.0
2017-06-29,23.14,23.38,22.8,22.81,348491,0.0
2017-07-02,23,23.27,22.33,22.48,281811,0.0
2017-07-04,22.67,22.67,22.045,22.4,642853,0.0
2017-07-05,22.11,23.12,22.1,22.79,360060,0.0
2017-07-06,22.82,24.1199,22.75,23.39,728465,0.0
2017-07-09,23.41,23.93,22.79,23.2,310200,0.0
2017-07-10,23.08,23.465,22.42,23.04,295664,0.0
2017-07-11,22.93,23.88,22.9,23.31,364501,0.0
2017-07-12,23.24,23.35,22.85,23.19,192127,0.0
2017-07-13,23.07,23.3,22.91,23.12,126373,0.0
2017-07-16,22.99,23.78,22.99,23.77,163628,0.0
2017-07-17,23.53,24,23.34,23.76,150387,0.0
2017-07-18,23.7,24.2,23.551,24.15,166787,0.0
2017-07-19,24.12,24.14,23.58,24.02,98471,0.0
2017-07-20,24.2,24.5,23.64,24.29,197530,0.0
2017-07-23,24.17,24.45,23.43,23.67,174916,0.0
2017-07-24,23.58,23.98,23.25,23.67,131122,0.0
2017-07-25,23.88,23.95,23.44,23.53,104268,0.0
2017-07-26,23.56,23.81,22.51,22.68,254482,0.0
2017-07-27,22.58,22.9999,22.32,22.36,115967,0.0
2017-07-30,22.56,22.9353,21.66,21.97,425525,0.0
2017-07-31,22.28,22.82,21.52,22.69,383008,0.0
2017-08-01,22.72,22.9,21.8,22.19,562026,0.0
2017-08-02,22.06,23.2,22.06,22.82,131055,0.0
2017-08-03,22.77,23.2,22.75,23.01,202527,0.0
2017-08-06,22.93,23.5351,22.72,23.44,260569,0.0
2017-08-07,23.35,23.97,23.22,23.53,156566,0.0
2017-08-08,23.4,23.84,23.24,23.67,94444,0.0
2017-08-09,23.43,23.4876,22.79,22.97,157461,0.0
2017-08-10,22.91,23.8,22.77,23.79,227680,0.0
2017-08-13,24.23,24.24,23.63,24.02,223833,0.0
2017-08-14,24,24.15,23.431,23.59,121244,0.0
2017-08-15,23.67,24.74,23.45,24.585,207392,0.0
2017-08-16,24.54,25.08,24.21,24.25,153908,0.0
2017-08-17,24.06,24.97,23.9525,24.84,123541,0.0
2017-08-20,24.75,25.27,24.51,25.08,145880,0.0
2017-08-21,25.27,25.97,25.0789,25.72,243604,0.0
2017-08-22,25.38,25.7,25.31,25.45,81574,0.0
2017-08-23,25.59,25.5902,24.8001,25.42,109472,0.0
2017-08-24,25.47,25.75,24.84,24.87,150936,0.0
2017-08-27,25.07,25.07,23.91,24.44,235799,0.0
2017-08-28,24.23,24.9,24.13,24.47,159300,0.0
2017-08-29,24.58,26.6691,24.56,26.31,689214,0.0
2017-08-30,26.63,27.48,25.82,26.98,375414,0.0
2017-08-31,26.94,26.967,26.26,26.56,165130,0.0
2017-09-04,26.61,27,26.26,26.34,221592,0.0
2017-09-05,26.49,27.3,26.21,27.005,315180,0.0
2017-09-06,27.01,27.97,26.86,27.11,490525,0.0
2017-09-07,28.32,30.56,24.5,30.3,1514655,0.0
2017-09-10,30.26,33.6399,29.3,30.17,880982,0.0
2017-09-11,31.69,31.69,28.87,29.39,292946,0.0
2017-09-12,29.35,29.822,29.18,29.55,179204,0.0
2017-09-13,29.5,29.61,28.76,28.92,238008,0.0
2017-09-14,29.1,29.37,28.641,28.76,239752,0.0
2017-09-17,28.72,29.86,28.66,29.24,413225,0.0
2017-09-18,29.25,29.92,29,29.447,336688,0.0
2017-09-19,29.5,29.5,29.02,29.16,176355,0.0
2017-09-20,29.18,29.89,28.63,29.37,219650,0.0
2017-09-21,29.2,29.63,29.01,29.2,237389,0.0
2017-09-24,29.3,29.445,28.39,28.81,481778,0.0
2017-09-25,28.78,29.15,28.35,28.53,384484,0.0
2017-09-26,28.95,29.29,28.54,29.13,362092,0.0
2017-09-27,29,30.62,28.88,28.98,716740,0.0
2017-09-28,29,29.252,28.03,28.21,402352,0.0
2017-10-01,28.35,28.35,27.39,27.65,637443,0.0
2017-10-02,27.81,28.4,27.48,28.01,622655,0.0
2017-10-03,26.43,27.44,26.1,27.04,6631888,0.0
2017-10-04,27,28,26.8,27.76,2032970,0.0
2017-10-05,27.4,28,27.35,27.99,1317628,0.0
2017-10-08,27.99,28.24,27.06,28.01,1854850,0.0
2017-10-09,28.25,28.58,28.09,28.56,1287945,0.0
2017-10-10,28.6,28.84,28.3,28.58,1741446,0.0
2017-10-11,28.5,28.63,28.24,28.515,878760,0.0
2017-10-12,28.5,28.61,27.2,27.63,1524624,0.0
2017-10-15,27.75,27.9435,26.41,26.57,1121757,0.0
2017-10-16,26.59,26.895,24.71,26.76,1858607,0.0
2017-10-17,27,27.84,26.77,27.74,1120585,0.0
2017-10-18,27.5,28.05,27.27,28.03,579407,0.0
2017-10-19,28.25,28.81,27.96,28.59,993448,0.0
2017-10-22,28.58,28.6,27.81,27.9,667957,0.0
2017-10-23,27.92,28.1,27.45,27.65,652684,0.0
2017-10-24,27.6,27.96,27.1,27.54,465087,0.0
2017-10-25,27.57,27.7,27.33,27.59,431075,0.0
2017-10-26,28,29.01,27.5,27.9,1062820,0.0
2017-10-29,27.94,27.94,27.41,27.6599,307100,0.0
2017-10-30,27.69,29,27.6,28.93,685015,0.0
2017-10-31,29,29.16,28.675,28.97,829150,0.0
2017-11-01,29.08,29.1,28.24,28.47,459938,0.0
2017-11-02,28.4,28.64,27.97,28.49,590178,0.0
2017-11-05,28.41,28.95,28,28.94,334343,0.0
2017-11-06,28.67,29.0696,28.35,28.51,363907,0.0
2017-11-07,28.36,29.22,28.31,29.18,332438,0.0
2017-11-08,29.05,29.05,28.55,29.01,235610,0.0
2017-11-09,29.07,29.25,28.746,29.19,289986,0.0
2017-11-12,29.01,29.19,28.6,29.16,185225,0.0
2017-11-13,29.14,29.21,28.86,29.14,185128,0.0
2017-11-14,28.79,29.24,28.01,28.65,205729,0.0
2017-11-15,28.68,29.91,28.61,29.69,332894,0.0
2017-11-16,29.6,30,29.17,29.24,293704,0.0
2017-11-19,29.21,29.69,28.63,29.54,305579,0.0
2017-11-20,29.76,30,29.51,29.96,372960,0.0
2017-11-21,30,30.35,29.64,30,518047,0.0
2017-11-23,30.16,31.8,30.0901,31.32,319200,0.0
2017-11-26,31.29,31.65,30.81,30.83,325598,0.0
2017-11-27,30.88,31.44,30.81,31.18,154371,0.0
2017-11-28,31.29,31.68,29.22,29.42,419845,0.0
2017-11-29,29.65,29.8948,28.9167,29.2,289342,0.0
2017-11-30,29.11,29.38,28.32,28.72,293293,0.0
2017-12-03,29,29.43,28.05,28.3,357113,0.0
2017-12-04,28.39,29.18,28.08,28.35,450258,0.0
2017-12-05,28.22,28.8789,27.25,28.42,861595,0.0
2017-12-06,30.86,30.98,28.45,29.19,1968193,0.0
2017-12-07,28.76,29.97,26.95,27.15,2235413,0.0
2017-12-10,26.61,26.9,25.32,26.49,2457108,0.0
2017-12-11,26.25,26.25,24.94,25.57,1693805,0.0
2017-12-12,25.7,26.06,25.04,26.05,1531757,0.0
2017-12-13,26,27.16,25.83,26.05,1477627,0.0
2017-12-14,26.13,26.54,25.8,25.93,1028005,0.0
2017-12-17,25.92,26,25.01,25.21,1575249,0.0
2017-12-18,25.13,25.85,24.93,25.47,1570886,0.0
2017-12-19,25.42,25.6,25,25.41,1430913,0.0
2017-12-20,25.28,25.74,25.08,25.68,1134510,0.0
2017-12-21,25.6,25.98,25.19,25.52,764500,0.0
2017-12-25,25.53,26.27,25.33,26.06,1023102,0.0
2017-12-26,26.11,26.54,25.78,26.01,1086955,0.0
2017-12-27,26.09,26.29,25.52,25.76,737760,0.0
2017-12-28,25.73,26.03,25.26,25.67,1046371,0.0
2018-01-01,25.55,26.5,25.33,26.46,1325221,0.0
2018-01-02,25.87,26.55,25.13,26.5,2144180,0.0
2018-01-03,26.5,26.96,26.35,26.57,837054,0.0
2018-01-04,26.5,26.55,25.64,26.55,1384121,0.0
2018-01-07,26.65,26.65,26.07,26.4,1008532,0.0
2018-01-08,26.4,26.6,26.25,26.43,636220,0.0
2018-01-09,26.1,26.78,26,26.52,930139,0.0
2018-01-10,26.6,26.62,26.33,26.56,733134,0.0
2018-01-11,26.59,27.3,26.51,27.01,2526948,0.0
2018-01-15,27,27.03,26.3,26.33,1660080,0.0
2018-01-16,26.58,26.89,26.2,26.785,934468,0.0
2018-01-17,26.9,27.18,26.71,26.99,1084131,0.0
2018-01-18,27.15,29.6,26.8972,29.17,5563634,0.0
2018-01-21,30.92,30.92,29.2,29.79,3564537,0.0
2018-01-22,30.55,30.7,29.91,30.37,1461706,0.0
2018-01-23,30.76,30.91,30.39,30.81,1235233,0.0
2018-01-24,30.93,31,30,30.52,975797,0.0
2018-01-25,30.77,31.1882,30.35,30.975,1465539,0.0
2018-01-28,31.16,31.16,30.3,30.4,697287,0.0
2018-01-29,30.21,30.34,29.54,29.8,884627,0.0
2018-01-30,30.11,30.7,29.26,29.44,634498,0.0
2018-01-31,29.39,29.915,29.26,29.85,515809,0.0
2018-02-01,29.73,29.78,29.01,29.3,971473,0.0
2018-02-04,29,29.4745,28.5,28.53,814939,0.0
2018-02-05,27.82,28.96,27.75,28.84,799651,0.0
2018-02-06,28.89,29.48,28.74,29.41,601985,0.0
2018-02-07,29.51,29.72,28.34,28.55,945442,0.0
2018-02-08,28.78,29.17,27.71,28.87,1387661,0.0
2018-02-11,30.38,30.83,29.2,30.64,1124670,0.0
2018-02-12,30.67,31.623,30.36,31.57,1016888,0.0
2018-02-13,31.87,34.129,31.85,33.89,2086322,0.0
2018-02-14,34.51,34.6156,32.89,33.36,1454377,0.0
2018-02-15,33.68,34.91,33.52,34.74,1158018,0.0
2018-02-19,34.74,36.085,34.34,35.835,1549602,0.0
2018-02-20,36.1,36.46,35.03,35.35,957461,0.0
2018-02-21,36.83,37.24,35.41,35.84,1688377,0.0
2018-02-22,36.31,36.95,35.89,36.5,1414452,0.0
2018-02-25,36.8,38.3907,36.79,37.7,1428699,0.0
2018-02-26,37.91,38.22,37.2,37.75,960533,0.0
2018-02-27,37.91,39.13,37.91,38.6,975584,0.0
2018-02-28,38.65,38.675,35.06,36.4,2609484,0.0
2018-03-01,35.84,37.68,35.51,37.47,1308817,0.0
2018-03-04,37.47,39,37.27,38.84,1267545,0.0
2018-03-05,39.31,39.59,38.04,38.23,1450425,0.0
2018-03-06,37.53,39.61,37.02,39.14,1914194,0.0
2018-03-07,40.32,42.8651,39.8,42.61,4177263,0.0
2018-03-08,42.72,42.885,39.22,39.73,4644032,0.0
2018-03-11,39.88,39.95,38.75,39.68,3264804,0.0
2018-03-12,39.67,40.6,39.5,40.52,2658130,0.0
2018-03-13,40.38,40.64,39.495,39.68,1744411,0.0
2018-03-14,39.69,40.07,38.43,38.74,2057546,0.0
2018-03-15,38.76,39.2,37.64,38.62,1598678,0.0
2018-03-18,38.21,39.15,37.78,37.99,1549675,0.0
2018-03-19,37.55,39.33,37.21,39,1977975,0.0
2018-03-20,39.35,39.97,38.53,39.51,2124710,0.0
2018-03-21,39.14,39.82,38.52,39.22,1099792,0.0
2018-03-22,39.04,39.51,38.38,38.39,1253220,0.0
2018-03-25,39,39.92,38.647,39.8,1618258,0.0
2018-03-26,39.95,40.155,38.05,38.45,2342155,0.0
2018-03-27,38.21,39.09,37.26,38.27,2254965,0.0
2018-03-28,38.37,40.06,37.29,39.85,1980893,0.0
2018-04-01,39.8,40.04,38.88,39,1497232,0.0
2018-04-02,39.13,39.84,38.79,38.99,1342826,0.0
2018-04-03,38.26,39.8,37.85,39.56,1224529,0.0
2018-04-04,40,40.1,38.72,38.97,1364018,0.0
2018-04-05,38.57,39.5,38.27,38.64,611149,0.0
2018-04-08,39.08,39.45,38.64,38.66,1121090,0.0
2018-04-09,39.45,39.58,38.79,39.215,1296599,0.0
2018-04-10,39.14,41.21,39.08,40.35,2384842,0.0
2018-04-11,40.43,41.08,40.4,40.73,1147411,0.0
2018-04-12,41.07,41.4572,39.75,40.59,699070,0.0
2018-04-15,41.11,41.11,40.19,40.61,916622,0.0
2018-04-16,40.85,41.675,40.34,41.57,1289327,0.0
2018-04-17,41.73,41.98,41.06,41.54,848235,0.0
2018-04-18,41.6,41.77,40.68,41.05,833299,0.0
2018-04-19,41,42.51,40.82,41.97,1650773,0.0
2018-04-22,43.7197,44.3,42.6601,43.32,2275850,0.0
2018-04-23,43.8497,44.13,41.26,41.97,1775159,0.0
2018-04-24,42,42.2758,40.24,41.999,1027571,0.0
2018-04-25,42.54,43.69,42,42.76,706910,0.0
2018-04-26,43,43.7,41.425,41.75,1208900,0.0
2018-04-29,42.04,43.3,42.0101,42.8,764698,0.0
2018-04-30,42.8,43.49,42.64,43.45,520007,0.0
2018-05-01,43.55,44.99,43.55,44.56,1092457,0.0
2018-05-02,44.5,45.64,43.97,45.54,1072227,0.0
2018-05-03,45.55,46.37,44.91,45.76,1088893,0.0
2018-05-06,46.04,47.9,46,47.05,1560892,0.0
2018-05-07,47.46,47.9,46.81,47.74,1151761,0.0
2018-05-08,48,49.57,47.61,49.27,1741315,0.0
2018-05-09,49.76,50.83,48.88,50.38,1419152,0.0
2018-05-10,50.22,51,49.56,50.49,1128092,0.0
2018-05-13,50.62,50.7972,47.64,48.11,1909024,0.0
2018-05-14,47.85,49.0898,47.13,48.51,1678716,0.0
2018-05-15,48.51,49.72,48,48.99,1248406,0.0
2018-05-16,48.9,49.8249,48.69,49.23,905058,0.0
2018-05-17,49.41,50.14,49.325,49.72,618014,0.0
2018-05-20,50.12,50.86,49.89,50.55,767301,0.0
2018-05-21,50.59,50.72,48.14,48.5,1076537,0.0
2018-05-22,48.46,49.69,48.12,49.5,935670,0.0
2018-05-23,49.54,51.04,49.263,50.68,907512,0.0
2018-05-24,50.85,52.28,50.7355,51.88,959902,0.0
2018-05-28,52.12,54.9899,52,53.66,2240709,0.0
2018-05-29,54.42,55.48,53.55,55.37,1897764,0.0
2018-05-30,55.4,56.919,55.4,56.22,1576791,0.0
2018-05-31,56.52,57.95,56.37,57.38,2453491,0.0
2018-06-03,58.03,58.56,56.32,57.38,2328354,0.0
2018-06-04,55.98,57.24,54.4,54.57,4061388,0.0
2018-06-05,55,55.37,52.52,54.14,4109232,0.0
2018-06-06,57.45,61,50.14,50.88,7961799,0.0
2018-06-07,50.95,52.39,49.1202,51.27,3335167,0.0
2018-06-10,50.83,51.82,49.53,51.61,3411509,0.0
2018-06-11,51.6,53.8,51.52,52.94,3107499,0.0
2018-06-12,53.24,53.95,52.12,52.59,2580875,0.0
2018-06-13,52.67,53.9,52.5001,52.8,1828601,0.0
2018-06-14,52.17,54.59,51.21,54.545,2476920,0.0
2018-06-17,54.29,55.03,53.17,55,2399027,0.0
2018-06-18,54.03,54.63,50.66,52.91,2534496,0.0
2018-06-19,53.19,55.1,52.68,53.7,1930806,0.0
2018-06-20,53.81,54.78,52.78,53.23,1922754,0.0
2018-06-21,52.64,53.22,50.2162,51.89,2711245,0.0
2018-06-24,51.08,51.09,48.311,49.01,2575790,0.0
2018-06-25,49.52,50.64,49.05,49.58,1578271,0.0
2018-06-26,50.78,51.72,48.18,48.3,2159818,0.0
2018-06-27,48.03,51.22,47.14,50.39,1894450,0.0
2018-06-28,50.62,51.0307,49.79,50.38,1063058,0.0
2018-07-01,49.9,51.43,49.07,51.42,898294,0.0
2018-07-02,51.61,51.85,50.59,50.81,655189,0.0
2018-07-04,51.11,51.93,50.86,51.57,887293,0.0
2018-07-05,51.21,52.66,51.161,52.57,1032803,0.0
2018-07-08,53,53.45,49.87,51.859,1777442,0.0
2018-07-09,52.35,52.52,50.83,50.99,994939,0.0
2018-07-10,50.01,51.6,50,51.17,1362924,0.0
2018-07-11,51.52,55.18,51.28,54.645,2600021,0.0
2018-07-12,54.81,55.36,53.52,54.15,854624,0.0
2018-07-15,53.98,54.48,53.16,54.07,878893,0.0
2018-07-16,53.65,55.84,53.501,55.83,1102813,0.0
2018-07-17,55.5,56.82,55.42,56.39,1058056,0.0
2018-07-18,56.25,56.71,55.65,55.96,607724,0.0
2018-07-19,56.27,57.35,56.18,56.33,990249,0.0
2018-07-22,56.17,57.55,54.82,57.15,722882,0.0
2018-07-23,57.73,57.82,54.31,55.11,1399771,0.0
2018-07-24,55.15,58,55,57.39,788981,0.0
2018-07-25,56.6,58.3,56.01,57.78,858787,0.0
2018-07-26,58.57,58.59,54.5,55.09,1247027,0.0
2018-07-29,55.44,55.83,48.2,49.8,3561153,0.0
2018-07-30,50.26,51.78,48.65,49.63,2279726,0.0
2018-07-31,50,52.2,50,52.01,1915179,0.0
2018-08-01,51.39,54.69,51.0542,54.65,1485532,0.0
2018-08-02,54.51,54.65,52.1739,52.935,871316,0.0
2018-08-05,53.1,55.45,53.06,55.4,1067597,0.0
2018-08-06,55.81,56.86,54.58,54.85,999132,0.0
2018-08-07,54.94,55.55,54,54.91,760137,0.0
2018-08-08,55.01,57.6091,55.01,56.65,1371455,0.0
2018-08-09,56.27,57.86,56,56.11,955820,0.0
2018-08-12,55.88,56.51,54.33,54.88,1027982,0.0
2018-08-13,55.3,55.74,53.64,55.56,677165,0.0
2018-08-14,54.9,56.11,53.9,54.44,660736,0.0
2018-08-15,55.29,55.55,54.5,54.9,478088,0.0
2018-08-16,55.01,55.5402,53.57,55.23,461606,0.0
2018-08-19,55.12,56.4745,54.69,56.055,643394,0.0
2018-08-20,56.32,57.19,55.98,56.09,530240,0.0
2018-08-21,56.02,57.58,55.901,57.26,512056,0.0
2018-08-22,57.26,58.95,57.165,58.51,790178,0.0
2018-08-23,58.63,60,58.63,59.96,779735,0.0
2018-08-26,60,60.23,58.87,59.54,966153,0.0
2018-08-27,59.75,60.6988,59.28,60.49,751311,0.0
2018-08-28,60.5,62.226,60.5,61.91,900868,0.0
2018-08-29,61.94,62.19,60.77,61.68,549537,0.0
2018-08-30,61.24,62.39,60.97,61.84,684262,0.0
2018-09-03,61.98,63.25,61.0601,63.11,1179094,0.0
2018-09-04,63.71,63.71,57.72,59.86,2123675,0.0
2018-09-05,60.2,60.6015,58.26,60.21,1828629,0.0
2018-09-06,69.25,75,66.09,71.88,9540279,0.0
2018-09-09,71.65,72.9784,69.43,72.04,2775418,0.0
2018-09-10,71.02,75.49,70.07,72.91,2695441,0.0
2018-09-11,73.87,74.32,70.533,74.16,1587534,0.0
2018-09-12,74.81,74.88,71.35,72.48,1602442,0.0
2018-09-13,73.5,73.5,70.39,72.08,1989873,0.0
2018-09-16,71.71,72.3413,69.02,69.51,1530554,0.0
2018-09-17,69.26,70.6648,67.74,69.86,1960555,0.0
2018-09-18,70.21,70.265,68.3672,69.85,1487828,0.0
2018-09-19,69.35,71.55,69.2,71.02,1220600,0.0
2018-09-20,71.3,71.6,68.3,68.5,1182878,0.0
2018-09-23,67.73,70.08,65.2,68.56,1213069,0.0
2018-09-24,68.37,70.67,68.3,69.45,985177,0.0
2018-09-25,69.83,70.1807,68.6,69.58,1193209,0.0
2018-09-26,70.1,71.3499,69.36,70.44,1238907,0.0
2018-09-27,70.28,71.5383,70.07,70.36,724995,0.0
2018-09-30,71.06,72.97,70.83,71.82,1925809,0.0
2018-10-01,71.57,71.9,67.661,68.1,1782101,0.0
2018-10-02,68,68.9,66.8,68.26,1047721,0.0
2018-10-03,68.02,68.435,64.68,65.08,1395107,0.0
2018-10-04,64.64,66.56,63.8,65.07,1532766,0.0
2018-10-07,64.31,64.56,59.67,61.31,2143189,0.0
2018-10-08,60.47,62.5,59.06,59.68,2360850,0.0
2018-10-09,59.51,59.86,55.35,55.43,3490254,0.0
2018-10-10,54.82,56.8,53.79,54.64,2119399,0.0
2018-10-11,57.71,58.795,55.86,57.59,1961056,0.0
2018-10-14,57.59,58.579,56.82,58.21,1477912,0.0
2018-10-15,59,62.18,58.35,61.92,1625670,0.0
2018-10-16,62.24,62.92,60.8,62.25,1174813,0.0
2018-10-17,61.8,62.35,57.77,59.36,1548168,0.0
2018-10-18,60.2,60.5,55.56,55.76,1190058,0.0
2018-10-21,56.52,57.81,55.2944,57.39,873932,0.0
2018-10-22,54.93,57.45,53.55,57.27,1605478,0.0
2018-10-23,56.81,57.63,52.67,52.73,1289366,0.0
2018-10-24,53.5,55.71,53.01,54.94,1015894,0.0
2018-10-25,51.01,53.78,50.8,51.94,1810175,0.0
2018-10-28,54,54.97,51.3,52.48,1418344,0.0
2018-10-29,52.48,53.73,51.08,53.54,1186628,0.0
2018-10-30,54.99,58.45,54.5,58.38,1774365,0.0
2018-10-31,59.24,59.94,56.9,59.93,1198833,0.0
2018-11-01,60,60.96,57.275,57.77,1073810,0.0
2018-11-04,57.9,57.9,54.71,56.59,1434804,0.0
2018-11-05,56.76,57.95,55.59,56.08,841569,0.0
2018-11-06,57.35,63.48,57.2761,62.6,2226739,0.0
2018-11-07,62.2,63.6599,60.61,61.49,1540036,0.0
2018-11-08,60.31,60.475,57.57,59.29,1269895,0.0
2018-11-11,58.89,58.9443,53.34,54.64,2051478,0.0
2018-11-12,55.16,57.19,54.57,55.02,1257694,0.0
2018-11-13,55.87,56.35,54.0901,54.88,1294719,0.0
2018-11-14,54.58,58.47,54.505,58.02,1802759,0.0
2018-11-15,57.65,59.27,56.49,57.71,1281074,0.0
2018-11-18,57.11,57.52,48.61,48.665,3751367,0.0
2018-11-19,43.95,49.42,41.88,47.81,4374631,0.0
2018-11-20,48.98,52.82,47.7574,51.685,3071445,0.0
2018-11-22,50.2,52.74,50,52.01,784793,0.0
2018-11-25,52.72,55.64,52.61,55.04,1526385,0.0
2018-11-26,54.53,55,53.16,53.49,1109270,0.0
2018-11-27,56.9,58.44,55.12,58.14,1941365,0.0
2018-11-28,58,62.16,57.3001,61.4,2232252,0.0
2018-11-29,61.76,64,60.75,63.66,2412024,0.0
2018-12-02,65.2,66.25,62.55,64.87,2677023,0.0
2018-12-03,63.87,65.1,60.56,60.56,2276082,0.0
2018-12-05,60.1,69.85,57.65,66.91,7770003,0.0
2018-12-06,66.14,67.97,60.93,62.37,2979249,0.0
2018-12-09,62.05,65.16,61.61,64.56,2759218,0.0
2018-12-10,66.53,66.8,63.17,64.55,1783168,0.0
2018-12-11,65.82,68.1128,64.76,67.04,2459722,0.0
2018-12-12,66.01,67.92,66,67.19,1491609,0.0
2018-12-13,66.29,68.58,64.59,66.81,1947028,0.0
2018-12-16,65.33,65.5,60.11,60.415,2784993,0.0
2018-12-17,61.72,63.3899,60.71,62.75,1611968,0.0
2018-12-18,63.14,66.21,62,62.6,2789311,0.0
2018-12-19,61.75,63.72,55.31,58.7,3358355,0.0
2018-12-20,59.17,59.33,53.91,54.61,2629159,0.0
2018-12-23,52.29,55.85,52.05,53.79,1292932,0.0
2018-12-25,54.25,59.84,54.24,59.8,2173240,0.0
2018-12-26,58.44,61.79,57.21,61.43,1443367,0.0
2018-12-27,62.75,62.99,59.25,61.58,1761045,0.0
2018-12-30,62.66,65.3327,62.4,63.56,2283350,0.0
2019-01-01,61.1,64.7,60.4702,63.26,1504132,0.0
2019-01-02,61.8,63.11,59.28,59.595,1800506,0.0
2019-01-03,61.21,64.64,60.65,63.05,1741962,0.0
2019-01-06,64,68.0299,63.7601,66.44,2013475,0.0
2019-01-07,67.15,69,64.51,68.7101,2226228,0.0
2019-01-08,68.86,69.45,67.5001,68.76,1589809,0.0
2019-01-09,68,69.22,66.82,68.77,1010852,0.0
2019-01-10,68.87,72.07,68.15,68.46,2757352,0.0
2019-01-13,67.23,70.785,66.15,70.4,1994182,0.0
2019-01-14,70.48,72.96,70.45,72.58,2220313,0.0
2019-01-15,73.45,73.98,71.25,72.9,2032477,0.0
2019-01-16,72.56,77.91,72,76.26,3266717,0.0
2019-01-17,77.29,79.5,76.79,77.86,2403159,0.0
2019-01-21,76.82,77.87,75.02,77.02,2073466,0.0
2019-01-22,78.12,80.43,77.76,78.1546,2248472,0.0
2019-01-23,78.61,80.64,78.27,79.31,1775610,0.0
2019-01-24,80.53,80.65,78.3655,79.54,2233628,0.0
2019-01-27,79,79.79,77.27,79.05,1345896,0.0
2019-01-28,79.36,79.5,76.85,77.23,1113356,0.0
2019-01-29,78.78,79.67,76.88,78.89,951494,0.0
2019-01-30,79.5,82.5,79.15,82.3,1577227,0.0
2019-01-31,82.21,83.5,81.15,83.48,930657,0.0
2019-02-03,81.63,83,80.2011,81.41,1349624,0.0
2019-02-04,81.25,82.53,80.28,81.91,1332766,0.0
2019-02-05,82,83.25,79.56,81.47,941596,0.0
2019-02-06,80.61,80.76,78.76,80.64,1156821,0.0
2019-02-07,79.59,83.88,79.5,83.17,942546,0.0
2019-02-10,84,84.73,81.8997,82.92,1085649,0.0
2019-02-11,83.72,84.85,83.05,84.62,959289,0.0
2019-02-12,85,85.25,82.75,83.6,839658,0.0
2019-02-13,83,85.9,82.9832,85.15,982937,0.0
2019-02-14,85.71,85.99,84.02,84.75,885640,0.0
2019-02-18,84.77,85.16,84.22,85.075,891114,0.0
2019-02-19,85.2,87.7194,83.85,84,1323421,0.0
2019-02-20,83.99,84.25,81.37,82.04,1620906,0.0
2019-02-21,82.7,84.4,81.76,84.19,1196894,0.0
2019-02-24,85.11,86.319,83.79,84.205,901597,0.0
2019-02-25,84.02,85.34,83.1,83.76,622403,0.0
2019-02-26,83.79,85.445,83.4203,85.24,822986,0.0
2019-02-27,85.15,86.62,84.26,84.87,1044525,0.0
2019-02-28,86.65,86.96,84.68,86.43,1613010,0.0
2019-03-03,86.43,87.32,76.01,79.56,6351142,0.0
2019-03-04,79.96,80.36,76.3698,80.1,2055287,0.0
2019-03-05,80,81.02,78.76,79.98,1632287,0.0
2019-03-06,79.98,83.11,78.88,81.22,2623374,0.0
2019-03-07,74.79,79.1188,70.44,78.425,9255713,0.0
2019-03-10,78.75,81.97,78.4501,80.9101,2434018,0.0
2019-03-11,80.74,81.3021,78.71,80.65,1730907,0.0
2019-03-12,81,82.98,79.55,80.43,1448308,0.0
2019-03-13,81.99,83.33,80.1,82.88,1632229,0.0
2019-03-14,80.86,81.69,78.86,79.18,1859143,0.0
2019-03-17,83.15,84.14,80.8101,82.88,2939214,0.0
2019-03-18,83.55,83.55,80.19,81.19,2256106,0.0
2019-03-19,80.93,82.3,80.03,81.77,1158668,0.0
2019-03-20,81.68,85.52,81.68,85.45,1603143,0.0
2019-03-21,84.62,84.75,80.74,81.05,1617483,0.0
2019-03-24,80.9,82.87,79.1,82.16,1612543,0.0
2019-03-25,82.57,84.62,82.18,83.54,1335021,0.0
2019-03-26,83.75,83.85,79.55,80.79,1685514,0.0
2019-03-27,81,82.6,80.01,81.31,1118714,0.0
2019-03-28,82.28,83.78,81.405,82.75,1150212,0.0
2019-03-31,83.62,85.22,82.13,84.23,767724,0.0
2019-04-01,84,85.91,82.66,85.81,1257086,0.0
2019-04-02,86,90.67,85.55,89.37,3406495,0.0
2019-04-03,89.27,90,82.0314,85.385,4346661,0.0
2019-04-04,86.22,87.69,85.7,86.75,1657219,0.0
2019-04-07,86.45,88.19,84.4,87.64,1374033,0.0
2019-04-08,87.38,93.5,87.16,92.6577,4171973,0.0
2019-04-09,91.8,94.3,91.5,92.81,2804175,0.0
2019-04-10,93.35,95.19,92.35,95.05,2173058,0.0
2019-04-11,95.32,96,93.31,95.27,1766522,0.0
2019-04-14,95.07,97.24,94.49,95.69,1531981,0.0
2019-04-15,96.1,97.06,93.7,94.22,1230208,0.0
2019-04-16,94.76,94.9,90.51,92.21,2015200,0.0
2019-04-17,91.01,92.03,88.5,91.98,1843911,0.0
2019-04-21,91.57,95.58,91.04,95.5,1638040,0.0
2019-04-22,96.05,101.06,95.88,101.0565,3331240,0.0
2019-04-23,101.69,103.29,100.09,101.73,2402154,0.0
2019-04-24,102.4,104.98,101.26,101.62,1901188,0.0
2019-04-25,101.19,103.7,100.5,103.01,1167029,0.0
2019-04-28,103.8,104.8,102.96,103.41,1282643,0.0
2019-04-29,103.28,104.7,102.2,104.04,1295623,0.0
2019-04-30,105,105.5,102,102.15,1619852,0.0
2019-05-01,101.55,104.59,100.22,103.63,1590112,0.0
2019-05-02,104.65,106.6,103,106.13,1506435,0.0
2019-05-05,102.16,108.23,100.55,107.83,1509111,0.0
2019-05-06,106.68,108.37,103.57,105.12,1560961,0.0
2019-05-07,104.36,106.72,104.05,105.52,881162,0.0
2019-05-08,104,107.41,102.135,106.29,1775064,0.0
2019-05-09,105.7,107.5,102.76,105.59,1834757,0.0
2019-05-12,102.03,104.515,98.91,100.06,2485085,0.0
2019-05-13,101.52,104.44,100.565,103.88,1853306,0.0
2019-05-14,103.01,107.48,102.69,106.12,1754303,0.0
2019-05-15,106.8,111.23,106.6,109.69,1768406,0.0
2019-05-16,108.64,111.65,107.82,110.94,2021074,0.0
2019-05-19,109.82,110.72,107.11,108.87,1414275,0.0
2019-05-20,110,111,109.2,109.65,1176344,0.0
2019-05-21,110.26,111.94,109.5,109.67,1268323,0.0
2019-05-22,108.01,108.95,105.29,107.95,1942285,0.0
2019-05-23,109.1,110.23,107.9,109.61,1342416,0.0
2019-05-27,109.09,112.15,106.72,108.61,2439738,0.0
2019-05-28,107.2,108.2682,104.93,105.49,3296344,0.0
2019-05-29,106.1,107.9,104.09,106.51,3558291,0.0
2019-05-30,114.5,119.96,110.51,113.19,8116459,0.0
2019-06-02,114.44,116.11,107.41,109.03,3838193,0.0
2019-06-03,111.12,114.19,107.82,113.99,3075811,0.0
2019-06-04,115.1,119.63,114.6,119.51,2492599,0.0
2019-06-05,119.21,124.125,117.6,123.57,2593052,0.0
2019-06-06,124.81,128.5,124.5,127.37,2235210,0.0
2019-06-09,130.51,133.86,128.7,129.92,2306730,0.0
2019-06-10,130.84,131.3342,125.7,127.35,2672584,0.0
2019-06-11,127.87,129.86,127.25,129.63,1523484,0.0
2019-06-12,130,131.22,129.01,130.35,1909026,0.0
2019-06-13,129.83,130.96,127.6915,128.87,1669951,0.0
2019-06-16,129.5,129.985,126.66,127.79,1568931,0.0
2019-06-17,129.8,131.83,128.575,128.71,1237768,0.0
2019-06-18,129.73,132.6,128,132.41,1292537,0.0
2019-06-19,135,136.61,132.93,133.41,1656165,0.0
2019-06-20,133,133.54,130.46,130.87,1218114,0.0
2019-06-23,130.86,131.49,124.03,124.99,2462574,0.0
2019-06-24,125.83,125.86,120.31,120.995,2386996,0.0
2019-06-25,122.4,123.94,119.5,119.83,1667815,0.0
2019-06-26,120,123.21,118.27,122.86,2768854,0.0
2019-06-27,124.7854,124.7854,120.655,123.52,1494939,0.0
2019-06-30,126.94,126.94,120.889,122.31,1415081,0.0
2019-07-01,122.89,126.2,122.73,125.99,1347752,0.0
2019-07-02,126.55,130.27,126.35,127.52,1161511,0.0
2019-07-04,125.73,128.33,123.5,127.67,1301918,0.0
2019-07-07,126.45,130.614,126.01,130.18,1036869,0.0
2019-07-08,129.63,134.47,129.4401,133.94,1548243,0.0
2019-07-09,134.77,137.8,134.77,135.55,1575440,0.0
2019-07-10,136.03,137.48,135.083,136.61,1180118,0.0
2019-07-11,136.59,137.135,132.14,135.28,1220725,0.0
2019-07-14,136.11,138.27,134.37,138.06,1276902,0.0
2019-07-15,138.05,139.49,134.099,134.81,1310950,0.0
2019-07-16,136,139.27,135.285,138,1118840,0.0
2019-07-17,137.51,139.9,136.19,138.67,1052482,0.0
2019-07-18,140,140.185,135.86,136.22,1260890,0.0
2019-07-21,137.3,139.16,136.7495,137.07,785733,0.0
2019-07-22,137.97,138.27,134.15,135.62,904449,0.0
2019-07-23,135.02,137.49,134.13,137.06,734935,0.0
2019-07-24,136.98,137.8,134.65,136.63,971594,0.0
2019-07-25,137.63,141,137.4448,140.51,1216999,0.0
2019-07-28,141.01,141.85,128.17,132.62,2969826,0.0
2019-07-29,131.2,134.348,130.53,131.98,1430557,0.0
2019-07-30,132.75,133.92,128.5,130.83,1205701,0.0
2019-07-31,132,136.95,131.66,133.09,1514819,0.0
2019-08-01,134.46,134.46,130.01,132.61,785276,0.0
2019-08-04,128.01,128.6635,124.33,126.32,1853911,0.0
2019-08-05,128.06,131.07,127.36,130.03,1208477,0.0
2019-08-06,128.1,134.34,127.38,132.5,1401026,0.0
2019-08-07,133.85,136.83,132.635,136.2,1080292,0.0
2019-08-08,134,135.57,132,134.18,1200840,0.0
2019-08-11,132.91,133.15,128.85,130.39,1300723,0.0
2019-08-12,129.75,134.19,129.345,133.13,1230831,0.0
2019-08-13,130.89,131.4,124.15,126.86,1526408,0.0
2019-08-14,128.14,129,125.2901,127.34,1009146,0.0
2019-08-15,129.25,131.23,127.17,128.2,1293477,0.0
2019-08-18,130,130.67,124.74,125.84,1306017,0.0
2019-08-19,125.62,132.93,124.2026,131.84,1548599,0.0
2019-08-20,133.1,137.7525,132.25,137.19,1436739,0.0
2019-08-21,136.56,136.99,132.5,133.87,1355179,0.0
2019-08-22,134.5,138.939,131.84,132.5554,1699295,0.0
2019-08-25,134.94,135.35,131.06,133.4749,1387760,0.0
2019-08-26,134.8,138.005,132.03,135.06,1451073,0.0
2019-08-27,134.5,134.8999,130.35,133.13,2163017,0.0
2019-08-28,130.75,135.25,121.34,127.24,7176675,0.0
2019-08-29,126.92,127.76,121.354,126.49,2708937,0.0
2019-09-02,126,130.1,124.93,128.15,1915057,0.0
2019-09-03,127.95,131.55,127.5317,127.94,1876514,0.0
2019-09-04,127.44,127.54,121.28,124.25,3300071,0.0
2019-09-05,125.2,125.79,120.8287,121.28,2304960,0.0
2019-09-08,121.88,122.4795,106.04,109.25,6492507,0.0
2019-09-09,106.9,111.5,104.97,107.28,5237514,0.0
2019-09-10,107.22,111.41,105.2693,106.61,4029863,0.0
2019-09-11,108.29,109.93,106.28,106.38,2302025,0.0
2019-09-12,106,106.79,101.7,102.08,2760188,0.0
2019-09-15,100.9,104.1481,99.77,103.79,2995453,0.0
2019-09-16,103.71,106.17,101.64,105.68,2833756,0.0
2019-09-17,104.8,105.68,101.51,103.6,2408598,0.0
2019-09-18,104.17,105.85,103.09,103.491,1957055,0.0
2019-09-19,104.37,107.8,103.66,106.17,3749795,0.0
2019-09-22,106.43,107.14,104.96,105,1749769,0.0
2019-09-23,105.4,106.28,100.39,102.34,2641705,0.0
2019-09-24,102.1,103.13,98.19,102.63,3251908,0.0
2019-09-25,103.3,104.37,102.005,102.15,1560094,0.0
2019-09-26,102.38,103.295,95.61,97.04,2482159,0.0
2019-09-29,96.91,99.48,93.44,98.48,2323615,0.0
2019-09-30,98.46,104.17,96.53,103.74,4038274,0.0
2019-10-01,102.17,103.99,100.83,103.04,2801919,0.0
2019-10-02,105.15,115.49,103.3,114.14,7499676,0.0
2019-10-03,114.7,116.9,111.75,116.51,8949508,0.0
2019-10-06,115.39,119.46,115.15,118.95,6189234,0.0
2019-10-07,117.86,119.4231,112.83,115.21,6610923,0.0
2019-10-08,116.01,119.46,114.0001,118.12,5568465,0.0
2019-10-09,117,118.2,113.81,114.57,4686701,0.0
2019-10-10,115.86,118.02,114.62,116.17,3823323,0.0
2019-10-13,117.95,120.28,115.62,115.85,3498478,0.0
2019-10-14,116.15,117.24,114.4794,115.9,3159540,0.0
2019-10-15,112.74,113,106.22,106.45,8256027,0.0
2019-10-16,107,107.99,104.6,105,4404362,0.0
2019-10-17,104.5,104.87,96.35,98.56,9538810,0.0
2019-10-20,98.31,101.62,96,101.17,2380884,0.0
2019-10-21,102.22,104.62,98.12,99.15,2914291,0.0
2019-10-22,98.35,103.23,97.66,100.79,1985419,0.0
2019-10-23,102.38,108.16,102.3575,108,2220335,0.0
2019-10-24,106.94,108.54,104.89,108,1395263,0.0
2019-10-27,108.4,109.4,106.74,107.24,1234584,0.0
2019-10-28,107.61,109.3054,105.81,107.58,1579487,0.0
2019-10-29,109,112.99,107.25,112.26,1847344,0.0
2019-10-30,111.71,112.5669,107.72,109,1322768,0.0
2019-10-31,109.56,111.87,108.5,111.05,1255044,0.0
2019-11-03,112,112.25,106.73,107.2,1714315,0.0
2019-11-04,107.59,108.9579,104.33,106.81,1518205,0.0
2019-11-05,106.9,109.3803,106.15,108.26,1005012,0.0
2019-11-06,107.45,108.63,104.93,105.23,1005964,0.0
2019-11-07,106,110.31,104.54,109.65,1951230,0.0
2019-11-10,109.71,112.49,107.66,110.9,1260918,0.0
2019-11-11,111.11,114.05,111.045,113.49,1321400,0.0
2019-11-12,114.31,117.42,113.67,116.71,1631004,0.0
2019-11-13,116.71,117.55,115.775,116.06,802465,0.0
2019-11-14,116.78,117.55,114.6,117.52,783915,0.0
2019-11-17,115,122.99,114.9,121.23,2535469,0.0
2019-11-18,122.89,128.17,122.72,126.08,3313803,0.0
2019-11-19,125.94,129.7892,125.1835,129.41,2239987,0.0
2019-11-20,129.49,130.21,126.75,127.88,1158085,0.0
2019-11-21,128.58,129.79,125.62,127.63,1147125,0.0
2019-11-24,128.39,129.66,127.43,128.73,1005466,0.0
2019-11-25,129.66,131.525,129.01,130.32,1319923,0.0
2019-11-26,130.02,131.105,127.86,129.92,956508,0.0
2019-11-28,130,131.55,129.3767,129.8,501169,0.0
2019-12-01,129.24,129.295,118.85,121.84,2587626,0.0
2019-12-02,118.46,125.17,117.6318,124.78,1356801,0.0
2019-12-03,125.89,126.39,120.21,121.83,1469987,0.0
2019-12-04,121.14,123.0778,118.81,119.17,1594432,0.0
2019-12-05,119.36,121.4,116.59,118.31,3405279,0.0
2019-12-08,118.29,122.25,118.07,121.09,1931704,0.0
2019-12-09,121.5,122.4411,118,119.56,1705030,0.0
2019-12-10,120.46,120.46,115.12,117.59,1380022,0.0
2019-12-11,117.75,117.85,112.59,113.25,1794443,0.0
2019-12-12,113.88,117.22,113.85,116.69,1237815,0.0
2019-12-15,116.99,117.8,115.14,116.21,1488266,0.0
2019-12-16,116.89,116.89,113.89,114.07,1124518,0.0
2019-12-17,114.64,116.8499,114.27,115.4,1003065,0.0
2019-12-18,115.83,116.24,113.79,115.75,952113,0.0
2019-12-19,116.25,117.93,115.74,116.12,1016790,0.0
2019-12-22,116.68,118.92,116.3106,118.09,989046,0.0
2019-12-23,118.09,120.1789,117.48,118.98,585821,0.0
2019-12-25,120.32,122.3699,120,120.39,989762,0.0
2019-12-26,121.46,121.79,118.5,119.9,1095709,0.0
2019-12-29,118.94,119.0975,112.51,114.28,1819513,0.0
2019-12-30,113.21,115.52,112.8511,115.37,839667,0.0
2020-01-01,116.75,118.255,115.82,117.31,934069,0.0
2020-01-02,114.6935,118.55,114.27,118.275,843776,0.0
2020-01-05,116.94,123.63,116.52,123.42,1726471,0.0
2020-01-06,123.9,125.39,122.21,122.89,1105081,0.0
2020-01-07,123.31,126.71,122.89,125.5,1071833,0.0
2020-01-08,127.36,129.52,125.7,128.52,1253934,0.0
2020-01-09,128.52,131.84,128.5,129.39,1177514,0.0
2020-01-12,130.07,132.9084,129.8,131.2,1019003,0.0
2020-01-13,131.16,131.75,128.59,129.1,1027248,0.0
2020-01-14,130,132.48,128.09,128.65,1098865,0.0
2020-01-15,130.17,130.93,126.71,128.4,1159040,0.0
2020-01-16,128.34,128.97,124.09,125.71,1286642,0.0
2020-01-20,125.92,127.91,124.72,125.28,2164797,0.0
2020-01-21,127.01,129,124.89,125.08,1539597,0.0
2020-01-22,126.09,127.92,124.35,127.84,1490401,0.0
2020-01-23,129.34,132.11,127.02,129.74,2385903,0.0
2020-01-26,126.49,128.58,124.59,125.78,1101387,0.0
2020-01-27,126.8,128.87,125.11,127.49,881474,0.0
2020-01-28,129,131.67,128.5,129,1239087,0.0
2020-01-29,129.14,134.21,128.71,132.94,1765808,0.0
2020-01-30,133.01,134,127.07,128.05,1253521,0.0
2020-02-02,128.75,129.51,126.45,129.35,947281,0.0
2020-02-03,130.65,135.25,130.2425,134.75,1362556,0.0
2020-02-04,135.01,135.4965,127.75,129.57,1715994,0.0
2020-02-05,130.45,130.96,124.8012,130.09,1210162,0.0
2020-02-06,130.26,132.93,129.4,132.79,1003472,0.0
2020-02-09,132.6,135.9,132.32,135.84,1051126,0.0
2020-02-10,136.5,138.85,134.1401,137.27,1042726,0.0
2020-02-11,137.18,138.9699,134.8,137.72,1267404,0.0
2020-02-12,137.25,138.71,135.18,135.2,1030370,0.0
2020-02-13,136,139.1091,135.505,137.03,1144272,0.0
2020-02-17,137,138,134.755,137.89,869473,0.0
2020-02-18,138.65,142.98,138.5,139.5,1414118,0.0
2020-02-19,139.5,141.24,134.41,138.52,1586816,0.0
2020-02-20,137.06,137.94,131.58,133.59,1366020,0.0
2020-02-23,123.91,128,120.28,126.79,2156551,0.0
2020-02-24,129.44,130.22,122.2,122.97,1716555,0.0
2020-02-25,124.05,129.36,123.53,127.96,1634479,0.0
2020-02-26,124.46,127.37,119.62,123.91,2072048,0.0
2020-02-27,118.69,129.2,118.58,128.13,2150460,0.0
2020-03-01,130.05,133.64,126.68,133.44,1548315,0.0
2020-03-02,133.91,137.84,128.09,131.31,2046024,0.0
2020-03-03,131,134.09,129.59,131.275,1883136,0.0
2020-03-04,129.9,132.94,127.48,129.05,2852796,0.0
2020-03-05,129.15,133.88,121.38,125.99,4556634,0.0
2020-03-08,113.59,120.28,112.2,114.86,2454279,0.0
2020-03-09,118.53,120,110.2495,119.21,2395393,0.0
2020-03-10,116.54,119.2,111.03,114.77,4977544,0.0
2020-03-11,104.62,111.97,96.31,106.08,3798331,0.0
2020-03-12,110.3,111.11,101.73,107.02,2127625,0.0
2020-03-15,95.24,103.185,88.66,96.11,7289356,0.0
2020-03-16,97.37,113.65,96.27,109.18,3443585,0.0
2020-03-17,101.01,119.26,98.3,102.06,4381494,0.0
2020-03-18,105.63,117,99.52,113.96,5398942,0.0
2020-03-19,115.45,124.8,114.8,115.45,2421063,0.0
2020-03-22,115.2,121.06,111.69,118.4,2616672,0.0
2020-03-23,122.9,126.18,119.37,123.97,2245427,0.0
2020-03-24,124.51,127.99,116.95,117.73,1935981,0.0
2020-03-25,117.34,124.69,116.97,123.3,1682777,0.0
2020-03-26,120.63,126.35,116.01,121.02,1741251,0.0
2020-03-29,122.26,125.805,120,124.94,3267658,0.0
2020-03-30,123.14,128.29,121.53,122.26,1925125,0.0
2020-03-31,116.5,124.94,116.5,119.55,2522653,0.0
2020-04-01,119.43,120.59,112.5,115.96,2094306,0.0
2020-04-02,116.13,119.8416,114.28,119.1,1996411,0.0
2020-04-05,123,128.2,121.495,128.12,4093502,0.0
2020-04-06,130.01,132,123.495,125.54,4523040,0.0
2020-04-07,127.94,129.28,125.34,127.52,1080383,0.0
2020-04-08,129.14,133.44,128,130.97,2264946,0.0
2020-04-12,132.01,134.6999,130.38,134.31,2961368,0.0
2020-04-13,137.82,141.38,136,139.72,4459354,0.0
2020-04-14,137.08,145.6299,135.8,142.47,6223595,0.0
2020-04-15,142.39,149.01,142,147.27,7386628,0.0
2020-04-16,148,149.65,145.2,148.12,3510743,0.0
2020-04-19,147.49,153.74,146.705,152.26,8504402,0.0
2020-04-20,152,154.975,142.15,148.42,8013582,0.0
2020-04-21,150.57,154.01,148.08,151.34,2739726,0.0
2020-04-22,150.51,154.21,148.89,152.01,4846821,0.0
2020-04-23,153.26,156.41,150.08,155.34,4168536,0.0
2020-04-26,157.25,158.94,151.72,151.97,3149804,0.0
2020-04-27,153,153.53,145.58,147.66,1584678,0.0
2020-04-28,148.99,151.2934,147.89,149.575,1192170,0.0
2020-04-29,149.15,153.65,148.31,151.31,2254820,0.0
2020-04-30,148.69,151.15,147.24,148.86,873156,0.0
2020-05-03,148.31,154.9,148.31,154.6,1706618,0.0
2020-05-04,155.34,161.6849,155.04,158.62,1237886,0.0
2020-05-05,160.2,166.3499,159.5,164.44,2092054,0.0
2020-05-06,165.81,171.64,165.51,170.27,3002398,0.0
2020-05-07,171,175.7,167.6,169.38,1726663,0.0
2020-05-10,169.45,176.39,168.725,174.49,2902990,0.0
2020-05-11,175,178.59,170.27,173.71,1332098,0.0
2020-05-12,175.19,180.99,171.11,177.37,3819960,0.0
2020-05-13,175.07,179.89,173.43,177.5,2477546,0.0
2020-05-14,177.16,183.19,176.25,181.56,2455108,0.0
2020-05-17,183.64,185.91,178.5,179.25,1468806,0.0
2020-05-18,179.43,183.96,178.81,180.7672,947470,0.0
2020-05-19,184.19,188.45,183.385,187.72,2859368,0.0
2020-05-20,189.75,191.42,184.2,187.91,1034564,0.0
2020-05-21,188,192.95,187.27,192.43,1225740,0.0
2020-05-25,196.57,196.9,183.67,184.1,2242264,0.0
2020-05-26,180,180.2883,166.65,179.36,2919200,0.0
2020-05-27,177.94,190.13,177.56,184.36,5862902,0.0
2020-05-28,184.32,196.79,184,195.58,4311073,0.0
2020-05-31,195.56,205.71,193.2957,204.58,2455721,0.0
2020-06-01,204,204.335,195.52,199.72,4490242,0.0
2020-06-02,200,201.33,193.15,195.085,1548654,0.0
2020-06-03,194.82,197.6999,184.6,186.28,4456596,0.0
2020-06-04,184.25,186.29,177.2264,180.6,4514100,0.0
2020-06-07,180.2,185.5599,177.38,185.11,3524224,0.0
2020-06-08,187.01,187.99,179.86,180.08,4981990,0.0
2020-06-09,179.1,182.73,173.06,181.46,4031035,0.0
2020-06-10,179.77,186.49,177,178.85,5519356,0.0
2020-06-11,182.61,184.39,179.11,179.11,643869,0.0
2020-06-14,180.6,188,179.75,187.51,2335786,0.0
2020-06-15,189.41,189.595,181.4,188.1,2210585,0.0
2020-06-16,190.52,194.52,188.6475,194.32,1818952,0.0
2020-06-17,195,200.48,194.49,196.31,3996609,0.0
2020-06-18,198.8,201.1,196.0885,197.875,3560028,0.0
2020-06-21,199.65,201.94,196.17,199.2,1614795,0.0
2020-06-22,200.25,201.31,194.0266,195.62,1461568,0.0
2020-06-23,195.62,199.385,192.71,195.78,1400691,0.0
2020-06-24,196,204.23,190.65,204.22,2550504,0.0
2020-06-25,203.38,206.089,197.34,203.33,2215491,0.0
2020-06-28,203.4,203.4399,192.54,199.85,1678261,0.0
2020-06-29,195,202.5751,193.06,200.03,1496505,0.0
2020-06-30,199.02,212.015,196.59,211.07,2368707,0.0
2020-07-01,210.42,211.88,204.8,207.78,1950727,0.0
2020-07-05,211.01,213.19,203.84,207.03,2138412,0.0
2020-07-06,206.25,211.34,204.94,207.34,1627358,0.0
2020-07-07,209.74,219.99,209.51,219.78,2260224,0.0
2020-07-08,221.8,224.9,216.2258,223.19,1685721,0.0
2020-07-09,222.13,222.344,216.93,218.65,1119270,0.0
2020-07-12,221.335,221.5,199.2,200.01,3479606,0.0
2020-07-13,197.35,207.53,193.71,206.67,2690884,0.0
2020-07-14,205.89,205.89,198.65,204.04,2051261,0.0
2020-07-15,202.32,203.86,197.58,202.68,987145,0.0
2020-07-16,204.27,207.77,200.355,207.38,1099104,0.0
2020-07-19,207.66,213.91,204.0401,213.23,1819609,0.0
2020-07-20,215,215.5,209.3,211.45,1065213,0.0
2020-07-21,212.75,216.03,208.79,210.82,698199,0.0
2020-07-22,212.21,218.45,205.8561,206.81,772585,0.0
2020-07-23,202.57,208.95,199.102,205.68,874628,0.0
2020-07-26,208.74,211,203.82,205.87,918434,0.0
2020-07-27,206.32,208,203.445,205.67,677654,0.0
2020-07-28,209.16,213.41,207.39,211.1,825980,0.0
2020-07-29,210.51,222.27,209.56,219.31,1630003,0.0
2020-07-30,222,222.5899,214.44,220.93,885817,0.0
2020-08-02,221.69,223.77,217.5,222.32,941228,0.0
2020-08-03,220.19,221.6,216.14,219.39,989598,0.0
2020-08-04,220,226.89,217.88,223.31,1253499,0.0
2020-08-05,223.43,223.6,213.295,217.34,986368,0.0
2020-08-06,213.45,214.29,203.61,208,1686375,0.0
2020-08-09,199.67,201.89,196.03,199.6,1871780,0.0
2020-08-10,198.6,203.34,193.71,196.18,1402022,0.0
2020-08-11,197.52,201.94,194.01,198.85,1102171,0.0
2020-08-12,200.17,205.1,200.17,202.57,1013549,0.0
2020-08-13,205,205,197.87,198.86,1073038,0.0
2020-08-16,200.1,202.2,195.28,199.52,1651512,0.0
2020-08-17,201.48,205.87,201.38,205.87,1187009,0.0
2020-08-18,208,209.98,202.31,204.96,909567,0.0
2020-08-19,205.29,212.9,204.51,210.925,940133,0.0
2020-08-20,212.13,213.5,206.12,208.09,914764,0.0
2020-08-23,211.24,211.5,202,205.02,918685,0.0
2020-08-24,205.45,209.66,203.375,209.62,862840,0.0
2020-08-25,216,226.08,215.5,224.17,1992473,0.0
2020-08-26,223.3,225,218,218.66,2084489,0.0
2020-08-27,212.32,217.42,207.1701,207.98,3833013,0.0
2020-08-30,210.1,215.75,209.54,215.36,1589382,0.0
2020-08-31,217.48,228.58,217.0367,224.49,2482398,0.0
2020-09-01,228.8624,231.29,221,230.59,2403231,0.0
2020-09-02,223.2535,226.43,207.21,208.81,3995729,0.0
2020-09-03,207.94,209.9499,191.91,203.43,2278489,0.0
2020-09-07,193.7731,203.83,193.51,197.14,1223354,0.0
2020-09-08,201.28,203.32,195.9238,200.59,1245378,0.0
2020-09-09,205.2,206.15,196.535,198.24,861006,0.0
2020-09-10,200.84,201.19,192.36,193.66,1181982,0.0
2020-09-13,196.68,196.98,192.9152,194.69,995289,0.0
2020-09-14,197.05,198.69,192.0024,193.36,955670,0.0
2020-09-15,194.27,196.9,191.265,193.2,1208773,0.0
2020-09-16,187.49,195.23,185.0476,195.08,1477178,0.0
2020-09-17,195.14,199.97,193.03,197.39,1220784,0.0
2020-09-20,195.66,206.7499,195,206.61,1067550,0.0
2020-09-21,207.68,212.16,202.67,211.67,1159071,0.0
2020-09-22,210.8,214.24,206.87,208,727606,0.0
2020-09-23,205,205.99,199.68,204.52,723565,0.0
2020-09-24,208.23,218.1457,208,216.2,1574056,0.0
2020-09-27,216,216.45,209.6,213.36,811380,0.0
2020-09-28,212.18,216,211.77,213.69,552979,0.0
2020-09-29,212.5,215.77,210.04,213.85,513930,0.0
2020-09-30,216,220.8,213.62,219.22,816577,0.0
2020-10-01,212.97,220.71,211.8,219.06,989988,0.0
2020-10-04,219.41,228,219,227.17,1377507,0.0
2020-10-05,226.5,235.38,226.355,232.49,1792662,0.0
2020-10-06,231.9,240.33,229.01,236.59,1706291,0.0
2020-10-07,236.6,239,232.6833,237.6297,1486946,0.0
2020-10-08,236.98,240,234.55,236.42,1006989,0.0
2020-10-11,240,246.51,239,245.75,1522096,0.0
2020-10-12,245.55,249.54,242.6,247.07,1047584,0.0
2020-10-13,246.9,251.18,240.5071,243.03,821147,0.0
2020-10-14,237.1534,247.8,235.01,246.44,779773,0.0
2020-10-15,248,248.05,243.23,244.03,623430,0.0
2020-10-18,245,248.44,240.37,241.67,557209,0.0
2020-10-19,242,245,230.695,231.69,1144309,0.0
2020-10-20,233.741,233.741,220.29,220.8,1069547,0.0
2020-10-21,222.32,223.6,215.785,216.55,1020408,0.0
2020-10-22,218.56,219.83,214.6906,219.53,1833841,0.0
2020-10-25,220.67,225.44,216.4101,219.2,906403,0.0
2020-10-26,223.01,224.3,219.735,221.37,646689,0.0
2020-10-27,221.88,223.435,216.5,221.26,812516,0.0
2020-10-28,223.68,226.19,217.02,218.36,852465,0.0
2020-10-29,218,219.06,207.39,209.82,853885,0.0
2020-11-01,210.005,212.43,200.62,203.88,1007898,0.0
2020-11-02,204.41,210.388,202.56,208.52,988899,0.0
2020-11-03,217.78,230,217.01,228.88,1573272,0.0
2020-11-04,232.99,234.28,226,233.27,1007057,0.0
2020-11-05,233.38,237.52,226.4,233.28,846745,0.0
2020-11-08,219.02,228.98,209.53,217.41,1352563,0.0
2020-11-09,218.38,218.85,203.42,213.16,1284040,0.0
2020-11-10,217.03,220.99,216.16,219.31,590730,0.0
2020-11-11,222.27,226.93,220.4458,224.5,546407,0.0
2020-11-12,224.54,226.89,218.5,221.38,519476,0.0
2020-11-15,214.6,224.903,214.015,222.77,681915,0.0
2020-11-16,224.17,229.18,223.2001,226.25,619797,0.0
2020-11-17,227.26,230.08,220.135,223.85,855939,0.0
2020-11-18,223.84,237.27,222.52,232.45,1077391,0.0
2020-11-19,237.98,241.9,232.61,232.64,1280300,0.0
2020-11-22,234.98,234.98,224.09,227.9,1675205,0.0
2020-11-23,230,231.79,226.3,229.57,909321,0.0
2020-11-24,230.75,239.7,230.75,238,823650,0.0
2020-11-26,240,241.97,235.17,236.04,841411,0.0
2020-11-29,239,246.64,236.525,245.01,1725285,0.0
2020-11-30,244.12,244.27,235.14,237,1383284,0.0
2020-12-01,234.69,235.095,227.3,230.13,1401458,0.0
2020-12-02,246.39,258.7528,239.3,242.23,4028619,0.0
2020-12-03,241.27,245.6,238.59,241.07,1196945,0.0
2020-12-06,243.769,247.87,240.01,246.07,972081,0.0
2020-12-07,245,254.07,244.9,251.12,985481,0.0
2020-12-08,249.15,249.86,230.0701,232.39,2536889,0.0
2020-12-09,231.93,250.32,231,247.79,2063418,0.0
2020-12-10,247.98,252.99,243.6501,252.34,1314072,0.0
2020-12-13,253.22,255.99,248.29,251.55,1600417,0.0
2020-12-14,253.5,266.24,252.4074,255.29,2023403,0.0
2020-12-15,255,262.42,252.21,259.93,1925820,0.0
2020-12-16,262.609,273.23,262,271.54,2113930,0.0
2020-12-17,274.7491,274.99,266.12,272.055,2194101,0.0
2020-12-20,271,278.99,269.33,275.53,1576761,0.0
2020-12-21,277.225,285.91,275,285.74,1523478,0.0
2020-12-22,287,287.35,272.27,272.27,1566820,0.0
2020-12-23,276.16,280.615,273.77,275.84,693187,0.0
2020-12-27,278.79,280,262.375,262.54,1440645,0.0
2020-12-28,265.78,267.13,258.42,261.61,1247780,0.0
2020-12-29,261.82,263.18,258.9,260.6,915893,0.0
2020-12-30,261.53,261.833,253.68,254.27,1339850,0.0
2021-01-03,257.35,259.59,246.03,250.615,1974741,0.0
2021-01-04,245.23,251.25,242.5,249.58,2388955,0.0
2021-01-05,241.84,246.5,238.8184,239.5,1503040,0.0
2021-01-06,244,251.69,243.255,250.58,1189662,0.0
2021-01-07,251.64,254.76,247.34,253.1,1356748,0.0
2021-01-10,251.4125,253.679,245.2,252.41,1200383,0.0
2021-01-11,254.58,257.99,253.1376,256.28,1077148,0.0
2021-01-12,260.33,262.05,255.41,256.6,960890,0.0
2021-01-13,260,262.68,255.71,259.005,908152,0.0
2021-01-14,260.99,263.82,251.52,252.99,1077748,0.0
2021-01-18,255.5196,262.29,253.51,260.85,969961,0.0
2021-01-19,265,265.3,259.36,264.1,923448,0.0
2021-01-20,265.99,266.1287,259.81,261.96,934883,0.0
2021-01-21,264.48,265.2112,259.88,264.1,956243,0.0
2021-01-24,267.95,270.99,255.5,263.36,1349112,0.0
2021-01-25,264.78,264.89,254.76,257.43,1281486,0.0
2021-01-26,253.44,257.3703,246.01,251.33,1274731,0.0
2021-01-27,251.13,261.55,250.51,258.64,930647,0.0
2021-01-28,254.92,260.3,252.66,259.25,901609,0.0
2021-01-31,260.71,267.3899,259,266.08,778460,0.0
2021-02-01,266.93,276.87,266.42,276.46,801130,0.0
2021-02-02,276,277.8,270.34,276.31,859846,0.0
2021-02-03,277.69,284,276.45,283.5,962360,0.0
2021-02-04,282.27,284.37,278.74,282.95,628492,0.0
2021-02-07,283.29,286,280.0184,281.29,555200,0.0
2021-02-08,281.34,287.9548,279.33,279.89,1103937,0.0
2021-02-09,281,289.98,278.6,286.31,805233,0.0
2021-02-10,289.38,292.19,285.2507,286.43,597416,0.0
2021-02-11,286.8959,294,283.2032,291.87,674643,0.0
2021-02-15,292.235,292.5,281.33,284.79,747486,0.0
2021-02-16,279.45,284.6,275.1879,284.12,592629,0.0
2021-02-17,280.08,286.62,273.96,284.45,757040,0.0
2021-02-18,286.78,290.6,283.95,288.37,749858,0.0
2021-02-21,283,285.34,273.09,274.74,863738,0.0
2021-02-22,263.83,271.35,252,270.45,1266027,0.0
2021-02-23,267.99,270.66,259.4381,270.25,771305,0.0
2021-02-24,267.73,273.185,255.33,255.59,981474,0.0
2021-02-25,264.51,266.2094,255.26,261.45,1143147,0.0
2021-02-28,269.66,271.505,262.085,269.81,1060781,0.0
2021-03-01,274.11,280.0986,257.47,259.36,1307450,0.0
2021-03-02,256.42,258.92,238.5,241.22,2408335,0.0
2021-03-03,220,239.51,218,226.09,8816509,0.0
2021-03-04,228.5,228.51,199.0801,215.82,6780071,0.0
2021-03-07,217,220.8,207,208.51,2585018,0.0
2021-03-08,218.99,224.14,215.7982,219.99,2037927,0.0
2021-03-09,232.5,232.5,221.74,225.24,2386160,0.0
2021-03-10,234.43,244.5652,232.8212,239.1,2493484,0.0
2021-03-11,234.28,236.25,221.16,226.95,2460194,0.0
2021-03-14,226.41,228.75,222,228.71,1676235,0.0
2021-03-15,230.99,232.98,222.15,227.14,1841183,0.0
2021-03-16,224.32,229.81,218.55,224.89,1385509,0.0
2021-03-17,221.94,221.94,208.2,209.04,2403723,0.0
2021-03-18,210.15,215.16,208.51,213.53,1353647,0.0
2021-03-21,217.4,224.83,217,222.46,1573899,0.0
2021-03-22,225,228.55,221.59,225.74,1015211,0.0
2021-03-23,226,227.97,217.64,218.56,1535378,0.0
2021-03-24,215,221.35,212.1465,217.61,1141190,0.0
2021-03-25,218,218.26,206.535,212.43,1683872,0.0
2021-03-28,212.01,217.74,210.93,215.99,1489233,0.0
2021-03-29,212,215.18,208.9,213.74,1538624,0.0
2021-03-30,216.7,225.29,215.8001,220.44,1252693,0.0
2021-03-31,225.99,232.75,225.665,229.67,1704776,0.0
2021-04-04,231.05,231.94,226.45,226.7,1086107,0.0
2021-04-05,226.28,232.07,224.61,228.82,1256347,0.0
2021-04-06,228.99,228.99,220.14,222.51,1669461,0.0
2021-04-07,227.7,242.88,227.3201,238.5,3902406,0.0
2021-04-08,241.3,246.42,235.765,244.27,2388501,0.0
2021-04-11,241.24,251.85,240.7901,248.98,1945455,0.0
2021-04-12,251.99,267.21,251.92,265.28,2571451,0.0
2021-04-13,264.95,268.14,258.77,260.21,1744423,0.0
2021-04-14,263.64,276.98,262.7,274.32,2073216,0.0
2021-04-15,273.71,273.8,264.68,269.94,1869397,0.0
2021-04-18,268.47,274.14,263.8,266.02,980245,0.0
2021-04-19,263.68,268.81,261.24,266.1,891050,0.0
2021-04-20,262.32,277.07,260.6,274.57,1831247,0.0
2021-04-21,275.6,287.44,274.24,274.95,2499840,0.0
2021-04-22,276.44,282.73,276.38,279.09,1022366,0.0
2021-04-25,278.34,285.735,277.892,285.28,745139,0.0
2021-04-26,284,286.26,279.5701,282.98,786029,0.0
2021-04-27,282.68,285.09,278.1586,281.84,773018,0.0
2021-04-28,283.27,283.27,271,273.54,1487846,0.0
2021-04-29,269.8,276.775,268.11,269.6,1073404,0.0
2021-05-02,269.95,270.4599,255.54,255.92,1860651,0.0
2021-05-03,250.3,250.61,235.38,244.07,3036554,0.0
2021-05-04,246.98,249.3795,240.38,242.08,921539,0.0
2021-05-05,241.29,241.54,230.43,234.35,2245310,0.0
2021-05-06,242,245.28,235.5418,237.15,1341238,0.0
2021-05-09,235.18,236.54,228.9,230.69,1317044,0.0
2021-05-10,219.45,240.53,218.55,237.935,2338263,0.0
2021-05-11,233.4,234.75,221.4694,225.87,2336540,0.0
2021-05-12,229.76,234.28,218.63,221.97,1831489,0.0
2021-05-13,227.64,231.3,223.28,229.24,1371550,0.0
2021-05-16,226.78,230.63,222.045,224.94,1395918,0.0
2021-05-17,227.77,232.2549,224.89,227.33,1226993,0.0
2021-05-18,222.7,230,221.1,228.5,1032808,0.0
2021-05-19,230.5,234.55,229.18,234.04,1205729,0.0
2021-05-20,238.98,243.19,238.09,238.31,1637128,0.0
