Date,Open,High,Low,Close,Volume,OpenInterest
2017-06-01,59.57,59.57,58.32,59.27,1982004,0.0
2017-06-04,59.32,59.9,59.13,59.6,1199635,0.0
2017-06-05,59.42,59.58,59.03,59.06,853133,0.0
2017-06-06,59.27,59.4,59.03,59.3,685966,0.0
2017-06-07,59.26,59.35,58.66,58.91,852770,0.0
2017-06-08,58.98,59.25,58.43,58.56,1324134,0.0
2017-06-11,58.44,59.98,58.23,59.64,2042066,0.0
2017-06-12,59.48,60.57,59.48,60.51,1413572,0.0
2017-06-13,60.47,60.7101,59.885,60.09,1675824,0.0
2017-06-14,59.92,60.8,59.82,60.74,1398161,0.0
2017-06-15,60.76,61.115,60.21,61.1,2049096,0.0
2017-06-18,61.57,61.57,60.91,61.13,1413406,0.0
2017-06-19,60.32,60.59,59.91,60.02,1516586,0.0
2017-06-20,59.96,60.2,59.73,59.93,864395,0.0
2017-06-21,60.06,60.06,59.105,59.39,1280369,0.0
2017-06-22,59.26,59.47,59.1,59.23,1728008,0.0
2017-06-25,59.53,59.65,59.105,59.25,2042472,0.0
2017-06-26,59.19,59.35,58.5,58.62,2611631,0.0
2017-06-27,57.5,58,56.56,57.66,4467111,0.0
2017-06-28,57.5,57.66,56.51,56.68,2654059,0.0
2017-06-29,57.29,57.33,56.63,56.93,2202252,0.0
2017-07-02,56.48,57.13,56.37,56.53,1092765,0.0
2017-07-04,56.77,57.57,56.35,57.49,2152819,0.0
2017-07-05,57.32,57.32,56.68,56.97,1573794,0.0
2017-07-06,57.16,57.7,56.89,57.42,1226269,0.0
2017-07-09,57.42,57.96,57.32,57.85,1426623,0.0
2017-07-10,57.67,57.68,56.57,56.6,1951147,0.0
2017-07-11,56.83,57.369,56.83,57.251,1296634,0.0
2017-07-12,57.2,57.49,57,57.21,1400727,0.0
2017-07-13,57.35,57.44,57.09,57.1,956602,0.0
2017-07-16,57.13,57.25,56.75,56.89,1029872,0.0
2017-07-17,56.76,57.05,56.63,56.77,1019514,0.0
2017-07-18,56.73,56.98,56.55,56.85,1578161,0.0
2017-07-19,56.86,57.34,56.82,57.19,1066163,0.0
2017-07-20,56.78,57.37,56.78,57.18,1323797,0.0
2017-07-23,57.14,57.23,56.835,56.95,817240,0.0
2017-07-24,57.05,57.66,57,57.42,1402750,0.0
2017-07-25,57.49,58.25,57.46,58.12,1609108,0.0
2017-07-26,58.03,61.37,57.87,60.14,5385480,0.0
2017-07-27,59.82,60.13,57.71,57.76,3302396,0.0
2017-07-30,57.81,58.35,57.71,57.85,2455324,0.0
2017-07-31,57.9,57.96,56.66,56.8,2267770,0.0
2017-08-01,56.53,56.875,56.16,56.56,1966156,0.0
2017-08-02,56.58,56.67,55.78,56.14,2012345,0.0
2017-08-03,56.37,56.405,55.87,56.07,1577780,0.0
2017-08-06,56.01,56.14,55.74,55.925,982870,0.0
2017-08-07,55.9,56.58,54.72,55.03,2729117,0.0
2017-08-08,54.84,55.07,54.43,54.91,1357932,0.0
2017-08-09,54.61,55.05,54.53,54.78,1731000,0.0
2017-08-10,54.9,54.92,54.2,54.245,1298782,0.0
2017-08-13,54.77,55.07,54.43,54.92,1556219,0.0
2017-08-14,55.04,55.78,54.82,55.6,2123890,0.0
2017-08-15,55.69,56.88,55.63,56.25,1965635,0.0
2017-08-16,56.17,56.36,54.925,54.99,1960787,0.0
2017-08-17,54.99,55.21,54.76,54.98,1360527,0.0
2017-08-20,54.91,55.81,54.86,55.78,1427448,0.0
2017-08-21,56.08,56.59,55.77,56.1,2104424,0.0
2017-08-22,55.95,56.08,55.63,55.77,766828,0.0
2017-08-23,55.8,55.9,55.46,55.56,987336,0.0
2017-08-24,55.77,56.45,55.61,56.22,735245,0.0
2017-08-27,56.38,56.52,56.04,56.5,831141,0.0
2017-08-28,56.27,56.63,56.08,56.6,977222,0.0
2017-08-29,56.59,56.85,56.12,56.62,865402,0.0
2017-08-30,56.81,57.1,56.5564,57.02,913180,0.0
2017-08-31,57.05,57.24,56.62,57.06,837400,0.0
2017-09-04,56.92,57.07,56.43,56.71,873728,0.0
2017-09-05,56.97,57.27,56.59,57.19,1006073,0.0
2017-09-06,57.09,57.27,56.9,57.01,881788,0.0
2017-09-07,56.93,57.225,56.82,56.89,984720,0.0
2017-09-10,57.13,57.5,57.09,57.33,903791,0.0
2017-09-11,57.56,58.79,57.5338,58.17,1844958,0.0
2017-09-12,58.08,58.36,57.83,58.05,752970,0.0
2017-09-13,57.72,57.85,57.2306,57.51,1165228,0.0
2017-09-14,57.53,57.95,57.36,57.86,1318333,0.0
2017-09-17,57.86,58.13,57.66,58.07,462222,0.0
2017-09-18,58.13,58.29,57.91,58.07,741364,0.0
2017-09-19,58,58.65,58,58.52,973719,0.0
2017-09-20,58.58,58.7,58.09,58.18,982522,0.0
2017-09-21,58.22,59.84,58.22,59.75,2241518,0.0
2017-09-24,59.52,60.05,59.5,60.04,1767152,0.0
2017-09-25,60.26,60.29,59.77,59.94,1494757,0.0
2017-09-26,60.17,60.5,59.995,60.34,1062792,0.0
2017-09-27,59.82,60.41,59.82,60.26,1009776,0.0
2017-09-28,60.17,60.65,59.86,59.96,1350108,0.0
2017-10-01,59.95,60.16,59.34,59.81,3794148,0.0
2017-10-02,62,62.92,61.02,61.99,6792451,0.0
2017-10-03,62.08,63.06,61.95,62.61,2619217,0.0
2017-10-04,63.04,63.31,62.4,63.25,1905427,0.0
2017-10-05,63.15,63.68,62.9,63.62,2600971,0.0
2017-10-08,63.62,64,63.52,63.65,2191994,0.0
2017-10-09,63.84,64.08,63.34,63.71,1897857,0.0
2017-10-10,63.72,63.74,63.26,63.48,1614580,0.0
2017-10-11,63.45,64.44,63.3461,64.41,1501287,0.0
2017-10-12,64.39,64.75,63.74,63.75,1666313,0.0
2017-10-15,63.71,63.89,63.22,63.45,832856,0.0
2017-10-16,63.48,63.63,62.86,62.91,1323922,0.0
2017-10-17,62.95,63.37,62.94,63.03,601701,0.0
2017-10-18,62.85,63.6,62.79,63.51,949170,0.0
2017-10-19,63.64,64.11,63.48,64.04,1078557,0.0
2017-10-22,64.09,64.58,64.06,64.34,1142731,0.0
2017-10-23,64.6,64.66,63.78,63.89,1320767,0.0
2017-10-24,63.73,64.11,63.32,64.08,1544823,0.0
2017-10-25,64.42,64.84,64.23,64.58,1066743,0.0
2017-10-26,64.55,65.62,64.23,65.39,2068102,0.0
2017-10-29,65.4,65.54,64.36,64.48,2009582,0.0
2017-10-30,64.01,64.11,63.51,63.8,1058622,0.0
2017-10-31,63.87,64.28,63.56,64.14,1304428,0.0
2017-11-01,64.32,64.67,63.54,64.54,1564668,0.0
2017-11-02,64.42,64.43,63.93,63.98,1326050,0.0
2017-11-05,63.7,64.07,63.48,64.01,896725,0.0
2017-11-06,64.13,64.38,63.82,64.28,1105630,0.0
2017-11-07,64.15,64.6,64.09,64.55,766297,0.0
2017-11-08,64.12,64.9,64.12,64.77,1339614,0.0
2017-11-09,64.61,64.67,64.35,64.57,943473,0.0
2017-11-12,64.54,65.245,64.34,65.11,1426215,0.0
2017-11-13,64.71,65.54,64.53,65.37,1289471,0.0
2017-11-14,65.34,65.81,64.46,64.59,1472860,0.0
2017-11-15,64.87,66.31,64.78,65.63,1379759,0.0
2017-11-16,65.43,65.49,64.65,64.92,983148,0.0
2017-11-19,64.98,65.28,64.75,65.18,1073256,0.0
2017-11-20,65.28,65.39,65,65.13,1180732,0.0
2017-11-21,65.21,65.31,64.63,64.69,688681,0.0
2017-11-23,64.6,64.89,64.4201,64.695,418813,0.0
2017-11-26,64.64,64.86,64.285,64.66,893920,0.0
2017-11-27,64.85,65.8,64.8,65.8,1154030,0.0
2017-11-28,65.78,66.93,65.39,66.56,2626971,0.0
2017-11-29,66.65,67.88,66.43,67.31,1582558,0.0
2017-11-30,66.9,67.26,65.89,66.87,1901051,0.0
2017-12-03,67.56,68.56,67.38,67.6,1979859,0.0
2017-12-04,67.71,68.52,67.62,67.94,2161802,0.0
2017-12-05,68.02,68.67,67.85,68.43,1396093,0.0
2017-12-06,68.28,68.75,68.22,68.54,1322274,0.0
2017-12-07,68.94,69.14,68.44,69.01,1033600,0.0
2017-12-10,68.85,69.26,68.74,69.02,1103961,0.0
2017-12-11,68.9,69.13,68.63,68.73,731361,0.0
2017-12-12,68.9,69.12,68.48,68.81,1190106,0.0
2017-12-13,68.9,68.9937,68.31,68.34,776447,0.0
2017-12-14,68.89,70.17,68.51,69.78,2036331,0.0
2017-12-17,70.09,70.3,69.65,70.24,1205264,0.0
2017-12-18,70.35,70.39,69.25,69.26,1205167,0.0
2017-12-19,70,70,69.04,69.2,1279335,0.0
2017-12-20,67.38,68.75,66.92,68.64,3469992,0.0
2017-12-21,68.78,69.74,68.16,68.27,2531809,0.0
2017-12-25,68.24,68.92,68.06,68.85,1344390,0.0
2017-12-26,69.06,69.06,68.35,68.4,701021,0.0
2017-12-27,68.71,68.73,67.98,68.34,695888,0.0
2017-12-28,67.9,68.45,67.9,68.08,631351,0.0
2018-01-01,68.34,68.34,67.16,67.3,1535898,0.0
2018-01-02,67.45,68.68,67.23,68.25,1728059,0.0
2018-01-03,68.35,69.12,68.35,68.92,924575,0.0
2018-01-04,69.21,69.2614,68.42,68.69,1242935,0.0
2018-01-07,68.5,68.57,68,68.26,1506519,0.0
2018-01-08,67.7,68.6,67.51,67.82,2237157,0.0
2018-01-09,67.66,67.92,67.12,67.54,1429483,0.0
2018-01-10,67.51,67.51,66.29,66.86,1698106,0.0
2018-01-11,66.99,67.89,66.6201,67.63,1463120,0.0
2018-01-15,67.92,68.48,67.75,68.25,1824450,0.0
2018-01-16,68.71,69.85,68.41,69.62,1907102,0.0
2018-01-17,69.61,69.92,68.65,68.92,1211008,0.0
2018-01-18,68.89,69.7,68.7501,69.49,1479167,0.0
2018-01-21,69.62,70.15,69.23,69.7,1081107,0.0
2018-01-22,69.69,73.1,69.1,69.99,5763180,0.0
2018-01-23,70.11,70.1533,67.95,68,2465339,0.0
2018-01-24,68.22,68.7,67.63,68.62,1338503,0.0
2018-01-25,68.93,70.24,68.6,70.01,1115898,0.0
2018-01-28,69.81,69.88,68.74,68.83,809437,0.0
2018-01-29,68.67,69.27,68.14,68.56,890756,0.0
2018-01-30,68.61,68.8,67.7948,68.26,1108505,0.0
2018-01-31,68.09,68.49,66.77,67.03,2054901,0.0
2018-02-01,66.65,67.45,66.51,66.6,2516646,0.0
2018-02-04,66.42,67.36,64.5,64.52,2453424,0.0
2018-02-05,63.3,64.49,62.57,64.23,2682052,0.0
2018-02-06,63.9,65.9457,63.68,64.735,1877179,0.0
2018-02-07,64.6,64.6,61.8,61.85,2183173,0.0
2018-02-08,62.59,64.61,62.03,64.12,2452804,0.0
2018-02-11,64.58,65.05,64.21,64.7,1468555,0.0
2018-02-12,64.3,64.89,64,64.64,778694,0.0
2018-02-13,64.27,65.53,63.93,65.36,978364,0.0
2018-02-14,65.92,66.47,65.31,66.47,1231944,0.0
2018-02-15,66.48,67.4,66.48,66.8,1323531,0.0
2018-02-19,66.67,66.9,65.3,65.41,1529346,0.0
2018-02-20,65.64,66.24,65.08,65.08,1078718,0.0
2018-02-21,65.32,65.83,64.88,65.04,801541,0.0
2018-02-22,65.53,66.49,65.21,66.47,826522,0.0
2018-02-25,66.52,66.92,66.41,66.83,1172523,0.0
2018-02-26,67.03,67.87,65.92,65.92,1229732,0.0
2018-02-27,66.4,66.715,65.11,65.13,1275757,0.0
2018-02-28,63.65,65.73,63.09,63.54,1940558,0.0
2018-03-01,63.24,63.95,63,63.77,1045559,0.0
2018-03-04,63.35,65.23,63.33,65.03,1124308,0.0
2018-03-05,65.24,65.24,64.36,65.09,820897,0.0
2018-03-06,64.68,65.089,64.34,64.82,988702,0.0
2018-03-07,65.06,65.82,64.97,65.39,1543046,0.0
2018-03-08,65.5,66.7,65.47,66.52,1018669,0.0
2018-03-11,66.67,66.93,66.31,66.51,669035,0.0
2018-03-12,66.96,67.46,66.34,66.71,1125044,0.0
2018-03-13,66.99,66.99,65.57,65.9,998098,0.0
2018-03-14,65.97,66.74,65.71,66.4,787844,0.0
2018-03-15,66.5,66.67,65.94,66.15,1362104,0.0
2018-03-18,65.77,66.26,64.73,65.34,1001599,0.0
2018-03-19,65.69,65.95,65.35,65.52,1054194,0.0
2018-03-20,65.51,66.29,65.26,65.56,2172741,0.0
2018-03-21,65.11,65.25,63.45,63.49,1749054,0.0
2018-03-22,63.51,63.87,61.571,61.74,3246195,0.0
2018-03-25,63.4,64.58,59.95,61.21,5542308,0.0
2018-03-26,61.21,61.54,59.36,59.84,2878229,0.0
2018-03-27,59.92,60.91,59.4,60.6,2647169,0.0
2018-03-28,60.88,62.15,60.57,61.58,2279472,0.0
2018-04-01,61.5,61.69,59.65,60.31,2269443,0.0
2018-04-02,60.74,61.14,60.07,61.04,1360616,0.0
2018-04-03,60.44,62.02,60.07,61.8,1165524,0.0
2018-04-04,62.25,62.45,61.77,62.15,742338,0.0
2018-04-05,61.72,61.98,60.27,60.72,1041768,0.0
2018-04-08,61.05,62.0245,60.75,60.95,993435,0.0
2018-04-09,61.82,62.489,61.57,61.96,1136497,0.0
2018-04-10,61.36,61.97,61.11,61.68,945066,0.0
2018-04-11,61.93,61.98,61.4,61.65,888156,0.0
2018-04-12,62,62.18,61.26,61.48,797642,0.0
2018-04-15,61.93,62.48,61.5,62.22,763531,0.0
2018-04-16,60.3269,61.7,60.3269,61.13,4571804,0.0
2018-04-17,61.29,61.41,60.925,61.02,2964075,0.0
2018-04-18,61.01,61.26,60.6562,60.93,2432904,0.0
2018-04-19,60.88,61.07,60.23,60.35,2332832,0.0
2018-04-22,60.5,60.63,59.56,59.84,2101112,0.0
2018-04-23,60.27,60.56,59.6376,59.96,2843763,0.0
2018-04-24,60.03,60.2132,59.55,60.01,2374948,0.0
2018-04-25,60.29,60.91,60.03,60.75,1121612,0.0
2018-04-26,60.82,61.92,60.6801,61.58,1622117,0.0
2018-04-29,61.89,61.92,60.56,60.58,1303644,0.0
2018-04-30,60.59,61.32,60.13,61.21,1126446,0.0
2018-05-01,61.45,62.09,60.71,60.82,3197025,0.0
2018-05-02,60.52,62.01,60.38,61.67,2217188,0.0
2018-05-03,61.36,62.61,61.16,62.42,1112941,0.0
2018-05-06,62.39,62.81,61.76,62.55,1445917,0.0
2018-05-07,61.55,61.92,61.29,61.58,995918,0.0
2018-05-08,61.75,62.37,61.51,62.21,1047978,0.0
2018-05-09,62.39,63.14,61.92,62.99,975851,0.0
2018-05-10,62.93,63.505,62.74,63.35,994765,0.0
2018-05-13,63.24,64,63.09,63.5,1510632,0.0
2018-05-14,63.31,64.32,62.975,64.27,2345005,0.0
2018-05-15,64.35,65.29,64.1465,64.96,1659589,0.0
2018-05-16,64.82,65.13,64.19,64.43,1500087,0.0
2018-05-17,64.49,65.12,64.13,64.82,1053038,0.0
2018-05-20,65.13,65.32,64.81,65.12,1012835,0.0
2018-05-21,65.27,65.63,64.89,65.42,1737966,0.0
2018-05-22,64.96,65.58,64.58,65.57,1218241,0.0
2018-05-23,65.64,65.9,65.04,65.87,1189360,0.0
2018-05-24,65.86,66.36,65.8,65.9,1011357,0.0
2018-05-28,65.48,66.01,65.1,65.62,916916,0.0
2018-05-29,65.89,66.34,65.38,65.95,1526913,0.0
2018-05-30,65.85,66.15,65.41,65.58,1021084,0.0
2018-05-31,65.98,66.59,65.93,66.48,857994,0.0
2018-06-03,66.46,67.03,66.46,66.84,1040474,0.0
2018-06-04,66.83,67.25,66.69,67.09,780736,0.0
2018-06-05,67.08,68.09,67.03,68.08,1100602,0.0
2018-06-06,67.96,68.11,67.2002,67.62,1434484,0.0
2018-06-07,67.42,68.25,67.19,68.18,2175467,0.0
2018-06-10,68.15,68.44,68,68.15,940543,0.0
2018-06-11,68.09,69.59,68.01,69.46,1284277,0.0
2018-06-12,69.41,69.83,68.86,69.5,1306706,0.0
2018-06-13,69.81,69.98,69.18,69.35,1074021,0.0
2018-06-14,69.26,69.9,68.61,69.78,1697820,0.0
2018-06-17,69.28,69.52,68.78,69.45,969756,0.0
2018-06-18,68.89,69.48,68.8473,69.46,1110663,0.0
2018-06-19,69.58,70.06,69.29,69.93,1626046,0.0
2018-06-20,69.76,70.16,69.49,69.73,1229548,0.0
2018-06-21,69.8,70.38,69.65,70.21,1324103,0.0
2018-06-24,69.83,70.11,68.68,69.69,1561425,0.0
2018-06-25,70,70.01,68.9,69,1891050,0.0
2018-06-26,69.26,69.26,66.65,66.86,3646967,0.0
2018-06-27,67.37,68.4,67.37,67.95,3836788,0.0
2018-06-28,67.74,69.15,67.31,68.36,3344317,0.0
2018-07-01,67.87,68.65,67.24,68.03,2439930,0.0
2018-07-02,68.18,68.84,67.62,67.77,1236581,0.0
2018-07-04,67.74,69.14,67.67,69.07,1844376,0.0
2018-07-05,69,69.84,68.9796,69.8,1980351,0.0
2018-07-08,70.33,70.33,69.65,69.96,1630276,0.0
2018-07-09,69.96,70.095,69.44,69.69,800648,0.0
2018-07-10,68.06,69.79,68.06,69.55,1138097,0.0
2018-07-11,70.13,70.42,69.8575,70.38,1197660,0.0
2018-07-12,70.28,70.62,70.08,70.55,1456409,0.0
2018-07-15,70.86,70.99,69.831,69.99,1647146,0.0
2018-07-16,69.74,70.57,69.74,70.46,1245272,0.0
2018-07-17,70.46,70.46,69.6,69.91,1023749,0.0
2018-07-18,69.82,70.65,69.72,70.48,967660,0.0
2018-07-19,70.44,70.92,70.13,70.54,854292,0.0
2018-07-22,70.48,70.98,70.42,70.85,959115,0.0
2018-07-23,71.15,71.25,70.72,71.22,1407059,0.0
2018-07-24,71.2,72.07,71.2,72,1241599,0.0
2018-07-25,72.21,72.51,71.43,71.69,1204058,0.0
2018-07-26,71.75,71.85,70.4555,70.93,1363284,0.0
2018-07-29,70.94,71.01,68.98,69.19,1513516,0.0
2018-07-30,68.98,69.085,68.37,69.03,1794539,0.0
2018-07-31,68.86,69.1275,68.1,68.675,1275118,0.0
2018-08-01,68.49,69.475,68.2,69.3,997463,0.0
2018-08-02,69.44,69.74,69.13,69.74,882186,0.0
2018-08-05,69.83,70.42,69.595,70.4,870921,0.0
2018-08-06,70.41,71.27,70.35,71.2,1166025,0.0
2018-08-07,71.03,71.23,70.89,71.1,760250,0.0
2018-08-08,71.23,71.67,71.12,71.26,549754,0.0
2018-08-09,70.9,71.44,70.86,71.03,723093,0.0
2018-08-12,71.25,71.7,70.91,71.165,1000772,0.0
2018-08-13,69.86,71.24,69.81,70.93,1332838,0.0
2018-08-14,70.51,71.23,70.31,71.15,1145028,0.0
2018-08-15,71.55,71.98,71.18,71.9,832209,0.0
2018-08-16,71.77,72.42,71.56,72.32,1093786,0.0
2018-08-19,72.5,72.69,71.74,72.34,962651,0.0
2018-08-20,72.66,72.99,72.36,72.52,1255089,0.0
2018-08-21,72.27,72.7,72.02,72.59,709710,0.0
2018-08-22,72.56,72.92,72.43,72.74,1031668,0.0
2018-08-23,72.99,73.04,72.32,72.98,785821,0.0
2018-08-26,73.25,73.4,72.51,72.63,623199,0.0
2018-08-27,70.83,72.83,70.83,72.4,747380,0.0
2018-08-28,72.29,72.97,72.16,72.9,712688,0.0
2018-08-29,72.53,73.13,72.53,72.86,694159,0.0
2018-08-30,71.86,73.36,71.86,73.24,798447,0.0
2018-09-03,73.16,73.225,72.29,73.08,985239,0.0
2018-09-04,73.07,73.9,72.79,73.83,1587417,0.0
2018-09-05,73.63,74.74,73.3504,74.61,1267099,0.0
2018-09-06,74.36,74.67,73.92,74.04,1034889,0.0
2018-09-09,74.92,74.92,73.94,74.22,763927,0.0
2018-09-10,74.1,74.61,74,74.55,647400,0.0
2018-09-11,74.48,74.51,73.73,74.11,719849,0.0
2018-09-12,74.66,74.81,74.38,74.64,936791,0.0
2018-09-13,74.83,74.83,74.285,74.38,579457,0.0
2018-09-16,74.38,74.54,74.02,74.23,874542,0.0
2018-09-17,74.36,74.85,74.34,74.63,716967,0.0
2018-09-18,74.64,74.7803,73.63,73.99,596659,0.0
2018-09-19,74.05,74.8,74.03,74.75,590516,0.0
2018-09-20,75.05,75.57,74.7,75.25,1734876,0.0
2018-09-23,74.71,74.98,74.23,74.55,952912,0.0
2018-09-24,74.81,75.73,72.79,73.73,4110870,0.0
2018-09-25,73.87,74.23,73.31,73.59,1130110,0.0
2018-09-26,73.6,74.345,73.37,73.45,768650,0.0
2018-09-27,73.52,73.81,73.41,73.65,1235833,0.0
2018-09-30,74.01,74.4496,73.45,73.72,1647186,0.0
2018-10-01,73.51,76.02,72.3,74.79,4573251,0.0
2018-10-02,75.01,75.02,72.92,73.2,2400023,0.0
2018-10-03,72.92,73.0037,71.6815,72.39,1848402,0.0
2018-10-04,72.47,73.29,72.02,72.93,1325191,0.0
2018-10-07,72.61,72.96,71.82,72.345,1419699,0.0
2018-10-08,72.55,73.49,72.21,72.51,1080924,0.0
2018-10-09,72.49,72.49,69.45,69.51,1623437,0.0
2018-10-10,69.5,69.9,67.13,67.53,2363853,0.0
2018-10-11,68.52,69.1511,67.37,68.25,2056730,0.0
2018-10-14,68.19,68.67,67.75,67.99,1238079,0.0
2018-10-15,68.56,69.125,68.21,68.88,2297370,0.0
2018-10-16,69.01,69.9,68.18,68.89,2641483,0.0
2018-10-17,68.95,69.63,67.96,68.03,2005798,0.0
2018-10-18,68.51,69.09,67.87,67.94,1502408,0.0
2018-10-21,68.25,68.44,67.53,67.55,1065598,0.0
2018-10-22,66.98,67.36,65.39,66.14,2221221,0.0
2018-10-23,66.1,66.3279,64.02,64.15,2428040,0.0
2018-10-24,64.86,65.26,63.94,64.92,2223754,0.0
2018-10-25,63.51,64.74,63.01,64,1934085,0.0
2018-10-28,64.8,65.22,62.89,63.93,1538194,0.0
2018-10-29,64.01,64.71,63.6925,64.64,1716248,0.0
2018-10-30,64.84,66.3,64.75,65.48,2257646,0.0
2018-10-31,65.43,65.69,64.74,64.98,1330899,0.0
2018-11-01,65.13,65.64,64.5765,65.5,1860103,0.0
2018-11-04,65.54,66.57,65.33,66.285,1987297,0.0
2018-11-05,66.29,67.23,66.29,67.18,1565260,0.0
2018-11-06,67.73,68.53,67.49,68.47,1424436,0.0
2018-11-07,68.58,69.27,68.39,68.99,1159615,0.0
2018-11-08,68.67,69.19,68.29,69,868091,0.0
2018-11-11,68.84,69.04,67.86,67.98,828140,0.0
2018-11-12,69.41,69.41,67.37,67.75,1232172,0.0
2018-11-13,67.89,68.87,66.6,66.73,2545221,0.0
2018-11-14,66.19,68.1,65.89,67.94,1595555,0.0
2018-11-15,67.81,69.03,67.33,68.85,1726517,0.0
2018-11-18,68.69,69.08,67.58,68.42,2019356,0.0
2018-11-19,68.09,68.2512,66.95,67.31,1665291,0.0
2018-11-20,67.67,67.95,66.76,67.35,1196821,0.0
2018-11-22,66.74,67.91,66.51,67.3,701419,0.0
2018-11-25,68.29,68.46,67.36,68.4,2125302,0.0
2018-11-26,68.13,69.18,67.85,69.16,1408202,0.0
2018-11-27,69.22,70.86,69.095,70.85,1685032,0.0
2018-11-28,70.32,70.61,69.84,69.92,1544862,0.0
2018-11-29,70.15,70.99,69.8002,70.78,1925715,0.0
2018-12-02,71.55,71.75,69.84,71.01,1565482,0.0
2018-12-03,70.91,71.2682,69.11,69.31,1907960,0.0
2018-12-05,68.1,69.3,67.235,69.14,1708751,0.0
2018-12-06,68.85,69.33,66.4,67.68,1389057,0.0
2018-12-09,67.7,68.44,66.79,68.11,1365043,0.0
2018-12-10,68.73,69.94,67.55,68.16,1503832,0.0
2018-12-11,69.22,69.405,68.08,68.13,1386162,0.0
2018-12-12,68.49,68.51,66.74,67.4,1771050,0.0
2018-12-13,66.9,67.12,65.7,65.9,1684894,0.0
2018-12-16,66.01,66.575,64.53,64.92,2748863,0.0
2018-12-17,65.25,65.77,63.95,64.34,2474307,0.0
2018-12-18,64.76,66.64,63.63,64.77,3382546,0.0
2018-12-19,64.52,65.71,63.53,64.96,3868759,0.0
2018-12-20,65.63,66.86,63.67,63.85,3948825,0.0
2018-12-23,63.48,63.7,61.62,61.64,1392171,0.0
2018-12-25,62.04,64.37,61.32,64.31,1954906,0.0
2018-12-26,63.44,65.2,62.86,65.2,1324418,0.0
2018-12-27,65.41,65.8327,64.44,64.63,1494833,0.0
2018-12-30,65.18,65.41,64.51,64.82,1137107,0.0
2019-01-01,64.08,65.28,63.3314,64.9799,1479351,0.0
2019-01-02,64.39,65.07,63.98,64.06,1514362,0.0
2019-01-03,65.14,66.42,64.86,66.19,1434935,0.0
2019-01-06,66,66.57,65.64,65.89,1166933,0.0
2019-01-07,66.71,66.85,65.49,66.33,1370813,0.0
2019-01-08,66.34,66.67,65.9359,66.28,1366588,0.0
2019-01-09,66.2,67.41,66.01,67.365,1216194,0.0
2019-01-10,67.15,67.45,66.6,67.235,1199793,0.0
2019-01-13,66.86,67.41,66.71,67.26,846956,0.0
2019-01-14,67.5,68.37,67.3,68.11,1177162,0.0
2019-01-15,68.26,68.69,67.97,68.48,1532203,0.0
2019-01-16,68.3,69.05,68.25,68.74,1318352,0.0
2019-01-17,69.52,70.07,68.89,69.79,1948055,0.0
2019-01-21,69.38,69.8,68.82,69.2,1094006,0.0
2019-01-22,69.64,69.9,68.98,69.77,1143414,0.0
2019-01-23,69.94,69.99,69.38,69.64,1423683,0.0
2019-01-24,70.28,70.51,69.75,70.37,1482268,0.0
2019-01-27,69.86,70.17,69.64,69.955,1473357,0.0
2019-01-28,70.16,70.22,69.4,69.7,1102932,0.0
2019-01-29,70,71.17,69.8,71.15,2131082,0.0
2019-01-30,70.58,70.96,70.13,70.865,2347147,0.0
2019-01-31,71.01,71.87,70.94,71.86,1542353,0.0
2019-02-03,72.01,72.57,71.33,72.37,3032339,0.0
2019-02-04,72.85,73.76,72.47,73.76,2500747,0.0
2019-02-05,73.59,73.8039,73.26,73.72,1906146,0.0
2019-02-06,72.96,73.68,72.85,73.675,1835088,0.0
2019-02-07,73.25,74.155,72.94,74.13,1035958,0.0
2019-02-10,74.41,74.5,73.865,74.06,1842239,0.0
2019-02-11,74.99,75.015,74.47,74.84,2159888,0.0
2019-02-12,75.06,75.29,74.84,75.235,1758023,0.0
2019-02-13,74.9,75.49,74.66,75.24,1310135,0.0
2019-02-14,75.73,76.01,75.57,75.87,2149055,0.0
2019-02-18,75.55,75.67,75.135,75.145,1442104,0.0
2019-02-19,74.89,75.33,74.5974,75.33,1262431,0.0
2019-02-20,75.2,75.595,74.79,75.35,1383188,0.0
2019-02-21,75.63,76.07,75.28,75.87,1463921,0.0
2019-02-24,76.41,76.4946,75.62,75.835,1184272,0.0
2019-02-25,75.74,76.31,75.7,76.07,981930,0.0
2019-02-26,75.8,76.54,75.59,76.54,1006954,0.0
2019-02-27,76.41,77.05,76.3,77.04,1305156,0.0
2019-02-28,77.36,77.57,77.04,77.42,1612040,0.0
2019-03-03,77.77,78,75.67,76.51,2100786,0.0
2019-03-04,76.63,77.24,76.45,77,1429584,0.0
2019-03-05,77.11,77.21,76.58,76.83,1146213,0.0
2019-03-06,76.71,76.925,76.02,76.2,2017251,0.0
2019-03-07,75.83,76.395,75.1,76.34,1286864,0.0
2019-03-10,76.61,77.58,76.52,77.52,1411858,0.0
2019-03-11,77.79,78.36,77.57,77.75,1525934,0.0
2019-03-12,78.07,78.87,77.94,78.28,1366460,0.0
2019-03-13,78.44,79,78.128,78.98,1228492,0.0
2019-03-14,79.13,79.54,79.015,79.24,911634,0.0
2019-03-17,79.28,79.56,78.66,79.32,1069720,0.0
2019-03-18,79.66,79.67,78.72,79.12,1194008,0.0
2019-03-19,78.94,79.15,78.15,78.4,1404761,0.0
2019-03-20,78.17,79.79,78.08,79.52,1294874,0.0
2019-03-21,79.29,79.51,78.4,78.45,2182815,0.0
2019-03-24,78.14,78.81,77.89,78.75,1395806,0.0
2019-03-25,79.3,80.17,79.15,80.11,2316144,0.0
2019-03-26,79.27,80.74,77.72,79.25,4037014,0.0
2019-03-27,79.41,79.7764,78.6,79.05,1982867,0.0
2019-03-28,79.65,80.37,79.16,80.22,2123244,0.0
2019-03-31,80.75,81.03,80.0772,80.93,633885,0.0
2019-04-01,80.89,81.06,80.39,81.01,1723639,0.0
2019-04-02,81.49,81.59,80.62,81.09,2402628,0.0
2019-04-03,81.26,81.29,80.05,80.39,1597103,0.0
2019-04-04,80.67,80.94,80.32,80.73,1446258,0.0
2019-04-07,80.73,80.93,79.97,80.81,1115831,0.0
2019-04-08,80.53,81.045,80.1,80.75,1098248,0.0
2019-04-09,80.68,81.29,80.67,81.13,816615,0.0
2019-04-10,81.39,81.49,81,81.36,928265,0.0
2019-04-11,81.64,82.205,81.26,82.16,804322,0.0
2019-04-14,82.17,82.48,81.93,82.37,753079,0.0
2019-04-15,82.64,82.64,81.365,81.59,1051999,0.0
2019-04-16,81.79,82.02,81.51,81.56,1040124,0.0
2019-04-17,82.12,82.12,81.1,81.59,937237,0.0
2019-04-21,81.32,81.6905,81.19,81.62,878245,0.0
2019-04-22,81.41,83.61,81.33,83.59,1360404,0.0
2019-04-23,83.65,84.02,83.3,83.46,1001389,0.0
2019-04-24,83.44,83.5,82.49,83.22,1324819,0.0
2019-04-25,83.56,83.83,82.98,83.78,844909,0.0
2019-04-28,83.73,84.09,83.5,83.6,855970,0.0
2019-04-29,83.71,84.39,82.84,84.31,1532156,0.0
2019-04-30,84.5,84.5,81.92,81.969,1996784,0.0
2019-05-01,81.98,83.11,81.83,82.78,2088448,0.0
2019-05-02,83.23,84.815,83.0745,84.61,1416441,0.0
2019-05-05,83.12,84.85,82.6853,84.68,1159258,0.0
2019-05-06,83.75,84.45,82.86,83.48,2010553,0.0
2019-05-07,83.4,84.485,83.15,84.21,1029743,0.0
2019-05-08,83.37,84.44,83.25,84.31,1865219,0.0
2019-05-09,84.04,85.17,83.064,85.07,1357832,0.0
2019-05-12,83.33,84.19,83.08,83.51,1939375,0.0
2019-05-13,82.98,84.83,82.94,84.2,1833590,0.0
2019-05-14,83.76,85.1797,83.74,85.03,1232439,0.0
2019-05-15,85.16,86.98,85.05,86.65,1317877,0.0
2019-05-16,86.12,86.85,85.78,86.27,1390404,0.0
2019-05-19,85.64,86.64,84.91,86.18,957342,0.0
2019-05-20,86.7,87.27,86.16,87.13,1038575,0.0
2019-05-21,86.96,87.74,86.88,87.16,936237,0.0
2019-05-22,86.37,86.59,85.57,86.06,1516107,0.0
2019-05-23,86.49,86.96,85.95,86.19,1169608,0.0
2019-05-27,86.52,87.15,85.971,86.15,1171683,0.0
2019-05-28,85.79,85.99,85.07,85.67,1302753,0.0
2019-05-29,85.65,86.39,85.15,86.23,1453371,0.0
2019-05-30,85.81,86.0646,85.1639,85.77,1246305,0.0
2019-06-02,85.95,86.47,83.97,84.42,1830827,0.0
2019-06-03,85.31,85.46,84.52,85.37,2249210,0.0
2019-06-04,86.12,86.52,85.68,86.44,2153660,0.0
2019-06-05,86.66,87.16,85.7,87.08,1210834,0.0
2019-06-06,87.52,88.29,87.39,87.59,1197111,0.0
2019-06-09,87.87,88.38,87.65,87.79,826280,0.0
2019-06-10,87.78,88.43,86.72,87.01,930028,0.0
2019-06-11,87.1,87.44,86.99,87.27,985152,0.0
2019-06-12,87.65,87.79,86.69,86.92,2383197,0.0
2019-06-13,86.95,87.05,86.55,86.66,1726354,0.0
2019-06-16,87.52,87.52,86.22,86.26,1068039,0.0
2019-06-17,86.98,87.47,86.59,86.87,1554558,0.0
2019-06-18,87.03,87.39,86.01,87.1,1320196,0.0
2019-06-19,87.74,88.15,87.26,87.55,1470487,0.0
2019-06-20,87.52,87.73,86.42,86.5,2114905,0.0
2019-06-23,86.67,86.88,86.15,86.18,1143079,0.0
2019-06-24,86.01,86.12,84.74,84.8,2107678,0.0
2019-06-25,84.02,84.27,81.27,81.78,5200849,0.0
2019-06-26,81.92,82.29,81.42,82.12,2960994,0.0
2019-06-27,82.11,82.34,81.6,82.29,3049125,0.0
2019-06-30,83.31,83.66,82.37,83.5,3391523,0.0
2019-07-01,83,85.03,81.7,83.63,3775055,0.0
2019-07-02,83.65,84.74,83.64,84.59,1267566,0.0
2019-07-04,84.05,85.42,83.5585,85.325,1789806,0.0
2019-07-07,85.03,85.32,84.69,84.86,1386855,0.0
2019-07-08,84.57,85.32,83.85,85.21,1498056,0.0
2019-07-09,85.34,85.96,85.3,85.46,1291938,0.0
2019-07-10,85.57,85.67,84.9342,85.34,1190415,0.0
2019-07-11,85.66,85.79,84.995,85.705,1305634,0.0
2019-07-14,85.91,85.9875,85.365,85.72,770104,0.0
2019-07-15,85.72,86.05,85.31,85.66,927303,0.0
2019-07-16,85.84,85.95,85.2,85.2,921631,0.0
2019-07-17,85.07,85.7,84.49,85.59,1161638,0.0
2019-07-18,85.9,86.15,84.53,84.57,1381628,0.0
2019-07-21,84.65,85.05,84.06,84.09,1461593,0.0
2019-07-22,84.44,84.96,83.65,84.63,1606285,0.0
2019-07-23,84.5,85.08,83.75,85.05,1417832,0.0
2019-07-24,85.1,85.58,84.56,85.42,1325382,0.0
2019-07-25,85.81,86.65,85.59,86.58,932300,0.0
2019-07-28,86.6,86.73,86.18,86.23,1086261,0.0
2019-07-29,85.83,86.74,85.75,86.15,1938820,0.0
2019-07-30,86.01,86.29,82.3,83.08,2505561,0.0
2019-07-31,83.12,84.47,82.8,83.88,1992654,0.0
2019-08-01,83.36,84.47,83,83.94,1483116,0.0
2019-08-04,82.73,83.06,80.36,80.87,2071629,0.0
2019-08-05,81.05,82.6,80.64,82.25,1924832,0.0
2019-08-06,81.23,82.59,80.66,82.25,1991146,0.0
2019-08-07,82.61,84.41,81.0107,84.41,1075946,0.0
2019-08-08,84.21,84.28,82.71,83.55,916106,0.0
2019-08-11,83.41,83.586,82.34,82.78,872182,0.0
2019-08-12,82.9,83.88,82.58,83.74,1066896,0.0
2019-08-13,82.68,82.95,80.97,81.08,1352590,0.0
2019-08-14,79.78,80.86,79.65,80.09,1866071,0.0
2019-08-15,80.82,81.665,80.6,81.47,1474300,0.0
2019-08-18,82.46,82.52,81.887,82.29,885164,0.0
2019-08-19,82.34,82.67,81.79,81.94,616162,0.0
2019-08-20,82.37,82.78,82.2,82.52,825603,0.0
2019-08-21,82.92,82.92,81.25,82.24,870252,0.0
2019-08-22,82.1,82.43,79.37,79.73,1346609,0.0
2019-08-25,80.51,80.75,79.655,80.46,1143699,0.0
2019-08-26,80.92,81.22,80.46,80.65,677959,0.0
2019-08-27,80.27,81.14,79.95,81.04,739001,0.0
2019-08-28,81.96,82.31,81.61,81.85,652653,0.0
2019-08-29,82.38,82.405,81.28,81.73,834054,0.0
2019-09-02,81.09,82.05,80.7,80.99,1253755,0.0
2019-09-03,81.75,82.49,81.62,82.4,1148790,0.0
2019-09-04,83.21,83.905,82.9,83.79,1360381,0.0
2019-09-05,83.88,84.49,83.85,84.06,648890,0.0
2019-09-08,84.3,84.47,81.13,81.82,1153017,0.0
2019-09-09,81.21,81.5,78.81,80.75,2303141,0.0
2019-09-10,80.74,81.4374,80.1,81.25,1489764,0.0
2019-09-11,81.72,82.72,81.54,81.7,1355490,0.0
2019-09-12,81.7,82.58,81.27,81.63,987463,0.0
2019-09-15,81.41,81.99,80.87,81.06,1038625,0.0
2019-09-16,81.51,82.57,81.5,82.55,952676,0.0
2019-09-17,82.56,82.87,81.575,82.78,902783,0.0
2019-09-18,82.85,83.63,82.372,82.5,941886,0.0
2019-09-19,82.58,83.49,82.46,82.54,2100034,0.0
2019-09-22,82.66,82.86,82.07,82.22,851580,0.0
2019-09-23,82.45,83.26,81.45,81.68,1098723,0.0
2019-09-24,81.71,82.675,80.66,82.27,1092171,0.0
2019-09-25,82.32,82.87,81.985,82.57,777571,0.0
2019-09-26,83,83.5,80.95,81.53,1139509,0.0
2019-09-29,81.95,82.89,81.55,82.77,1188275,0.0
2019-09-30,83.15,83.6,81.65,81.9,1543404,0.0
2019-10-01,82.8,83.9,81.33,83.43,3476776,0.0
2019-10-02,83.14,83.35,80,82.57,1980997,0.0
2019-10-03,83.01,84.49,82.68,84.32,2997977,0.0
2019-10-06,83.84,84.08,82.89,82.92,2298016,0.0
2019-10-07,82.62,83.0822,81.785,82.08,2268885,0.0
2019-10-08,82.17,83.43,82.17,83.08,2458419,0.0
2019-10-09,82.99,84.22,82.8139,83.93,1767251,0.0
2019-10-10,84.89,85.42,84.56,84.6,2363614,0.0
2019-10-13,84.56,85,84.51,84.7,1729213,0.0
2019-10-14,84.72,85,84.32,84.87,1722992,0.0
2019-10-15,84.28,84.85,84,84.75,1649270,0.0
2019-10-16,84.85,85.41,84.51,84.72,1588507,0.0
2019-10-17,84.99,85.4,84,84.24,2927422,0.0
2019-10-20,84.4,84.81,83.83,84.66,846107,0.0
2019-10-21,84.81,85.26,83.175,83.25,956425,0.0
2019-10-22,83.17,84.09,83.07,84.07,1309070,0.0
2019-10-23,84.09,84.81,83.6865,84.69,895464,0.0
2019-10-24,84.29,84.97,84.09,84.52,709210,0.0
2019-10-27,85.03,85.08,84.05,84.42,721817,0.0
2019-10-28,84.61,85.12,84.375,84.55,918843,0.0
2019-10-29,84.63,84.75,83.5,84.63,985834,0.0
2019-10-30,84,84.29,83.29,83.64,871940,0.0
2019-10-31,84.16,84.54,83.47,83.88,811821,0.0
2019-11-03,84.38,84.48,83.2382,83.46,859998,0.0
2019-11-04,83.38,83.97,81.89,82.58,1173856,0.0
2019-11-05,82.86,83.23,82.1,82.66,1143325,0.0
2019-11-06,83.2,83.45,82.54,82.875,1139561,0.0
2019-11-07,82.99,83.28,82.42,83.24,972936,0.0
2019-11-10,82.97,83.4829,82.56,82.83,922618,0.0
2019-11-11,82.8,83.29,82.64,83.05,1010973,0.0
2019-11-12,82.86,83.68,82.785,83.48,1392510,0.0
2019-11-13,83.27,84.53,83.21,84.48,921484,0.0
2019-11-14,84.81,84.83,84.14,84.69,1047783,0.0
2019-11-17,84.7,85.34,84.555,85.05,820828,0.0
2019-11-18,85.39,86.13,85.01,85.79,822225,0.0
2019-11-19,85.55,86.07,85.275,85.74,863388,0.0
2019-11-20,85.98,85.98,84.59,84.955,764221,0.0
2019-11-21,85.04,85.47,84.21,84.63,801368,0.0
2019-11-24,84.97,85.3,84.49,84.87,719454,0.0
2019-11-25,85.04,86.155,85,86.14,1187445,0.0
2019-11-26,86.43,86.49,85.74,86.49,1037022,0.0
2019-11-28,86.45,86.77,85.93,86.18,410208,0.0
2019-12-01,86.02,86.02,84.31,84.71,1026240,0.0
2019-12-02,84.21,84.51,83.75,84.49,902800,0.0
2019-12-03,84.44,85.08,84.14,84.52,929357,0.0
2019-12-04,84.62,84.7925,84.18,84.42,970226,0.0
2019-12-05,84.99,85.3974,84.76,85.13,724154,0.0
2019-12-08,85.22,85.22,84.43,84.7,758414,0.0
2019-12-09,84.56,84.94,84.3,84.52,766662,0.0
2019-12-10,84.57,84.78,83.61,84.26,1028392,0.0
2019-12-11,84.15,85.08,83.75,84.73,879943,0.0
2019-12-12,84.67,85.23,84.08,85.08,955462,0.0
2019-12-15,85.43,85.86,84.88,84.92,1312553,0.0
2019-12-16,85.38,85.68,84.82,85.25,1748058,0.0
2019-12-17,87.12,87.84,83.71,84.78,2593585,0.0
2019-12-18,84.96,85.27,83.93,85.02,1647895,0.0
2019-12-19,85.54,85.94,84.77,85.54,2353786,0.0
2019-12-22,85.59,85.8322,84.73,84.9,1374158,0.0
2019-12-23,84.93,85.0642,84.57,84.65,372566,0.0
2019-12-25,84.61,85.04,84.42,84.71,533167,0.0
2019-12-26,84.87,85.18,84.42,85.12,596424,0.0
2019-12-29,85.05,85.065,84.31,84.9,782429,0.0
2019-12-30,84.5,85.19,84.39,85.03,687209,0.0
2020-01-01,85.5,85.6348,84.71,85.11,1014057,0.0
2020-01-02,84.71,85.04,84.4,84.83,751083,0.0
2020-01-05,84.48,84.85,84.365,84.79,820959,0.0
2020-01-06,84.49,84.622,84.11,84.33,1112207,0.0
2020-01-07,84.43,85.49,84.28,85.16,1108921,0.0
2020-01-08,85.39,86.2,85.195,85.75,1019340,0.0
2020-01-09,86.19,86.3035,85.17,85.28,872269,0.0
2020-01-12,85.61,86.37,85.51,86.26,903469,0.0
2020-01-13,86.72,87.46,86.21,86.62,1225480,0.0
2020-01-14,86.79,87.83,86.79,87.38,1247148,0.0
2020-01-15,88.09,88.2321,87.41,87.98,966793,0.0
2020-01-16,88.2,88.28,87.88,88.23,1100115,0.0
2020-01-20,87.37,88.92,87.37,88.6206,1996887,0.0
2020-01-21,89.21,89.945,88.94,89.61,2363702,0.0
2020-01-22,89.68,89.78,89.07,89.65,1298500,0.0
2020-01-23,89.95,89.96,88.5236,88.91,1600808,0.0
2020-01-26,88.02,88.57,87.5935,87.72,1147888,0.0
2020-01-27,87.77,89.06,87.77,88.66,728056,0.0
2020-01-28,88.34,88.96,87.31,87.4,1186554,0.0
2020-01-29,86.72,88.04,86.38,87.97,1136938,0.0
2020-01-30,87.19,87.31,85.4,85.79,1383070,0.0
2020-02-02,86.45,87.42,86.415,86.56,1155863,0.0
2020-02-03,87.53,88.845,87.26,88.29,1057462,0.0
2020-02-04,88.82,88.92,87.775,88.04,1063734,0.0
2020-02-05,88.6,88.86,88.01,88.45,703187,0.0
2020-02-06,87.99,88.29,87.51,88.02,628333,0.0
2020-02-09,87.85,88.59,87.84,88.51,656905,0.0
2020-02-10,88.75,88.75,87.705,87.81,705059,0.0
2020-02-11,88.24,88.38,87.33,87.97,841302,0.0
2020-02-12,87.7,88.8766,87.6,88.61,626057,0.0
2020-02-13,88.51,89.22,88.4,89.2,702993,0.0
2020-02-17,89.35,89.7,89.08,89.38,868735,0.0
2020-02-18,89.72,90.35,89.5,90.12,1072712,0.0
2020-02-19,90.29,90.535,89.05,90.22,1801296,0.0
2020-02-20,89.95,90.04,88.72,89.05,1406620,0.0
2020-02-23,87.15,88.7,86.525,87.24,1418897,0.0
2020-02-24,87.5,87.86,83.47,83.61,1703044,0.0
2020-02-25,84.56,85.32,82.23,82.27,1755544,0.0
2020-02-26,81.1,82.57,78.87,78.9,2099181,0.0
2020-02-27,76.45,78.12,75.35,77.54,3383725,0.0
2020-03-01,77.61,82.23,76.88,82.08,2915511,0.0
2020-03-02,81.27,82.8,78.5672,79.04,2288422,0.0
2020-03-03,80.54,82.62,79.7,82.37,1341857,0.0
2020-03-04,80.31,80.82,78.52,79.32,2598984,0.0
2020-03-05,76.44,77.92,75.215,77.49,2159366,0.0
2020-03-08,72.36,75.13,69.52,72.45,2878810,0.0
2020-03-09,74.71,76.72,72.39,76.71,2267247,0.0
2020-03-10,74.15,75.98,73.05,74.69,6891020,0.0
2020-03-11,69.655,71.58,64.61,66.49,5047599,0.0
2020-03-12,69.73,71.56,65.11,71.555,4086875,0.0
2020-03-15,63.61,64.43,57.62,57.625,10077512,0.0
2020-03-16,58.47,61.27,54.48,60.92,6607892,0.0
2020-03-17,55.93,63.88,47.8727,63.3,4606271,0.0
2020-03-18,62.16,62.5047,54.47,57.97,10623754,0.0
2020-03-19,58.28,58.43,51.37,52.51,5329059,0.0
2020-03-22,52.02,52.5,48.5,50.39,4718940,0.0
2020-03-23,52.78,61.87,52.76,59.42,4516406,0.0
2020-03-24,59,65.67,54.3367,60.08,5286936,0.0
2020-03-25,60.17,66.14,60.0154,65.67,2925054,0.0
2020-03-26,62.55,63.9851,59.68,60.17,3371436,0.0
2020-03-29,60.68,64.95,60.28,64.41,6787796,0.0
2020-03-30,63.9,64.85,61.41,62.99,4730903,0.0
2020-03-31,59.42,62.15,59.12,60.6,5076162,0.0
2020-04-01,59.92,61.63,59.79,61.04,3371680,0.0
2020-04-02,60.91,61.51,58.85,59.55,5791738,0.0
2020-04-05,62.7,65.73,62.18,65.29,5453530,0.0
2020-04-06,68.25,68.792,64.64,64.88,7500736,0.0
2020-04-07,65.33,66.41,63.9398,65.04,2846664,0.0
2020-04-08,66.23,67.69,65.74,66.53,2508087,0.0
2020-04-12,65.56,65.745,63.49,64.13,3701995,0.0
2020-04-13,65.33,66.25,64.38,66.15,5771552,0.0
2020-04-14,64.79,65.14,63.9428,64.92,5741911,0.0
2020-04-15,65.01,65.225,63.31,63.77,6949052,0.0
2020-04-16,65.98,67.55,65.7,67.55,6476901,0.0
2020-04-19,66.11,67.67,65.85,66.47,6215786,0.0
2020-04-20,64.97,65.55,63.77,64.02,9102478,0.0
2020-04-21,65.54,67.32,65.29,66.85,5027873,0.0
2020-04-22,67.23,68.19,66.56,66.92,8848776,0.0
2020-04-23,67.63,68.68,66.74,68.09,7365462,0.0
2020-04-26,68.7,68.99,67.97,68.53,2848282,0.0
2020-04-27,69.6,70.6899,68.47,68.66,1360986,0.0
2020-04-28,70.27,70.86,68.16,69.87,1988725,0.0
2020-04-29,69.63,69.69,67.5,68.52,4090398,0.0
2020-04-30,67.14,67.7,65.95,66.66,1795121,0.0
2020-05-03,65.93,67.3,65.17,67.17,2703980,0.0
2020-05-04,68.02,68.84,67.51,67.69,1231965,0.0
2020-05-05,68.3,68.42,66.95,67.11,1974062,0.0
2020-05-06,68.13,68.43,67.5349,68.07,3762652,0.0
2020-05-07,68.66,68.81,66.9,67.105,1921407,0.0
2020-05-10,66.32,66.8,65.71,66.32,3826100,0.0
2020-05-11,66.43,66.88,63.89,64.04,1967207,0.0
2020-05-12,63.94,64.36,61.34,61.91,5482724,0.0
2020-05-13,61.08,63.17,60.15,63.11,5383596,0.0
2020-05-14,60.3469,63.47,60.0026,63.44,5645002,0.0
2020-05-17,65.2903,66.62,64.98,66.32,2861243,0.0
2020-05-18,65.9,68.34,65.27,65.6,3214962,0.0
2020-05-19,66.62,67.91,65.99,67.8,3290338,0.0
2020-05-20,67.4,67.83,66.77,67.41,1625671,0.0
2020-05-21,67.21,67.74,66.74,67.58,1200592,0.0
2020-05-25,69.27,69.62,68.39,69.33,2408705,0.0
2020-05-26,69.98,71.09,69.16,71.06,1845528,0.0
2020-05-27,71.75,73,71.27,72.16,4578236,0.0
2020-05-28,71.87,72.6,70.73,72.4,2168727,0.0
2020-05-31,72.09,72.85,71.82,71.96,1430635,0.0
2020-06-01,72.13,73.23,71.66,73.19,2445804,0.0
2020-06-02,73.68,75,73.26,74.78,1321987,0.0
2020-06-03,74.26,74.5,73.36,74.225,3228026,0.0
2020-06-04,76.37,80.6412,76.37,80.09,5759392,0.0
2020-06-07,80.11,80.625,79.26,80.32,2661972,0.0
2020-06-08,79.46,79.595,77.7,77.86,2658752,0.0
2020-06-09,78.28,78.28,76.67,77.29,1201000,0.0
2020-06-10,76.26,76.545,72.52,72.59,3362064,0.0
2020-06-11,74.23,74.96,73.3,73.3,373561,0.0
2020-06-14,71.82,75.56,71.68,75.05,1559025,0.0
2020-06-15,77.1,78.07,75.445,76.51,1648549,0.0
2020-06-16,76.8668,76.93,75.77,75.93,1051172,0.0
2020-06-17,75.18,76.52,74.915,75.53,4118365,0.0
2020-06-18,76.53,77.18,73.42,73.98,6164809,0.0
2020-06-21,73.26,74.63,72.96,74.24,962478,0.0
2020-06-22,75.13,75.13,74.04,74.17,1260590,0.0
2020-06-23,73.55,73.86,71.13,71.45,1467861,0.0
2020-06-24,71.15,73.345,71.04,73.06,1573876,0.0
2020-06-25,72.62,73.32,71.36,71.79,1791274,0.0
2020-06-28,72.63,73.91,72.03,73.74,1792586,0.0
2020-06-29,73.5991,76.27,73.3,75.75,2353289,0.0
2020-06-30,75.78,76.71,75.49,76.27,1977678,0.0
2020-07-01,77.18,77.58,76.13,76.58,1443655,0.0
2020-07-05,78.74,78.7755,77.56,77.86,2204171,0.0
2020-07-06,77.23,77.5,73.87,74.01,3836054,0.0
2020-07-07,74.55,75.74,74.01,74.55,2055846,0.0
2020-07-08,74.64,74.97,72.01,72.91,1667771,0.0
2020-07-09,72.96,73.415,72.22,73.3,1178870,0.0
2020-07-12,73.67,73.84,71.45,71.65,1836800,0.0
2020-07-13,69.99,71.98,69.96,71.87,1915697,0.0
2020-07-14,72.27,73.75,72.27,73.54,1768739,0.0
2020-07-15,73.17,73.476,72.165,72.735,1118012,0.0
2020-07-16,73.22,73.67,72.47,73.5,1220798,0.0
2020-07-19,73.11,73.73,72.51,73.36,1145007,0.0
2020-07-20,73.6799,74.24,72.95,73.33,1173383,0.0
2020-07-21,73.38,74.14,73.24,73.81,1003456,0.0
2020-07-22,73.66,74.47,72.87,73.16,908041,0.0
2020-07-23,73.11,73.36,71.56,72.19,1599302,0.0
2020-07-26,71.91,72.695,71.78,72.58,1272913,0.0
2020-07-27,72.6,73.52,72.38,73.14,1784421,0.0
2020-07-28,72.78,73.6,72.13,73.55,2054231,0.0
2020-07-29,72.6,72.68,71.71,72.35,1877202,0.0
2020-07-30,71.56,71.93,70.38,71.93,2562445,0.0
2020-08-02,71.87,72.89,71.47,72.76,1297328,0.0
2020-08-03,72.44,73.07,72.34,72.61,1866830,0.0
2020-08-04,72.94,73.57,72.56,72.7,1197335,0.0
2020-08-05,72.47,72.935,71.97,72.6,1614610,0.0
2020-08-06,72.53,73.66,72.37,73.45,1276370,0.0
2020-08-09,73.2,74.43,73.09,74.41,1172168,0.0
2020-08-10,74.91,75.75,73.76,73.9,1718277,0.0
2020-08-11,74.43,74.7,73.83,74.13,992140,0.0
2020-08-12,74.06,75.05,73.87,74.47,861683,0.0
2020-08-13,74.23,74.71,73.9,74.32,661063,0.0
2020-08-16,74.44,75.46,74.05,74.41,807057,0.0
2020-08-17,74.51,75,74.03,74.52,892894,0.0
2020-08-18,74.72,74.925,74.01,74.13,891101,0.0
2020-08-19,73.81,74.31,73.6,74,829228,0.0
2020-08-20,73.96,73.98,73.13,73.92,879361,0.0
2020-08-23,74.24,75.57,73.92,75.56,924766,0.0
2020-08-24,75.68,76.19,75.453,75.88,983206,0.0
2020-08-25,75.55,76.23,75.06,75.83,901066,0.0
2020-08-26,76.48,77,75.965,76.53,1198069,0.0
2020-08-27,76.71,77.42,76.13,77.32,931818,0.0
2020-08-30,76.76,77.15,76.1621,76.44,1058879,0.0
2020-08-31,76.24,76.3475,75.52,76.25,1055472,0.0
2020-09-01,76.67,78.28,76.5,77.99,1121764,0.0
2020-09-02,78.16,78.28,75.71,76.34,1873985,0.0
2020-09-03,76.56,77.19,75.1501,76.06,1557652,0.0
2020-09-07,74.55,75.315,74.1,74.29,2121682,0.0
2020-09-08,74.78,76.485,74.16,75.75,1103156,0.0
2020-09-09,76.665,76.84,75.03,75.33,1782455,0.0
2020-09-10,75.59,75.99,74.495,74.99,1306678,0.0
2020-09-13,75.89,77.97,75.6,77.62,1606835,0.0
2020-09-14,77.88,79.38,77.86,78.9,1379610,0.0
2020-09-15,79.23,80.515,79.14,79.76,1721732,0.0
2020-09-16,78.07,79.7748,78,79.51,1771814,0.0
2020-09-17,79.77,79.93,77.91,78.56,1955851,0.0
2020-09-20,77.57,77.77,75.61,76.75,1233724,0.0
2020-09-21,77.18,77.77,76.5403,77.61,1019544,0.0
2020-09-22,77.92,78.07,75.69,76.07,1603853,0.0
2020-09-23,75.73,76.85,75.08,75.91,1155617,0.0
2020-09-24,75.49,77.95,75.32,77.7,1096190,0.0
2020-09-27,78.77,79.83,78.77,79.59,1074771,0.0
2020-09-28,79.54,80.03,78.9,79.16,1285881,0.0
2020-09-29,79.2626,80.44,79.04,79.74,1303554,0.0
2020-09-30,80.11,80.95,78.7,79.37,1137070,0.0
2020-10-01,78.01,79.9899,78,79.42,1122919,0.0
2020-10-04,80.14,81.79,79.97,81.44,2210455,0.0
2020-10-05,80.68,82.8545,79.07,79.44,2768041,0.0
2020-10-06,80.425,81.16,80.17,80.51,1581582,0.0
2020-10-07,82,83.5,81.56,82.01,1538876,0.0
2020-10-08,82.54,82.98,81.58,82.42,1005548,0.0
2020-10-11,83.22,83.65,82.41,82.99,1356319,0.0
2020-10-12,83.34,83.67,82.58,83.01,1189188,0.0
2020-10-13,83.27,84.74,83.081,84.35,1385948,0.0
2020-10-14,83.46,83.97,82.6,83.3,958324,0.0
2020-10-15,83.76,84.65,83.39,83.76,1052183,0.0
2020-10-18,83.81,84.31,81.63,81.88,838500,0.0
2020-10-19,82.41,83.35,81.66,82.29,686335,0.0
2020-10-20,82.34,83.18,82,82.61,719506,0.0
2020-10-21,82.7,84.2,82.26,83.98,832157,0.0
2020-10-22,84.56,85.12,84.06,85.03,855362,0.0
2020-10-25,83.55,84.01,81.8,82.47,1053655,0.0
2020-10-26,82.63,83.18,81.765,81.93,731474,0.0
2020-10-27,80.58,81.76,79.95,80.16,1041044,0.0
2020-10-28,79.86,83.21,79.63,82.4,1080446,0.0
2020-10-29,81.12,82.34,81.04,82.31,1226678,0.0
2020-11-01,83.19,84.12,82.41,83.31,1084703,0.0
2020-11-02,83.99,87.08,83.99,86.54,1270285,0.0
2020-11-03,89.32,89.48,85.32,85.46,1957485,0.0
2020-11-04,86.675,87.84,86.105,86.61,1071623,0.0
2020-11-05,86.8367,88.38,86.54,88.01,813016,0.0
2020-11-08,93.26,94.95,90.55,90.71,1834148,0.0
2020-11-09,89.48,92.69,89.47,91.29,1207010,0.0
2020-11-10,91.79,92.16,90.85,91.53,671809,0.0
2020-11-11,91.65,91.97,89.855,90.35,819709,0.0
2020-11-12,91.11,91.97,90.44,91.96,604256,0.0
2020-11-15,92.46,93.32,91.9783,93.17,1197956,0.0
2020-11-16,92.09,92.64,91.52,92.51,1299071,0.0
2020-11-17,92.38,93.09,91.82,91.95,1354686,0.0
2020-11-18,91.69,92.22,90.9,92.04,892414,0.0
2020-11-19,92.07,92.07,90.59,90.63,790781,0.0
2020-11-22,91.52,92.14,90.89,91.98,891919,0.0
2020-11-23,92.38,93.81,91.62,93.74,1326993,0.0
2020-11-24,94,94,92.592,93.19,693022,0.0
2020-11-26,93.06,93.5962,92.75,93.37,450672,0.0
2020-11-29,93.01,93.37,91.7,93.13,1008412,0.0
2020-11-30,93.74,93.96,93.01,93.54,1131131,0.0
2020-12-01,93.53,93.62,92.28,92.8,1190812,0.0
2020-12-02,92.35,93.76,92.35,93.37,726605,0.0
2020-12-03,93.58,94.55,92.98,94.48,740538,0.0
2020-12-06,93.93,94.23,93.14,93.55,701704,0.0
2020-12-07,93.72,93.765,92.72,93.33,752998,0.0
2020-12-08,93.31,93.62,92.5501,93.22,891611,0.0
2020-12-09,92.43,92.5923,91.2,91.33,1380807,0.0
2020-12-10,91.1,91.89,90.73,91.82,1252731,0.0
2020-12-13,92.47,93.18,91.29,91.33,872437,0.0
2020-12-14,91.61,93.55,91.01,93.54,1465890,0.0
2020-12-15,93.43,94.84,92.44,94.39,1997069,0.0
2020-12-16,94.84,95.75,94.33,95.63,1178362,0.0
2020-12-17,96.13,97.13,95.77,97.02,1550871,0.0
2020-12-20,95.64,97.17,94.96,96.6,1613731,0.0
2020-12-21,96.42,97.19,96.36,96.68,1454356,0.0
2020-12-22,99.5,99.95,94.32,94.33,2816965,0.0
2020-12-23,94.9,95.0084,93.38,94.71,742817,0.0
2020-12-27,95.63,95.79,93.75,94.34,983198,0.0
2020-12-28,94.99,94.99,92.91,93.15,810972,0.0
2020-12-29,93.33,94.02,91.69,92.18,1063075,0.0
2020-12-30,92.3,93.42,91.76,93.19,996512,0.0
2021-01-03,93.2135,93.52,89.24,90.36,1693852,0.0
2021-01-04,90.44,90.73,89.51,90.04,1001290,0.0
2021-01-05,89.99,92.04,89.55,91.14,1500317,0.0
2021-01-06,90.99,91.89,90.52,91.53,1058569,0.0
2021-01-07,91.47,92.5,91.24,92.02,985199,0.0
2021-01-10,91.54,91.94,90.58,91,734731,0.0
2021-01-11,90.78,91.08,89.52,90.73,883610,0.0
2021-01-12,90.28,90.46,89.37,89.55,1474057,0.0
2021-01-13,89.66,89.8038,87.9,88.07,1135223,0.0
2021-01-14,87.56,88.51,86.95,88.37,1302534,0.0
2021-01-18,88.69,89.19,88.05,88.34,1274224,0.0
2021-01-19,87.8,89.63,87.8,89.35,1202914,0.0
2021-01-20,89.02,89.37,87.25,87.55,1189288,0.0
2021-01-21,87.23,87.489,86.37,86.8,989251,0.0
2021-01-24,86.6,87.3,85.6,86.98,1761964,0.0
2021-01-25,87.26,88.03,86.56,87.32,1386037,0.0
2021-01-26,86.19,88.17,85.3,87.31,3324331,0.0
2021-01-27,88.03,90.13,87.9,89.09,3062534,0.0
2021-01-28,87.99,87.99,86.24,87.34,1744974,0.0
2021-01-31,87.77,90.01,86.8876,89.3,1621372,0.0
2021-02-01,89.82,91.04,88.9,90.52,1492725,0.0
2021-02-02,90.54,90.54,89.12,89.96,1304442,0.0
2021-02-03,90.3,91.61,89.935,91.58,935712,0.0
2021-02-04,92,92.2,91.35,91.62,863548,0.0
2021-02-07,90.63,91.89,90.53,91.71,797969,0.0
2021-02-08,91.66,91.68,90.78,90.89,1179432,0.0
2021-02-09,91.51,91.51,90.3975,90.44,844937,0.0
2021-02-10,90.81,91.1,90.02,90.28,1007274,0.0
2021-02-11,90.24,90.24,88.81,89.38,1256305,0.0
2021-02-15,89.34,89.61,88.25,88.8,1785603,0.0
2021-02-16,88.2,89.38,87.67,89.17,1836140,0.0
2021-02-17,88.88,92.09,88.71,91.275,1918385,0.0
2021-02-18,90.68,91.55,89.8558,90.24,1465787,0.0
2021-02-21,89.94,91.33,89.12,90.39,1287468,0.0
2021-02-22,90.14,91.71,89.48,90.85,1934174,0.0
2021-02-23,90.0363,93.7,89.41,93.36,1538508,0.0
2021-02-24,93.01,93.8,91.01,91.42,1785057,0.0
2021-02-25,91.11,92,90.32,91.08,1317466,0.0
2021-02-28,92,93.7,91.21,92.75,1257580,0.0
2021-03-01,92.69,93.195,91.65,92.14,1028912,0.0
2021-03-02,91.53,91.95,90.35,90.48,1216748,0.0
2021-03-03,90.43,91.48,88.685,89.31,1966916,0.0
2021-03-04,90.27,92.465,89.28,92.09,2110689,0.0
2021-03-07,91.29,94.5,90.17,93.21,1470482,0.0
2021-03-08,94.4,95.53,93.64,94.54,1454605,0.0
2021-03-09,94.62,95.37,94.25,94.7,1897260,0.0
2021-03-10,95.18,96.34,94.95,95.18,1199308,0.0
2021-03-11,94.74,95.34,94.28,95.25,1018314,0.0
2021-03-14,95.18,97.82,95.18,97.77,1195529,0.0
2021-03-15,97.88,98.515,97.34,98.03,1456672,0.0
2021-03-16,97.51,98.64,96.755,98.02,1392653,0.0
2021-03-17,96.9,98.35,95.9057,97.3,1432026,0.0
2021-03-18,97.57,97.75,95.76,95.76,1923968,0.0
2021-03-21,95.57,96.76,95.39,96.65,885480,0.0
2021-03-22,96.59,97.06,95.61,96.12,958215,0.0
2021-03-23,96.29,98.53,95.8443,96.96,1392504,0.0
2021-03-24,97.11,98.55,96.56,98.28,1106323,0.0
2021-03-25,98.12,101.01,97.8636,100.87,1440796,0.0
2021-03-28,100.59,100.9,99.09,100.29,1148466,0.0
2021-03-29,100.03,100.48,98.265,99.23,1275314,0.0
2021-03-30,99.23,99.82,97.84,98.02,1605507,0.0
2021-03-31,97.44,99.0318,97.44,98.8,1940033,0.0
2021-04-04,99.59,101.15,99.46,100.45,1737241,0.0
2021-04-05,95.01,95.79,92.74,95.44,3391580,0.0
2021-04-06,95.37,96.83,94.54,94.76,2092839,0.0
2021-04-07,95.63,96.46,95,96.05,1754108,0.0
2021-04-08,96.12,96.53,95.17,96.34,1183294,0.0
2021-04-11,96.57,96.69,95.26,95.83,1214459,0.0
2021-04-12,95.75,96.56,95.01,96.26,1040037,0.0
2021-04-13,96.18,97.25,95.36,96.78,938270,0.0
2021-04-14,96.91,97.39,96.08,96.26,1395066,0.0
2021-04-15,96.6,97.6,96.17,97.48,1424856,0.0
2021-04-18,97.22,97.31,95.91,96.4,1132102,0.0
2021-04-19,96.86,97.69,96.5,97.52,1031836,0.0
2021-04-20,97.64,98.46,97.22,98.22,967256,0.0
2021-04-21,97.8,98.95,97.6,98.31,1176215,0.0
2021-04-22,98.44,99.65,97.98,99.21,864483,0.0
2021-04-25,99.07,99.78,98.54,98.85,753456,0.0
2021-04-26,98.52,99.2201,98.13,99.13,730585,0.0
2021-04-27,99.09,99.14,97.45,97.84,1381081,0.0
2021-04-28,98.4,99.76,97.8,99.37,1374952,0.0
2021-04-29,98.79,99.2,97.24,97.51,1913570,0.0
2021-05-02,98.44,99.54,97.83,99.05,1016406,0.0
2021-05-03,98.65,100.85,98.334,100.79,1745614,0.0
2021-05-04,100.88,101.05,99.5,100.38,1391554,0.0
2021-05-05,100.78,101.65,100.21,101.58,1067852,0.0
2021-05-06,101.64,101.71,99.89,101.02,1158297,0.0
2021-05-09,101.17,102.61,100.4,100.44,1017205,0.0
2021-05-10,99.32,99.78,98.12,99.03,1224250,0.0
2021-05-11,97.9,98.5,96.12,96.36,1206042,0.0
2021-05-12,96.54,99.03,96.5,98.52,1030763,0.0
2021-05-13,99.2,100.44,98.78,100.16,795106,0.0
2021-05-16,99.75,100.11,99.23,99.85,615726,0.0
2021-05-17,99.95,99.97,99.04,99.09,1032193,0.0
2021-05-18,98.41,98.95,97.23,98.89,1089720,0.0
2021-05-19,99.03,101.1,98.41,100.64,989428,0.0
2021-05-20,101.05,101.79,100.37,100.78,969985,0.0
