Date,Open,High,Low,Close,Volume,OpenInterest
2017-06-01,117.46,117.7,117.04,117.6,2159312,0.0
2017-06-04,117.39,117.97,117.05,117.89,1605039,0.0
2017-06-05,117.78,117.94,117.46,117.69,1684734,0.0
2017-06-06,117.17,117.57,116.82,117.04,2678881,0.0
2017-06-07,116.86,117.08,115.59,115.89,2799883,0.0
2017-06-08,115.66,116.13,115.36,115.92,2308189,0.0
2017-06-11,116.23,116.62,115.92,116.23,2520834,0.0
2017-06-12,115.47,116.59,115.47,116.32,2064850,0.0
2017-06-13,116.91,118.06,116.83,117.37,2534645,0.0
2017-06-14,117,117.48,116.51,117.23,2645119,0.0
2017-06-15,117.369,117.4,116.3,116.85,2909558,0.0
2017-06-18,117.02,117.29,116.23,117.27,1748466,0.0
2017-06-19,117.29,118.1353,117.18,117.93,2613473,0.0
2017-06-20,117.78,118.24,117.24,117.44,2832062,0.0
2017-06-21,117.33,117.41,116.05,116.15,2251113,0.0
2017-06-22,116.21,117.37,116.09,116.96,2015896,0.0
2017-06-25,117.42,117.83,117.06,117.08,2051610,0.0
2017-06-26,117.26,117.38,115.95,115.97,2137942,0.0
2017-06-27,116.52,116.87,116.2,116.32,2360362,0.0
2017-06-28,116.07,116.2,114.8901,115.22,2561631,0.0
2017-06-29,115.53,116.1134,115.3,115.5,2091933,0.0
2017-07-02,115.55,116,115.34,115.44,1692715,0.0
2017-07-04,115.5,115.55,114.88,115.26,2252357,0.0
2017-07-05,114.97,115.42,114.85,115.2,2487773,0.0
2017-07-06,115.41,115.6599,114.83,115.42,2725672,0.0
2017-07-09,115.85,116,114.2,114.27,4854263,0.0
2017-07-10,113.34,113.98,112.25,113.7,4594597,0.0
2017-07-11,114.54,114.98,114.28,114.809,2945173,0.0
2017-07-12,114.95,115.04,113.92,113.97,2151017,0.0
2017-07-13,114.26,115.115,114.25,114.93,2077607,0.0
2017-07-16,114.94,115.16,114.8383,114.95,1598808,0.0
2017-07-17,114.85,115.15,114.39,114.985,1772293,0.0
2017-07-18,115.01,115.35,114.63,115.32,1776567,0.0
2017-07-19,115.34,116.055,115.11,115.58,2306949,0.0
2017-07-20,115.78,116.67,115.38,116.59,2656173,0.0
2017-07-23,116.5,116.67,116.09,116.18,2524562,0.0
2017-07-24,116.63,116.78,116.14,116.46,2098019,0.0
2017-07-25,116.3,117.42,116.15,117.16,2211297,0.0
2017-07-26,117.33,118.06,116.62,117.36,2173328,0.0
2017-07-27,117.31,117.47,116.2,116.61,2430431,0.0
2017-07-30,116.53,116.86,116.18,116.62,1961834,0.0
2017-07-31,116.69,116.78,115.9,115.912,2012236,0.0
2017-08-01,115.73,115.979,115.14,115.59,1882340,0.0
2017-08-02,115.73,116.66,115.68,116.31,2162773,0.0
2017-08-03,116.32,116.49,115.865,116.33,1712063,0.0
2017-08-06,116.45,117.22,116.38,116.94,1794899,0.0
2017-08-07,116.8,116.95,116.37,116.71,1453914,0.0
2017-08-08,116.49,116.7,115.96,116.62,1676765,0.0
2017-08-09,116.35,116.84,116.08,116.4,1464666,0.0
2017-08-10,116.75,117.25,116.35,116.48,1560090,0.0
2017-08-13,117.36,118.18,117.014,117.77,2259614,0.0
2017-08-14,117.88,119.15,117.85,118.98,1979952,0.0
2017-08-15,118.96,119.3645,118.82,119.09,1737896,0.0
2017-08-16,119,119.39,118.25,118.38,1970665,0.0
2017-08-17,118.29,118.43,117.4,117.6,2842241,0.0
2017-08-20,117.8,118.46,117.545,118.25,1359488,0.0
2017-08-21,118.28,118.7,117.65,117.92,1670663,0.0
2017-08-22,117.9,118.12,117.23,117.27,2022723,0.0
2017-08-23,117.26,117.3,116.03,116.2,3861747,0.0
2017-08-24,116.74,116.9,115.8,115.87,2687496,0.0
2017-08-27,116.12,116.29,115.08,115.52,1951259,0.0
2017-08-28,115.55,116.1,115.51,115.86,1713615,0.0
2017-08-29,115.13,115.42,114.91,115.14,1775378,0.0
2017-08-30,115.31,115.84,114.93,115.68,3015665,0.0
2017-08-31,115.38,116.0925,115.15,115.8,1832947,0.0
2017-09-04,115.95,116.06,115.41,115.87,1948641,0.0
2017-09-05,116.17,116.47,115.64,116.33,1776865,0.0
2017-09-06,116.65,117.29,116.39,117.01,1827927,0.0
2017-09-07,116.31,116.48,114.57,114.99,3458711,0.0
2017-09-10,115.08,115.89,114.76,115.69,1856471,0.0
2017-09-11,115.69,115.95,114.86,115,2315977,0.0
2017-09-12,114.87,115.17,114,114.41,4200522,0.0
2017-09-13,114.44,114.55,113.7,114.2,2502208,0.0
2017-09-14,114.74,114.98,114.11,114.84,3765178,0.0
2017-09-17,115.17,115.23,114.68,115.04,1606905,0.0
2017-09-18,115.06,115.12,114.36,114.48,1872361,0.0
2017-09-19,114.34,114.65,112.735,113.58,2482114,0.0
2017-09-20,113.21,113.82,112.54,112.79,2530295,0.0
2017-09-21,112.56,112.87,111.81,111.83,2678492,0.0
2017-09-24,112.04,112.14,111.42,111.94,2908767,0.0
2017-09-25,111.92,112.3,111.73,111.82,2145010,0.0
2017-09-26,111.72,111.875,110.34,111.1,2959416,0.0
2017-09-27,111.37,112.73,111.19,111.81,5874503,0.0
2017-09-28,111.87,112.03,111.21,111.4,3678541,0.0
2017-10-01,109.91,110.52,108.96,109.14,6751190,0.0
2017-10-02,109.42,109.65,108.89,109.15,4272419,0.0
2017-10-03,106.94,110.16,106.19,109.33,7270007,0.0
2017-10-04,109.66,110.99,109.55,110.44,4326148,0.0
2017-10-05,110.17,110.67,109.92,110.4,2112340,0.0
2017-10-08,110.59,110.93,109.79,109.98,1470669,0.0
2017-10-09,110.28,110.86,110.28,110.805,2227644,0.0
2017-10-10,110.9,111.81,110.77,111.5,2827005,0.0
2017-10-11,111.51,112.51,111.38,112.44,2367247,0.0
2017-10-12,112.73,112.98,112.18,112.65,1898243,0.0
2017-10-15,112.93,113.63,112.69,113.56,1861993,0.0
2017-10-16,113.22,113.56,111.66,112.19,2985285,0.0
2017-10-17,111.95,112.44,111.78,111.96,1992867,0.0
2017-10-18,111.62,112.79,111.6,112.68,1894133,0.0
2017-10-19,113.01,113.02,111.38,111.61,2474235,0.0
2017-10-22,111.64,112.45,111.4,111.72,1516009,0.0
2017-10-23,111.84,111.8658,110.28,110.74,2435007,0.0
2017-10-24,110.43,110.529,109.18,110.08,2680214,0.0
2017-10-25,110.67,111.24,110.41,110.72,2090290,0.0
2017-10-26,110.41,110.8475,109.93,110.6,2184443,0.0
2017-10-29,110.36,110.37,109.36,109.64,1572241,0.0
2017-10-30,110.24,110.765,109.95,110.23,2284022,0.0
2017-10-31,109.76,110.68,109.61,110.13,2088519,0.0
2017-11-01,109.91,110.18,109.54,110.02,1444353,0.0
2017-11-02,110.3,110.65,110,110.21,1135092,0.0
2017-11-05,109.97,110,109.19,109.26,2037021,0.0
2017-11-06,109.15,110.58,109.15,110.47,2536566,0.0
2017-11-07,110.57,112.04,110.5,112,2393162,0.0
2017-11-08,111.35,112.44,111.02,111.47,2134385,0.0
2017-11-09,111.44,112.975,111.31,112.7615,2613127,0.0
2017-11-12,112.69,114.19,112.64,114.04,2209488,0.0
2017-11-13,113.69,116.19,113.59,115.77,3862384,0.0
2017-11-14,115.65,115.93,115.03,115.1,2904409,0.0
2017-11-15,115.39,115.835,114.94,115.23,2192792,0.0
2017-11-16,114.73,115.14,114.53,114.71,1894007,0.0
2017-11-19,114.75,115.85,114.71,114.91,2089830,0.0
2017-11-20,114.99,116.33,114.97,116.06,2097315,0.0
2017-11-21,115.77,116,114.28,115.09,2441466,0.0
2017-11-23,115.65,116.3,115.425,115.92,847739,0.0
2017-11-26,116,116.4,115.66,115.87,1903046,0.0
2017-11-27,116.26,116.83,115.3,116.82,1979124,0.0
2017-11-28,116.84,117.38,116.29,116.85,2406667,0.0
2017-11-29,116.52,117.21,116.08,116.54,2989147,0.0
2017-11-30,116.5,116.85,115.04,116.75,3570544,0.0
2017-12-03,117,118.2,116.62,117.4,2680657,0.0
2017-12-04,117.63,117.94,117.18,117.59,2088980,0.0
2017-12-05,117.53,118.91,117.53,118.89,2033622,0.0
2017-12-06,118.52,118.64,116.55,116.73,3043751,0.0
2017-12-07,116.52,116.6,115.9,116.56,2218096,0.0
2017-12-10,116.33,117.435,115.56,117.38,1544325,0.0
2017-12-11,117.6,118.37,117.12,117.41,1820611,0.0
2017-12-12,117.51,118.21,117.48,117.94,1889863,0.0
2017-12-13,117.94,118.6,117.725,118.04,2717471,0.0
2017-12-14,118.57,119.36,118.45,119.18,4343298,0.0
2017-12-17,119.3,119.74,118,118.08,2438432,0.0
2017-12-18,118.75,119.385,118.23,118.64,2348648,0.0
2017-12-19,118.66,119.12,117.56,119.05,2399215,0.0
2017-12-20,119.45,119.57,117.84,118.28,1571914,0.0
2017-12-21,118.6,118.75,118.17,118.65,1242188,0.0
2017-12-25,118.41,119.24,118.41,118.89,1505376,0.0
2017-12-26,118.87,119.4,118.8,119.29,1557329,0.0
2017-12-27,119.42,119.53,119.05,119.34,1412715,0.0
2017-12-28,119.46,120.57,119.42,119.94,1647233,0.0
2018-01-01,119.93,120.18,117.9251,118.06,2888392,0.0
2018-01-02,117.905,118.47,117.64,117.69,3027641,0.0
2018-01-03,117.73,119.11,117.6,118.32,2062927,0.0
2018-01-04,118.41,119.09,118.245,118.56,1635676,0.0
2018-01-07,118.21,118.74,117.67,117.95,3440032,0.0
2018-01-08,118.26,118.98,117.95,118.13,3485128,0.0
2018-01-09,118.13,118.36,116.7,117.455,2030567,0.0
2018-01-10,117.46,117.85,116.38,116.88,2498113,0.0
2018-01-11,116.95,118.01,116.85,117.33,3004497,0.0
2018-01-15,117.2,118.35,117.03,117.89,3341346,0.0
2018-01-16,118.33,120.17,118.21,119.2,3175629,0.0
2018-01-17,119.06,119.62,118.65,119.05,2074698,0.0
2018-01-18,119.48,120.68,118.64,120.2,3643664,0.0
2018-01-21,120.1,121.85,120,121.54,2732491,0.0
2018-01-22,121.01,122.51,120.85,121.3,2539203,0.0
2018-01-23,121.24,121.48,120.82,121.17,1989520,0.0
2018-01-24,120.61,121.4532,120.36,120.9,1833741,0.0
2018-01-25,120.61,121.84,120.61,121.745,2034894,0.0
2018-01-28,121.38,122.16,119.65,119.68,2423023,0.0
2018-01-29,119.68,121.2,119.5,119.89,2787680,0.0
2018-01-30,119.84,120.75,119.51,120.33,2084623,0.0
2018-01-31,119.92,121.01,119.28,120.3,2118016,0.0
2018-02-01,119.91,120.28,118.4,118.61,2185497,0.0
2018-02-04,118.57,119.66,114.4101,114.47,3511786,0.0
2018-02-05,112.44,113.95,110.15,113.63,4637996,0.0
2018-02-06,113.25,115.77,112.75,113.5,3335466,0.0
2018-02-07,113.65,113.72,110.09,110.15,3067782,0.0
2018-02-08,110.81,111.99,108.88,111.18,3772427,0.0
2018-02-11,111.9,112.75,111.06,111.98,3134065,0.0
2018-02-12,112,113.5,110.68,112.14,4213125,0.0
2018-02-13,111.67,111.9,108.76,109.11,5828686,0.0
2018-02-14,109.53,111.04,108.72,111.02,4046680,0.0
2018-02-15,111.06,111.7,109.76,111.06,3482559,0.0
2018-02-19,110.96,110.96,109.34,109.47,2451290,0.0
2018-02-20,109.35,109.8405,107.94,108,2945371,0.0
2018-02-21,108.33,109.97,108.02,109.27,3396037,0.0
2018-02-22,109.36,110.05,108.57,109.68,3161128,0.0
2018-02-25,110.17,111.17,110.03,110.93,3577963,0.0
2018-02-26,111.18,112.08,110.71,110.89,4417098,0.0
2018-02-27,111,111.65,109.68,109.74,2804924,0.0
2018-02-28,109.21,109.88,107.241,108.08,4134130,0.0
2018-03-01,107.91,109.32,107.9,109.01,2871637,0.0
2018-03-04,108.46,109.6,108.02,109.43,2205681,0.0
2018-03-05,109.36,109.62,108.44,109.57,2143514,0.0
2018-03-06,108.89,110.06,108.61,109.85,2438570,0.0
2018-03-07,110.03,112.13,109.58,112.07,3629580,0.0
2018-03-08,112.27,112.57,111.6424,112.53,2392853,0.0
2018-03-11,112.5,113.09,112.075,112.76,3230676,0.0
2018-03-12,113.27,113.9,112.72,113.6,3245659,0.0
2018-03-13,113.57,113.77,112.23,112.63,3246297,0.0
2018-03-14,112.34,113.25,111.66,111.97,2837298,0.0
2018-03-15,112.33,113.2,111.58,111.65,3348374,0.0
2018-03-18,111.65,111.99,110.05,110.36,2660459,0.0
2018-03-19,110.75,111.3,109.83,109.9,2216417,0.0
2018-03-20,109.89,110.08,108.53,108.74,2944901,0.0
2018-03-21,108.45,109.67,107.8,107.96,2880965,0.0
2018-03-22,108.15,108.74,105.938,106.16,3042266,0.0
2018-03-25,106.76,107.47,106.09,106.84,2751893,0.0
2018-03-26,107.23,108.54,106.51,107.61,3295606,0.0
2018-03-27,108.14,110.11,108,109.19,3585039,0.0
2018-03-28,110.12,110.66,108.97,109.161,2449429,0.0
2018-04-01,108.62,109.22,106.44,107.081,2964279,0.0
2018-04-02,107.39,108.53,106.59,108.19,3053105,0.0
2018-04-03,107.78,110.73,107.24,110.18,3124893,0.0
2018-04-04,110.43,111.18,109.75,110.57,1634827,0.0
2018-04-05,110.06,110.98,108.77,109.28,2027497,0.0
2018-04-08,109.54,110.45,108.78,109.4,1356378,0.0
2018-04-09,109.74,110.2,108.92,109.39,1846672,0.0
2018-04-10,108.57,109.47,108.42,108.69,2539518,0.0
2018-04-11,108.95,109.51,108.27,108.3,1972974,0.0
2018-04-12,108.85,109.46,108.52,109.27,1774507,0.0
2018-04-15,109.75,110.64,109.52,109.91,2005394,0.0
2018-04-16,108.63,109.08,107.98,108.8,3489091,0.0
2018-04-17,108.91,109.36,106.46,106.97,4225423,0.0
2018-04-18,106.71,106.94,105.08,105.56,4734747,0.0
2018-04-19,105.45,105.6,102.27,102.49,6647245,0.0
2018-04-22,102.55,102.8,101.84,102.59,4889437,0.0
2018-04-23,102.7,102.85,100.97,101.43,4042333,0.0
2018-04-24,101.21,102.36,100.85,101.14,3630450,0.0
2018-04-25,102.25,104.08,101.15,103.27,4673644,0.0
2018-04-26,102.22,102.99,101.65,101.71,3442420,0.0
2018-04-29,101.85,102.41,100.58,100.94,2671186,0.0
2018-04-30,100.36,100.93,98.57,99.125,3430596,0.0
2018-05-01,99.16,99.3573,97.03,97.24,4626579,0.0
2018-05-02,97.59,98.09,96.7,97.59,5047534,0.0
2018-05-03,97.55,99.77,97.5,98.99,4870335,0.0
2018-05-06,98.98,99.31,98.07,98.22,2281054,0.0
2018-05-07,97.9,97.99,96.43,96.79,3723943,0.0
2018-05-08,97.19,97.52,95.94,96.1649,4676977,0.0
2018-05-09,96.43,97.74,96.4,97.27,2373420,0.0
2018-05-10,97.58,98.26,96.88,97.44,2534335,0.0
2018-05-13,97.69,97.7299,96.73,97.15,2589447,0.0
2018-05-14,96.61,97.24,96.355,96.79,4750857,0.0
2018-05-15,96.64,97.55,96.55,97.18,3436356,0.0
2018-05-16,97.55,97.99,97.15,97.91,3781451,0.0
2018-05-17,98.31,98.45,97.32,97.52,4198970,0.0
2018-05-20,98.22,99.98,98.06,99.51,4950230,0.0
2018-05-21,99.78,100.46,99.43,99.92,5598454,0.0
2018-05-22,99.93,100.6,99.61,100.44,4280185,0.0
2018-05-23,100.31,100.58,99.76,100.19,3457135,0.0
2018-05-24,100.18,101.11,99.9,100.31,3914612,0.0
2018-05-28,100,101.285,100,101.1,4854620,0.0
2018-05-29,101.66,102.24,101.09,101.84,4166144,0.0
2018-05-30,100.92,101.3,99.66,100.24,3844025,0.0
2018-05-31,100.54,100.93,99.65,100.25,3320841,0.0
2018-06-03,100.77,101.09,100.025,100.11,2577498,0.0
2018-06-04,100.46,100.9595,99.88,100.21,3606723,0.0
2018-06-05,100.4,100.86,99.815,100.83,2767991,0.0
2018-06-06,100.51,101.51,100.33,101.15,3586123,0.0
2018-06-07,101.13,102.61,101.13,102.48,3218929,0.0
2018-06-10,102.61,103.41,102.27,103.2,2714394,0.0
2018-06-11,103.23,104.55,102.82,104.47,3854981,0.0
2018-06-12,104.22,105.6,104.16,105.26,5342329,0.0
2018-06-13,105.26,105.36,104.43,105.14,3558354,0.0
2018-06-14,105.03,107.75,104.82,107.61,6114411,0.0
2018-06-17,107.01,107.21,104.83,105.39,3615578,0.0
2018-06-18,105.49,106.68,105.22,105.97,3231766,0.0
2018-06-19,105.73,106.11,105.36,105.81,3451624,0.0
2018-06-20,106.57,107.425,106.3,107.25,4522426,0.0
2018-06-21,107.24,108.67,107.14,108.38,3418988,0.0
2018-06-24,107.96,109.59,107.71,109.01,3792463,0.0
2018-06-25,109.05,109.17,107.47,108.06,3300783,0.0
2018-06-26,108.37,108.955,107.62,108.28,3948580,0.0
2018-06-27,108.42,109.3,108.3,108.68,2870780,0.0
2018-06-28,108.61,109.5,107.8,108.89,2805544,0.0
2018-07-01,108.7,110,108.31,109.51,3487054,0.0
2018-07-02,108.61,109.57,108.055,108.84,2764124,0.0
2018-07-04,108.91,109.615,108,109.54,3096098,0.0
2018-07-05,109.49,110.02,108.97,109.57,3051355,0.0
2018-07-08,109.27,109.3,107.52,107.76,6040686,0.0
2018-07-09,110.53,113,109.68,112.89,12649762,0.0
2018-07-10,112.64,112.94,112.1,112.5362,4079290,0.0
2018-07-11,112.54,112.71,110.97,111.57,4317521,0.0
2018-07-12,111.68,112.79,111.62,112.7,2951023,0.0
2018-07-15,112.56,113.121,111.7511,112.97,2569808,0.0
2018-07-16,113.47,115.03,113.47,114.87,5055457,0.0
2018-07-17,114.92,115,113.89,114.8,3791149,0.0
2018-07-18,114.77,116.59,114.75,115.78,6136106,0.0
2018-07-19,115.75,116.79,115.22,116.04,8801052,0.0
2018-07-22,115.52,115.98,113.58,114.39,4644912,0.0
2018-07-23,114.11,114.92,113.85,114.75,3473407,0.0
2018-07-24,114.94,115.67,114.5,115.21,2879478,0.0
2018-07-25,116.14,116.9,114.88,115,2915600,0.0
2018-07-26,114.77,115.35,114.025,114.29,2874594,0.0
2018-07-29,113.78,114.59,113.67,114.19,2292575,0.0
2018-07-30,114.66,115.49,114.11,115,2599943,0.0
2018-07-31,114.48,114.525,113.225,113.6,2732998,0.0
2018-08-01,113.6,114.93,113.09,114.7,2726068,0.0
2018-08-02,114.68,116.7,114.37,116.3,2640136,0.0
2018-08-05,117.25,118.44,116.9,117.39,5148744,0.0
2018-08-06,116.45,116.46,113.53,114.21,5128881,0.0
2018-08-07,114.52,114.85,113.47,113.49,3692497,0.0
2018-08-08,114.12,114.12,113.38,113.69,2490087,0.0
2018-08-09,113.59,113.97,112.57,112.85,2614243,0.0
2018-08-12,112.81,113.14,112.01,113.02,2431015,0.0
2018-08-13,112.7,113.49,112.11,113.09,2601989,0.0
2018-08-14,112.76,113.74,112.25,113.49,3612509,0.0
2018-08-15,113.74,114.73,113.37,114.29,3163958,0.0
2018-08-16,114,115.09,114,114.99,2162577,0.0
2018-08-19,114.99,115.85,114.6,114.84,2602317,0.0
2018-08-20,115.25,115.25,113.65,113.72,3141264,0.0
2018-08-21,113.7,113.82,111.96,112.24,3024894,0.0
2018-08-22,112.17,112.23,111.51,111.92,2937381,0.0
2018-08-23,111.87,112.5299,111.8,112.14,2035542,0.0
2018-08-26,112.59,112.77,111.83,112.42,1881295,0.0
2018-08-27,112.22,112.445,110.89,111.18,3082358,0.0
2018-08-28,111.3,112.1173,111.22,112.04,1541869,0.0
2018-08-29,111.87,112.23,111.55,111.97,1453990,0.0
2018-08-30,111.77,112.58,111.26,112,2464261,0.0
2018-09-03,111.82,112.09,110.45,111.01,3181328,0.0
2018-09-04,110.76,113.17,110.7,113.14,2789417,0.0
2018-09-05,112,113.53,111.44,113.5,3203500,0.0
2018-09-06,112.85,113.5,111.51,112.75,2515787,0.0
2018-09-09,112.92,113.99,112.7,113.58,2007759,0.0
2018-09-10,111.85,113.745,111.85,113.34,1815149,0.0
2018-09-11,113.31,114.2311,113.04,113.85,2139849,0.0
2018-09-12,114.58,115.01,113.694,114.99,2121066,0.0
2018-09-13,114.89,114.89,113.722,114.56,1751475,0.0
2018-09-16,114.6,115.45,114.22,115.4,1925229,0.0
2018-09-17,115.475,115.475,113.69,114,2697956,0.0
2018-09-18,113.95,114.24,113.46,113.77,2010499,0.0
2018-09-19,114.23,115.51,114.11,115.22,2092726,0.0
2018-09-20,115.26,115.52,114.835,114.88,4099011,0.0
2018-09-23,114.1,114.72,112.2,112.27,1935897,0.0
2018-09-24,112.64,112.75,111.76,111.98,2177489,0.0
2018-09-25,112.27,112.86,111.31,111.54,2281832,0.0
2018-09-26,111.43,112.4,110.91,111.07,2352894,0.0
2018-09-27,111.54,112.05,110.91,111.805,3114456,0.0
2018-09-30,112.15,112.48,110.67,110.83,3316634,0.0
2018-10-01,110.45,111.11,107.7,108.72,5186945,0.0
2018-10-02,109.21,109.71,107.17,107.5,4004644,0.0
2018-10-03,106.85,107.4,105.8,106.63,3349671,0.0
2018-10-04,106.25,107.01,105.98,106.46,2462686,0.0
2018-10-07,106.36,108.34,106.31,108.19,2282548,0.0
2018-10-08,108.68,108.94,107.52,108.14,2987453,0.0
2018-10-09,107.59,109.35,107.2,107.35,3809754,0.0
2018-10-10,108.21,108.48,104.9,105.06,3882400,0.0
2018-10-11,105.38,105.76,104.53,105.27,2776551,0.0
2018-10-14,105.2,106.65,105.17,105.63,1977868,0.0
2018-10-15,106.31,107.69,105.8401,107.39,2523271,0.0
2018-10-16,107.21,108.7785,107.19,108.32,2758782,0.0
2018-10-17,108.48,109.3457,107.55,107.94,2714331,0.0
2018-10-18,108.77,110.6,108.49,110.29,3812736,0.0
2018-10-21,110.09,110.89,109.2438,109.39,3130212,0.0
2018-10-22,108.93,110.53,108.32,110.13,3396374,0.0
2018-10-23,110.2,114.16,109.95,112.96,6355485,0.0
2018-10-24,113.04,113.27,111.4222,112.841,4860405,0.0
2018-10-25,111.6,112.06,109.69,110.46,4043886,0.0
2018-10-28,111.29,113.31,111.1432,113.05,3427704,0.0
2018-10-29,113.75,114.23,112.6,113.77,2994440,0.0
2018-10-30,113.57,113.67,111.19,112.38,3029182,0.0
2018-10-31,112,113.14,110.98,111.47,3542942,0.0
2018-11-01,111.49,112.1,109.63,111.09,4260189,0.0
2018-11-04,111.69,114.44,111.28,114.36,3667964,0.0
2018-11-05,114.03,115.35,113.86,115.21,3036006,0.0
2018-11-06,115.45,115.77,114.44,115.61,3453238,0.0
2018-11-07,115.38,116.5,115.25,116.08,1848360,0.0
2018-11-08,116.08,117.71,116.08,117.47,3674532,0.0
2018-11-11,117,118.32,116.71,116.98,3248987,0.0
2018-11-12,117.75,117.75,116.21,117.139,2365746,0.0
2018-11-13,117.44,117.48,116.27,116.64,3479382,0.0
2018-11-14,116.43,116.99,115.6,116.8,3032323,0.0
2018-11-15,117.05,118.48,116.84,118.38,3557819,0.0
2018-11-18,118.08,119.52,117.965,119.02,3557891,0.0
2018-11-19,119.8,120.28,115.78,116.01,4361552,0.0
2018-11-20,115.89,116.89,114.92,115.27,2626677,0.0
2018-11-22,114.78,116.57,114.78,115.42,1121983,0.0
2018-11-25,115.88,116.4303,114.99,115.82,2272764,0.0
2018-11-26,115.37,116.5269,114.9,116.46,2519144,0.0
2018-11-27,115.98,118.52,115.57,118.49,2965982,0.0
2018-11-28,118.4,119.92,117.44,118.27,2211074,0.0
2018-11-29,118.13,122,118.13,121.9,5070726,0.0
2018-12-02,120.48,120.91,117.51,118.95,5303752,0.0
2018-12-03,119.37,120.61,117.45,117.79,5376257,0.0
2018-12-05,116.31,117.38,114.1,116.83,4224552,0.0
2018-12-06,116.37,116.98,115.38,115.83,3448067,0.0
2018-12-09,116.4,116.6197,114.46,116.18,2589619,0.0
2018-12-10,116.9,118.19,116.68,117.3,3148501,0.0
2018-12-11,118.34,118.59,116.41,117,3606701,0.0
2018-12-12,117.14,118.89,117.11,118.35,5298480,0.0
2018-12-13,117.32,117.55,113.67,114,6071064,0.0
2018-12-16,114.37,115.07,112.2,112.9,4431679,0.0
2018-12-17,113.22,113.53,110.75,111.84,3957193,0.0
2018-12-18,112.63,113.19,109.63,110.05,5133209,0.0
2018-12-19,110.2,111.93,109.2,110.2,6305021,0.0
2018-12-20,110.96,114.16,108.81,109.45,10660293,0.0
2018-12-23,110.13,111.09,105.96,106.04,2815402,0.0
2018-12-25,106.22,108.44,105.03,108.31,3353658,0.0
2018-12-26,107.77,109.47,106.03,109.4,3474552,0.0
2018-12-27,110.09,111.1,109.22,110.02,3459258,0.0
2018-12-30,110.58,111.09,109.32,109.98,3549911,0.0
2019-01-01,109.15,110.0197,108.23,109.09,3146201,0.0
2019-01-02,108.91,110.15,108.08,108.45,4010404,0.0
2019-01-03,109.54,110.58,108.24,110.5,3993537,0.0
2019-01-06,110.01,110.38,108.65,109.575,3679901,0.0
2019-01-07,110.14,110.8,109.42,110.51,4563105,0.0
2019-01-08,110.33,110.87,107.51,107.63,6068155,0.0
2019-01-09,107.41,108.34,107.3565,108.05,5296272,0.0
2019-01-10,107.86,108.5,107.64,108.14,4534159,0.0
2019-01-13,107.85,107.96,106.96,107.41,4150632,0.0
2019-01-14,107.46,109.07,106.73,108.93,3839705,0.0
2019-01-15,108.99,109.05,107.7,108.32,3792588,0.0
2019-01-16,108.14,109.47,108.09,109.13,3078273,0.0
2019-01-17,109.84,110.295,109.17,109.9099,4419156,0.0
2019-01-21,109.86,110.23,108.78,109.77,3439052,0.0
2019-01-22,109.68,110.68,109.51,110.66,3790386,0.0
2019-01-23,110.31,110.31,108.41,109.51,3274144,0.0
2019-01-24,110.15,110.59,109.04,109.3,3754611,0.0
2019-01-27,108.96,109.6,108,108.75,3446019,0.0
2019-01-28,108.93,109.62,108.51,108.96,3320846,0.0
2019-01-29,108.94,111.24,108.54,110.87,4182334,0.0
2019-01-30,110.97,112.88,110.21,112.88,4220603,0.0
2019-01-31,112.95,113.28,111.45,112.16,4159373,0.0
2019-02-03,112.21,113.4,111.85,113.01,2670398,0.0
2019-02-04,113.03,113.54,112.49,112.93,3010661,0.0
2019-02-05,113.41,113.58,112.3,113.1,2871840,0.0
2019-02-06,112.82,113.16,112.16,112.89,2947489,0.0
2019-02-07,112.93,113.03,111.93,112.88,2836707,0.0
2019-02-10,113.16,113.58,112.6443,113,2878519,0.0
2019-02-11,113.23,114.5,112.22,113.76,5465377,0.0
2019-02-12,114.11,114.73,113.63,114.11,4082450,0.0
2019-02-13,113,113,111.88,112.6399,5473923,0.0
2019-02-14,115.85,116.28,114.11,115.88,7564000,0.0
2019-02-18,116.8,116.97,115.2,115.82,4700710,0.0
2019-02-19,115.75,116.64,115.41,115.84,4107780,0.0
2019-02-20,115.5,116.93,115.47,116.08,3710592,0.0
2019-02-21,116.11,116.77,115.59,116.76,3831711,0.0
2019-02-24,117.17,117.3,115.71,116.06,2937628,0.0
2019-02-25,116.37,116.5,115.43,115.98,2760435,0.0
2019-02-26,115.54,115.7,114.41,115.36,3063600,0.0
2019-02-27,114.74,116.22,114.21,115.7,4085470,0.0
2019-02-28,115.7,116.37,115.23,116.19,2814647,0.0
2019-03-03,116.55,116.93,115.5,116.23,2874982,0.0
2019-03-04,115.98,116.82,115.6632,116.03,2814211,0.0
2019-03-05,115.78,116.83,115.58,116.63,3968124,0.0
2019-03-06,116.21,117.33,115.7,116.08,3488960,0.0
2019-03-07,115.83,116.26,114.26,115.22,3869942,0.0
2019-03-10,115.3,116.705,114.98,116.56,3797077,0.0
2019-03-11,116.75,117.21,116.01,116.61,3749136,0.0
2019-03-12,116.88,117.56,116.455,116.59,4267271,0.0
2019-03-13,116.86,116.98,115.45,115.56,6917062,0.0
2019-03-14,116.28,116.53,115.37,115.56,7080530,0.0
2019-03-17,116.17,117.3885,116.05,117.26,5014516,0.0
2019-03-18,117.36,118.745,117.25,118.1,4253814,0.0
2019-03-19,118.07,119.48,117.35,118.32,4746216,0.0
2019-03-20,118.01,119.665,118.01,119.46,3309384,0.0
2019-03-21,119.5,121.29,119.4467,120.73,5315570,0.0
2019-03-24,120.26,121.29,120.08,120.85,3837905,0.0
2019-03-25,121.46,122.16,121.26,122.02,3950939,0.0
2019-03-26,122.46,123.19,121.19,121.88,4193201,0.0
2019-03-27,121.89,122.47,121.585,121.83,2257974,0.0
2019-03-28,122.29,122.755,121.27,122.52,3104183,0.0
2019-03-31,122.59,122.89,121.795,121.93,1681259,0.0
2019-04-01,121.9,122.255,121.56,121.67,2653265,0.0
2019-04-02,121.68,122.23,120.74,121.54,3171308,0.0
2019-04-03,121.81,122.125,121.169,121.47,2415002,0.0
2019-04-04,121.35,121.67,120.82,121.61,2894417,0.0
2019-04-07,121.72,122.04,121.21,121.99,2255602,0.0
2019-04-08,121.74,122.2,120.85,122.19,3259868,0.0
2019-04-09,122.35,122.7,121.66,122.03,2081670,0.0
2019-04-10,122.36,122.75,121.17,121.67,2920231,0.0
2019-04-11,121.53,122.33,121.15,122.24,2842985,0.0
2019-04-14,122.44,124,122.36,123.66,3560739,0.0
2019-04-15,123.22,123.82,121.89,122.39,4437554,0.0
2019-04-16,125,127.11,123.84,126.99,5893313,0.0
2019-04-17,128.23,128.26,126.7282,127.13,6034253,0.0
2019-04-21,126.77,127.24,125.88,126.44,2823811,0.0
2019-04-22,126.68,127.54,126.12,127.09,3201374,0.0
2019-04-23,127.41,127.98,126.67,126.95,2504971,0.0
2019-04-24,125.65,126.3999,125.18,126.09,3671826,0.0
2019-04-25,126.52,127.245,126.115,126.39,2564476,0.0
2019-04-28,126.14,126.96,126.02,126.68,2205241,0.0
2019-04-29,127.05,128.39,126.34,128,3629294,0.0
2019-04-30,127.85,128,127.01,127.22,2873720,0.0
2019-05-01,127.24,127.55,126.17,126.83,2497094,0.0
2019-05-02,127.1,128.18,126.92,127.67,2068268,0.0
2019-05-05,127.3,127.6253,126.76,127.28,1961083,0.0
2019-05-06,126.64,126.95,125.18,125.99,2598316,0.0
2019-05-07,125.8,126.74,124.95,126.05,2257529,0.0
2019-05-08,125.77,126.54,124.85,126.04,2467607,0.0
2019-05-09,126.14,128.28,125.62,128.02,3199647,0.0
2019-05-12,127.02,127.94,126.63,127.16,3521942,0.0
2019-05-13,127.56,128.51,127.285,127.4,3072188,0.0
2019-05-14,127.1,129.87,127.1,129.35,3119734,0.0
2019-05-15,129.37,130.745,128.76,130.27,3044031,0.0
2019-05-16,129.92,130.87,129.65,130.51,3418898,0.0
2019-05-19,130.04,130.45,129.55,129.99,2813761,0.0
2019-05-20,130.58,130.58,128.855,129.07,2846198,0.0
2019-05-21,129.1,130.64,128.9483,130.08,2765063,0.0
2019-05-22,129.6,130.9,129.51,129.96,3116909,0.0
2019-05-23,130.33,130.48,128.96,129.49,2257356,0.0
2019-05-27,129.5,129.9,127.36,127.62,3096683,0.0
2019-05-28,127.58,128.31,126.84,128.11,3827833,0.0
2019-05-29,128.15,128.91,127.78,128.61,2331443,0.0
2019-05-30,128,128.45,126.99,127.97,2633948,0.0
2019-06-02,127.52,129.155,127.49,128.94,2754932,0.0
2019-06-03,129.75,129.81,128.02,129.06,3472047,0.0
2019-06-04,129.22,131.605,128.8625,131.4,4332641,0.0
2019-06-05,131.21,132.2703,130.56,132,3551574,0.0
2019-06-06,132.84,134.71,132.59,133.45,4410242,0.0
2019-06-09,133.18,133.68,132.36,133.58,2356012,0.0
2019-06-10,134.06,134.3392,132.69,133.18,2786518,0.0
2019-06-11,134.01,134.44,132.66,133.15,2733704,0.0
2019-06-12,133.45,133.79,131.85,132.94,4526332,0.0
2019-06-13,133.01,133.54,132.555,132.75,4355891,0.0
2019-06-16,132.72,133.235,131.885,132.51,2105831,0.0
2019-06-17,134.42,134.42,131.8625,132.12,3497433,0.0
2019-06-18,132.06,133.29,131.33,132.85,2885832,0.0
2019-06-19,133.87,134.45,133.34,134.11,2918870,0.0
2019-06-20,134.16,134.56,133.63,133.97,5854070,0.0
2019-06-23,134.65,135.242,133.94,134.16,2469299,0.0
2019-06-24,133.98,134.48,133.54,133.82,2971513,0.0
2019-06-25,133.06,133.77,132.3,132.32,4045769,0.0
2019-06-26,132.25,132.44,131.38,131.67,3003159,0.0
2019-06-27,131.77,132.28,130.76,131.04,3015655,0.0
2019-06-30,131.99,132.29,131.07,131.86,2972588,0.0
2019-07-01,132.09,132.65,131.35,132.43,2726736,0.0
2019-07-02,132.98,134.05,132.77,133.96,2098005,0.0
2019-07-04,132.89,133.4899,131.55,133.03,2580639,0.0
2019-07-07,133.1,133.39,132.04,132.56,4493812,0.0
2019-07-08,133,133.4,130.72,131.73,6788900,0.0
2019-07-09,132.4,134.45,131.87,134.41,5271919,0.0
2019-07-10,134.21,134.74,133.35,134.35,3528967,0.0
2019-07-11,134,134.43,132.61,133.28,3742972,0.0
2019-07-14,133.6,134.16,132.55,134.14,2582528,0.0
2019-07-15,134.08,135.24,133.05,133.81,3565326,0.0
2019-07-16,133.92,134.28,132.47,132.78,2883740,0.0
2019-07-17,132.61,133.2,131.52,132.88,3034862,0.0
2019-07-18,133.17,133.19,130.01,130.13,4355293,0.0
2019-07-21,130.49,130.813,129.63,130.28,2576949,0.0
2019-07-22,131.13,132.24,130.41,130.75,3268102,0.0
2019-07-23,131.2,131.2,128.62,129.21,3413867,0.0
2019-07-24,128.63,129.525,128.39,129.01,2813794,0.0
2019-07-25,129.44,131.42,128.71,131.21,3650523,0.0
2019-07-28,131.5,132.06,131.1755,131.52,3315511,0.0
2019-07-29,131.34,132.08,130.23,130.49,2865819,0.0
2019-07-30,130.31,130.48,126.24,127.81,4323777,0.0
2019-07-31,128.96,129.4,126.79,127.16,4798560,0.0
2019-08-01,127.1,128.82,126.5049,127.95,4019442,0.0
2019-08-04,128.35,129.15,123.88,124.37,4157006,0.0
2019-08-05,124.78,127,124.38,126.45,4418085,0.0
2019-08-06,126.4,128.34,124.63,127.8,4835516,0.0
2019-08-07,127.79,129.75,127.0005,129.5,2571381,0.0
2019-08-08,129.71,129.74,127.32,128.63,2062034,0.0
2019-08-11,128.45,129.15,127.87,128.35,1981429,0.0
2019-08-12,128.28,130.38,127.94,129.96,2842686,0.0
2019-08-13,129.52,130.53,128.8,129.17,4007220,0.0
2019-08-14,129.66,131.22,129.4,130.69,3201748,0.0
2019-08-15,131.42,132.32,130.64,131.71,2497728,0.0
2019-08-18,132.07,132.85,131.94,132.58,2209040,0.0
2019-08-19,132.8,133.1,131.93,132.08,2395681,0.0
2019-08-20,132.91,133.64,131.6236,132.34,2238545,0.0
2019-08-21,131.75,132.93,131.32,132.67,1729201,0.0
2019-08-22,132.45,133.35,129.54,130.4,2891541,0.0
2019-08-25,130.82,133.75,130.586,133.74,2999120,0.0
2019-08-26,134.2,135.3597,133.68,134.75,4818707,0.0
2019-08-27,134.5,135.34,134.28,135.2,3405065,0.0
2019-08-28,135.61,136.44,134.52,136.02,2558873,0.0
2019-08-29,136.39,137.11,135.76,136.75,2617714,0.0
2019-09-02,136.35,137.67,135.88,137.5,2382514,0.0
2019-09-03,137.81,139.18,137.25,139.17,2515431,0.0
2019-09-04,138.8,138.8,135.55,135.99,3966727,0.0
2019-09-05,136.93,137.42,136.02,137.37,2451720,0.0
2019-09-08,136.4,136.68,135.4275,136.41,2787105,0.0
2019-09-09,135.74,136.515,134.68,135.86,3078328,0.0
2019-09-10,135.27,136.79,134.88,136.31,3937163,0.0
2019-09-11,136.74,138.29,136.74,137.29,3131071,0.0
2019-09-12,136.08,136.95,135.68,136.42,2783794,0.0
2019-09-15,136.39,136.5,134.38,134.88,2119571,0.0
2019-09-16,134.96,136.31,134.51,135.68,2233649,0.0
2019-09-17,135.81,135.9999,134.1,135.54,1826950,0.0
2019-09-18,135.41,135.84,135.08,135.45,2062224,0.0
2019-09-19,135,135.76,134.48,134.49,6746423,0.0
2019-09-22,134.96,135.75,134.96,135.47,2201453,0.0
2019-09-23,136.25,136.445,134.58,135.41,3440739,0.0
2019-09-24,135.21,135.66,134.51,135.1,2754756,0.0
2019-09-25,135.87,136.33,135.01,135.74,3008115,0.0
2019-09-26,136.24,136.24,134.67,135.59,2795212,0.0
2019-09-29,136.07,137.73,135.87,137.15,2477175,0.0
2019-09-30,136.93,137.94,136.09,137.38,2937083,0.0
2019-10-01,136.89,137.38,133.485,134.07,4645472,0.0
2019-10-02,138.44,139.75,136.5,137.89,7882275,0.0
2019-10-03,137.84,140.45,137.62,140.25,8498221,0.0
2019-10-06,139.29,139.61,137.97,138.35,7641921,0.0
2019-10-07,138.46,138.46,137.08,137.24,6685593,0.0
2019-10-08,137.32,138.17,136.83,137.85,4944634,0.0
2019-10-09,137.11,138.25,136.64,137.95,3346402,0.0
2019-10-10,138.08,138.7,137.09,137.59,4324956,0.0
2019-10-13,137.84,138.3,137.24,137.45,3650308,0.0
2019-10-14,137.48,137.945,136.16,136.3,5655809,0.0
2019-10-15,136.14,136.49,135.5756,136.41,4103288,0.0
2019-10-16,137.07,137.6153,136.6,136.98,3566489,0.0
2019-10-17,137.27,137.37,136.23,136.25,6480902,0.0
2019-10-20,136.13,136.74,135.66,136.13,1834003,0.0
2019-10-21,136.65,137.35,136.31,136.63,2480172,0.0
2019-10-22,136.61,137.5,136.61,137.43,1817327,0.0
2019-10-23,137.7,138.11,136.79,137.89,1794739,0.0
2019-10-24,137.78,137.92,136.23,136.6,1753822,0.0
2019-10-27,136.55,137.55,136.15,136.56,2729384,0.0
2019-10-28,136.83,137.12,135.94,136.07,1825580,0.0
2019-10-29,135.86,137.285,135.41,136.89,1862550,0.0
2019-10-30,136.8,137.53,136.1,137.19,2170731,0.0
2019-10-31,137.55,138.34,136.7,136.9,2481548,0.0
2019-11-03,136.8,137.1,134.73,135.14,2331238,0.0
2019-11-04,134.83,135.1001,132.6,134.05,3575817,0.0
2019-11-05,134.5,134.88,133.55,134.42,2841923,0.0
2019-11-06,134.41,134.5,133.12,133.31,2371838,0.0
2019-11-07,133.29,134.13,132.57,133.09,1952808,0.0
2019-11-10,133.03,133.03,131.965,132.37,1939927,0.0
2019-11-11,132.68,132.68,131.59,131.98,2329616,0.0
2019-11-12,132.63,133.57,132.01,133.29,2283918,0.0
2019-11-13,133.6,133.91,132.73,133.35,1619578,0.0
2019-11-14,133.66,133.92,132.8,133.83,3033915,0.0
2019-11-17,134,135.69,133.91,134.06,2545842,0.0
2019-11-18,134.65,135.06,134.0692,134.6,2025382,0.0
2019-11-19,134.31,135.2,133.4,133.73,2150352,0.0
2019-11-20,133.43,134.21,133.086,133.91,2487709,0.0
2019-11-21,133.92,134.53,133.02,134.07,1714309,0.0
2019-11-24,134.66,134.78,133.2101,133.81,2145692,0.0
2019-11-25,134.29,135.865,133.8703,135.7,2407920,0.0
2019-11-26,135.7,136.52,135.33,135.91,1741990,0.0
2019-11-28,136.06,136.42,135.26,135.86,1228712,0.0
2019-12-01,136.12,136.65,134.44,135.88,2856095,0.0
2019-12-02,136.66,136.66,134.32,135.445,3636801,0.0
2019-12-03,134.95,137.37,134.54,137.28,3058157,0.0
2019-12-04,136.19,136.54,135.27,136.34,2347669,0.0
2019-12-05,136.67,137.69,136.3397,137.43,2170176,0.0
2019-12-08,137.15,138.04,137,137.15,2117733,0.0
2019-12-09,137.61,137.61,136.17,136.28,2354126,0.0
2019-12-10,137.05,137.54,136.32,137.05,2192699,0.0
2019-12-11,136.8,137.9,136.75,137.18,2456307,0.0
2019-12-12,136.93,138.25,136.19,137.93,2623055,0.0
2019-12-15,136.95,137.52,136.16,137.05,2901795,0.0
2019-12-16,137.05,137.44,135.685,136.13,2836437,0.0
2019-12-17,137.05,137.25,135.625,135.96,2803094,0.0
2019-12-18,136.22,136.74,135.95,136.46,2058392,0.0
2019-12-19,137.41,138.13,135.16,137.95,6951090,0.0
2019-12-22,137.69,138.13,136.84,137.04,2056229,0.0
2019-12-23,137.09,137.38,136.27,136.89,1041659,0.0
2019-12-25,136.86,137.34,136.1,136.67,1440913,0.0
2019-12-26,136.88,137.58,136.63,137.54,1919850,0.0
2019-12-29,137.33,137.97,136.48,136.88,1866646,0.0
2019-12-30,136.69,137.2625,136.03,136.62,1846286,0.0
2020-01-01,136.87,137.23,135.14,135.81,2561080,0.0
2020-01-02,135.46,136.79,135.125,135.68,2756117,0.0
2020-01-05,135.3,136.32,135.2012,136.155,2444550,0.0
2020-01-06,135.97,136,133.95,134.03,3053064,0.0
2020-01-07,134.5,135.36,134.07,134.7,2145505,0.0
2020-01-08,135.29,135.38,134.53,134.8,2240223,0.0
2020-01-09,135.17,135.42,134.39,134.54,2519802,0.0
2020-01-12,134.65,136.59,134.63,136.51,3042282,0.0
2020-01-13,136.18,136.94,135.695,136.86,2350021,0.0
2020-01-14,137.04,139.25,136.8,139.22,3584573,0.0
2020-01-15,139.35,140.16,138.6,139.61,2919429,0.0
2020-01-16,140.1,141.32,139.9,141.27,4771511,0.0
2020-01-20,140.61,142.12,140.34,141.86,5815224,0.0
2020-01-21,141.81,143.57,141.72,143.38,7556684,0.0
2020-01-22,143.08,143.85,142.37,143.65,4942581,0.0
2020-01-23,143.83,144.15,142.45,142.92,4167400,0.0
2020-01-26,141.65,143.36,141.05,142.18,2375063,0.0
2020-01-27,142.13,142.92,141.76,142.44,1834858,0.0
2020-01-28,141.725,142.45,141.17,141.77,2062558,0.0
2020-01-29,142.32,143.96,141.52,143.85,2613116,0.0
2020-01-30,143.81,144.65,141.575,141.99,2740753,0.0
2020-02-02,142.77,143.075,141.84,142.5,2535198,0.0
2020-02-03,143.54,144.06,142.1,143.25,2279853,0.0
2020-02-04,143.68,144.59,143.43,144.31,2478126,0.0
2020-02-05,144.64,145.2977,144.0702,144.32,2412497,0.0
2020-02-06,144.26,145.72,143.83,145.4,2424656,0.0
2020-02-09,145.93,146.42,145.13,145.71,2806654,0.0
2020-02-10,146.21,146.36,144.87,146.07,3154318,0.0
2020-02-11,146.83,146.83,145.35,146.06,3110490,0.0
2020-02-12,145.25,147.13,143.52,146.52,4005577,0.0
2020-02-13,146.57,147.15,145.94,147,2919719,0.0
2020-02-17,147.11,147.2,145.4,145.52,2699400,0.0
2020-02-18,145.62,146.48,145.49,145.53,2118918,0.0
2020-02-19,145.77,145.8,143.95,145.16,2226271,0.0
2020-02-20,145.06,145.92,144.805,145.88,3339100,0.0
2020-02-23,145.86,147.15,142.56,142.64,3954636,0.0
2020-02-24,142.59,144.38,140.57,141.1,4813852,0.0
2020-02-25,142.435,143.75,141.16,141.99,4788415,0.0
2020-02-26,141.41,143.14,136.31,136.31,6615499,0.0
2020-02-27,133.24,133.75,128.35,132.41,11409273,0.0
2020-03-01,132,137.77,131.72,137.61,6436346,0.0
2020-03-02,137.19,139.67,134.74,135.58,6534501,0.0
2020-03-03,136.19,142.71,136.01,142.39,5692619,0.0
2020-03-04,138.81,141.42,136.67,138.1,4600228,0.0
2020-03-05,131.56,138.17,131.4532,137.27,5395583,0.0
2020-03-08,130.18,133.35,128.18,130.15,14096128,0.0
2020-03-09,132.05,134.57,126.86,134.23,6933457,0.0
2020-03-10,130.58,132.54,127.63,129.66,12011444,0.0
2020-03-11,122.1,125,113.59,115.34,21795396,0.0
2020-03-12,120.68,127.59,115.07,127.45,19093902,0.0
2020-03-15,114.69,123.82,112,113.07,17943368,0.0
2020-03-16,116.7,127.86,116.39,127.72,12303332,0.0
2020-03-17,120.84,127.72,113.7701,126.6,23543404,0.0
2020-03-18,121.43,122.09,116.06,117.34,7600780,0.0
2020-03-19,118.24,118.45,101.42,103.94,12483250,0.0
2020-03-22,106,112.87,102.87,105.03,22516241,0.0
2020-03-23,109.93,114.43,109.365,113.84,8496066,0.0
2020-03-24,112.74,116.36,111.04,112.5,7528890,0.0
2020-03-25,112.71,121.8,112.58,120.26,15224382,0.0
2020-03-26,118.57,124.65,117.99,120.35,7479331,0.0
2020-03-29,121.61,125.84,121.51,125.53,4878033,0.0
2020-03-30,124.94,125.695,119.5267,120.09,10060190,0.0
2020-03-31,117.27,122.3,115.665,118.12,5276497,0.0
2020-04-01,117.215,125.177,116.48,123.87,4357618,0.0
2020-04-02,123.19,125.37,122.44,124.67,5864324,0.0
2020-04-05,128.85,132.13,125.29,131.18,11889458,0.0
2020-04-06,132.71,135.08,130.29,130.49,10073350,0.0
2020-04-07,130.04,133.295,129.13,132.6742,8284696,0.0
2020-04-08,132.09,135.08,131.51,133.62,9379480,0.0
2020-04-12,131.69,133.3499,129.43,130.83,2908148,0.0
2020-04-13,133.22,138.63,132.35,138.5,4914960,0.0
2020-04-14,137.14,137.56,133.7,135.09,15848168,0.0
2020-04-15,136.9662,136.9662,133.85,135.71,6082237,0.0
2020-04-16,137.73,138,134.91,137.56,10167652,0.0
2020-04-19,136.9355,137.38,134.51,134.52,9655358,0.0
2020-04-20,132.14,132.94,130.59,130.94,9855680,0.0
2020-04-21,132.44,133.349,131.22,132.54,10763348,0.0
2020-04-22,132.5,134.14,130.03,130.2,8067972,0.0
2020-04-23,130.87,134.82,130.65,134.29,8125413,0.0
2020-04-26,134.42,135.21,133.89,134.54,12791213,0.0
2020-04-27,136.78,137.68,134.66,136.35,4833465,0.0
2020-04-28,136.77,136.98,132.9,133.29,5529113,0.0
2020-04-29,132.41,133.17,130.42,132.1,9184833,0.0
2020-04-30,131.12,132.225,129.52,130.29,3379056,0.0
2020-05-03,130.17,131.35,129.325,130.92,8122379,0.0
2020-05-04,131.64,133.33,130.77,131.72,2855520,0.0
2020-05-05,131.58,132.23,130.69,130.8,2901707,0.0
2020-05-06,131.55,132,130.12,131.56,4187336,0.0
2020-05-07,133.07,135.16,132.46,134.15,7017194,0.0
2020-05-10,133.43,136.2,133.17,134.32,2648945,0.0
2020-05-11,134.755,136.38,132.86,132.87,3080430,0.0
2020-05-12,133.18,134.47,131.45,132.97,8570608,0.0
2020-05-13,132.71,133.56,130.15,133.1,9579436,0.0
2020-05-14,133.77,137.66,132.787,135.93,13203965,0.0
2020-05-17,136.85,137.99,135.06,135.46,12284692,0.0
2020-05-18,134.43,134.76,131.4,131.73,5787308,0.0
2020-05-19,132.54,132.6841,130.34,131.26,7226459,0.0
2020-05-20,130.98,131.44,129.61,130.23,3630732,0.0
2020-05-21,129.61,130.63,129.17,130.48,2904486,0.0
2020-05-25,131.94,132.05,129.4,129.75,8514048,0.0
2020-05-26,129.72,130.84,128.58,130.82,4235616,0.0
2020-05-27,131.21,132.73,130.11,132.36,4194955,0.0
2020-05-28,132.01,132.24,130.32,131.55,11035224,0.0
2020-05-31,131.6,133.9461,131.19,132.99,6995328,0.0
2020-06-01,133.05,133.81,131.12,132.68,4459712,0.0
2020-06-02,133.24,134.275,132.6,132.8,9168040,0.0
2020-06-03,131.59,133.56,130.18,130.6,4479808,0.0
2020-06-04,131,133.52,130.77,132.41,11478068,0.0
2020-06-07,131.38,132.465,131.235,132.21,6953156,0.0
2020-06-08,131.83,133.15,131.05,132.97,9308788,0.0
2020-06-09,133.28,135.16,133.17,134.13,8354588,0.0
2020-06-10,134.22,135.14,127.46,127.84,5885643,0.0
2020-06-11,129.15,129.86,128.42,128.88,1725615,0.0
2020-06-14,128.29,130.96,126.53,130.57,3665427,0.0
2020-06-15,132.68,133.06,130.12,131.8,8297875,0.0
2020-06-16,131.89,133.04,131.51,131.765,4972275,0.0
2020-06-17,131.42,133.13,130.63,132.8,2633424,0.0
2020-06-18,134.41,134.82,131.27,131.32,4974947,0.0
2020-06-21,130.55,131.76,129.95,131.03,2630192,0.0
2020-06-22,131.62,132.68,130.98,131.33,2850924,0.0
2020-06-23,130.52,131.07,128.68,129.6,3636349,0.0
2020-06-24,129.14,131.73,128.05,131.39,3629049,0.0
2020-06-25,131.68,132.37,128.06,128.93,4295068,0.0
2020-06-28,130.18,131.4,129.43,131.16,2490801,0.0
2020-06-29,131.83,132.82,130.855,132.21,3018403,0.0
2020-06-30,132.53,133.62,131.94,132.34,2878189,0.0
2020-07-01,133.54,134.17,132.54,132.86,1913272,0.0
2020-07-05,133.08,133.95,132.31,133.27,3102725,0.0
2020-07-06,132.27,134.62,132.17,133.57,3340811,0.0
2020-07-07,134.16,134.69,133.16,134.23,3053900,0.0
2020-07-08,132.9,133.94,131.7272,132.69,2905592,0.0
2020-07-09,132.37,134.89,131.2835,134.5,3514600,0.0
2020-07-12,136.77,138.07,134.47,134.91,7739081,0.0
2020-07-13,134.59,136.9515,134.25,135.43,4739464,0.0
2020-07-14,135.35,136.19,133.25,133.6889,3997644,0.0
2020-07-15,134.0556,134.36,133.05,133.74,2812379,0.0
2020-07-16,134.65,135.06,133.55,134.68,2491068,0.0
2020-07-19,134.6136,134.6136,132.18,133.11,2786781,0.0
2020-07-20,134.0045,136.41,133.79,134.45,4181833,0.0
2020-07-21,135.56,136.25,133.68,135.99,2909395,0.0
2020-07-22,136.59,137.25,135.72,137.08,2538278,0.0
2020-07-23,136.99,138.64,135.39,136.08,2836995,0.0
2020-07-26,135.53,137.76,134.85,137.67,2898145,0.0
2020-07-27,137.98,138.59,137.09,137.38,2696194,0.0
2020-07-28,137.38,139,137.04,137.97,2778166,0.0
2020-07-29,137.24,138.22,136.48,137.69,2174355,0.0
2020-07-30,137.26,137.7,135.2,137.7,2753655,0.0
2020-08-02,137.11,137.5,136,136.7,1636746,0.0
2020-08-03,137.52,137.59,136.02,137.47,1674407,0.0
2020-08-04,138.15,138.15,135.77,136.25,2222544,0.0
2020-08-05,135.2735,136.29,135.2735,135.86,2239450,0.0
2020-08-06,135.94,136.76,135.37,136.73,2386451,0.0
2020-08-09,136.61,136.71,135.38,136.08,2085789,0.0
2020-08-10,136.97,137.45,134.62,135.15,2762289,0.0
2020-08-11,135.34,138.68,135.25,137.74,2588155,0.0
2020-08-12,137.1,138.61,137.1,138.1,1931895,0.0
2020-08-13,138.11,138.172,137.2,137.44,1601076,0.0
2020-08-16,137.5,138.89,137.05,137.98,1946313,0.0
2020-08-17,138.61,138.61,137.04,138.16,2086386,0.0
2020-08-18,138.69,138.795,136.1,136.45,2546846,0.0
2020-08-19,135.66,137.15,135.63,136.75,1790661,0.0
2020-08-20,136.37,136.66,135.25,136.47,3670356,0.0
2020-08-23,136.46,137.68,136.11,137.68,2526868,0.0
2020-08-24,138.26,138.38,136.7,137.28,1871583,0.0
2020-08-25,136.5753,138.66,136.38,138.45,2684068,0.0
2020-08-26,138.71,139.9284,137.91,138.3,3416714,0.0
2020-08-27,138.52,139.96,137.24,139.94,2520676,0.0
2020-08-30,139.32,141.02,139,140.06,2652541,0.0
2020-08-31,140.25,140.48,138.505,139.26,2879310,0.0
2020-09-01,139.52,143.82,139.35,143.28,4022421,0.0
2020-09-02,142.7663,144.035,138.12,139.39,4379440,0.0
2020-09-03,139.66,140.31,136.94,138.76,3132794,0.0
2020-09-07,138.31,138.6295,134.41,135.54,3448231,0.0
2020-09-08,135.5,138.46,135.4,137.05,3277158,0.0
2020-09-09,136.87,137.55,133.88,134.76,2957570,0.0
2020-09-10,135.22,136.38,134.23,135.82,2762239,0.0
2020-09-13,136.5275,137.5,135.8,136.66,1943840,0.0
2020-09-14,136.48,137.24,135.41,135.62,3098026,0.0
2020-09-15,136.28,136.6,134.78,135.06,2578982,0.0
2020-09-16,133.39,134.55,131.69,133.19,4115479,0.0
2020-09-17,133.71,134.79,130.01,131.4,5257356,0.0
2020-09-20,130.37,131.31,129.36,131.25,3555055,0.0
2020-09-21,131,132.89,130.445,132.13,2988008,0.0
2020-09-22,132.7,132.82,129.85,131.02,3562503,0.0
2020-09-23,131.437,132.31,129.92,131.59,3769361,0.0
2020-09-24,130.89,133.83,130.515,133.54,3527963,0.0
2020-09-27,136.04,138.58,135.67,138.07,5297709,0.0
2020-09-28,138.66,139.54,137.13,137.16,3532975,0.0
2020-09-29,137.99,139.19,136.9,138.25,4559023,0.0
2020-09-30,139.44,140.85,137.4866,140.8,5163089,0.0
2020-10-01,139.28,139.91,136.2,138.18,4000386,0.0
2020-10-04,138.11,138.38,136.98,137.93,2895855,0.0
2020-10-05,138,138.82,135.15,135.7,3975823,0.0
2020-10-06,135.94,137.52,135.76,137,2949115,0.0
2020-10-07,137.28,138.13,136.76,137.86,2070843,0.0
2020-10-08,138.7,139.26,137.895,138.45,2242346,0.0
2020-10-11,141.12,143.49,139.78,142.17,4846916,0.0
2020-10-12,141.93,144,141.91,143.54,3210111,0.0
2020-10-13,143.55,144.11,141.625,142.6,2321842,0.0
2020-10-14,141.53,141.97,140.62,141.43,2592675,0.0
2020-10-15,141.75,142.82,141.13,141.8,2831890,0.0
2020-10-18,141.34,142.53,139.25,139.67,2148445,0.0
2020-10-19,141,141.215,139.4072,139.69,1992299,0.0
2020-10-20,139.6829,140.48,139.1,139.51,1627918,0.0
2020-10-21,139.8,140.2,139.03,139.62,2211085,0.0
2020-10-22,140.22,140.53,139.05,139.51,1813345,0.0
2020-10-25,138.74,139.08,136.41,138.1,2725892,0.0
2020-10-26,138.571,139.87,138.3,139.12,2335269,0.0
2020-10-27,137.1506,137.71,133.94,134.17,3362553,0.0
2020-10-28,133.755,135.63,132.2621,133.95,2595127,0.0
2020-10-29,132.93,133.84,131.71,133.58,2814096,0.0
2020-11-01,135.61,136.23,133.78,135.18,2033426,0.0
2020-11-02,136.62,138.6,136.28,136.94,2353883,0.0
2020-11-03,139,141.7,137.66,137.79,3571291,0.0
2020-11-04,139.3548,140.27,137.47,138.05,2733433,0.0
2020-11-05,138.56,139.77,137.33,138.37,2153862,0.0
2020-11-08,142,143.6499,138.17,138.41,3947996,0.0
2020-11-09,136.99,142.44,136.1935,141.72,3929494,0.0
2020-11-10,142.8555,144.24,141.61,143.94,3255843,0.0
2020-11-11,144.25,144.74,142.76,143.72,1842802,0.0
2020-11-12,143.77,144.79,143.27,144.771,1461635,0.0
2020-11-15,145,146.26,144.72,144.7237,1484896,0.0
2020-11-16,144.27,146.1,144.11,145.24,2235258,0.0
2020-11-17,145.49,146.565,143.3,143.36,2753377,0.0
2020-11-18,142.88,143.7,142.34,143.37,3547271,0.0
2020-11-19,143.65,144.6366,143,143.42,2772302,0.0
2020-11-22,143.31,143.65,141.88,143.02,2923143,0.0
2020-11-23,143.19,144.36,142.82,144.03,3369309,0.0
2020-11-24,144.45,144.9224,143.7,144.13,1664163,0.0
2020-11-26,144.62,145.28,144.18,144.59,1201528,0.0
2020-11-29,144.46,144.63,142.88,144.3,2650918,0.0
2020-11-30,145.03,146.63,144.5,146.07,2545930,0.0
2020-12-01,145.88,146.94,143.89,144.62,3191894,0.0
2020-12-02,143.02,144.96,143.02,144.45,2455888,0.0
2020-12-03,143.87,145.98,143.855,145.77,2052630,0.0
2020-12-06,145.68,146.56,144.62,145.37,2162095,0.0
2020-12-07,145.33,146.16,144.2903,145.52,2149895,0.0
2020-12-08,145.56,146.1,144.275,145.63,2522698,0.0
2020-12-09,146.04,146.29,144.42,144.67,2225787,0.0
2020-12-10,143.63,145.1,143.41,144.99,2162568,0.0
2020-12-13,145.25,146.47,144.05,144.23,2711794,0.0
2020-12-14,144.56,145.27,143.89,144.77,1927715,0.0
2020-12-15,143.98,145.4699,143.9,144.88,1939029,0.0
2020-12-16,145.25,146.2,145.18,145.73,2160721,0.0
2020-12-17,146.33,147.1,145.495,147.01,3929767,0.0
2020-12-20,145,145.66,143.47,145.46,2179153,0.0
2020-12-21,144.6,145,143.475,144.01,2112076,0.0
2020-12-22,144.49,145.6,144.074,144.46,1922381,0.0
2020-12-23,144.83,145.11,144.14,144.98,715514,0.0
2020-12-27,145.776,147.6,145.54,146.91,1800002,0.0
2020-12-28,147.68,148.77,146.84,147.42,2614054,0.0
2020-12-29,147.47,147.9899,147.01,147.37,1728175,0.0
2020-12-30,147.48,148.46,146.64,148.31,1217346,0.0
2021-01-03,147.01,147.78,141.94,144.27,4784667,0.0
2021-01-04,144.07,145.18,142.9,144.78,2884813,0.0
2021-01-05,141.67,143.6,141.59,142.92,4006135,0.0
2021-01-06,142.81,143.145,141.145,142.46,3549573,0.0
2021-01-07,142.47,144.4,141.66,144.25,2783829,0.0
2021-01-10,144.03,144.31,141.69,142.18,2643947,0.0
2021-01-11,141.63,141.995,139.445,141.43,4219526,0.0
2021-01-12,141.12,143.24,141,142.59,3231885,0.0
2021-01-13,141.48,142.44,141.07,141.76,3576902,0.0
2021-01-14,141.45,142.6,140.53,141.39,3186745,0.0
2021-01-18,142.375,142.58,141.44,142.06,3306243,0.0
2021-01-19,141.04,141.78,139.92,141.39,3819066,0.0
2021-01-20,140.29,140.79,138.74,139.62,4794768,0.0
2021-01-21,139.5,139.54,138.23,138.58,2749760,0.0
2021-01-24,138.0637,140.33,137.58,140.17,3057169,0.0
2021-01-25,141.31,142.085,139.75,141.81,3128297,0.0
2021-01-26,140.505,142.33,137.55,138.07,5574176,0.0
2021-01-27,138.83,140.79,137.76,139.2,3878430,0.0
2021-01-28,138.1135,138.46,136.015,136.57,4362191,0.0
2021-01-31,136.98,137.96,135.9001,136.97,3254888,0.0
2021-02-01,137.45,139.525,136.6,138.41,2729655,0.0
2021-02-02,137.75,138.95,137.07,137.98,2962578,0.0
2021-02-03,137.75,139.76,137.75,139.71,3131348,0.0
2021-02-04,140.49,142.12,139.73,140.95,3662777,0.0
2021-02-07,141.19,141.81,139.5,140.46,3434189,0.0
2021-02-08,141.13,141.15,139.49,139.6,2678977,0.0
2021-02-09,141.12,141.12,136.76,137.7,6263169,0.0
2021-02-10,137.85,138.205,134.34,134.8,6616844,0.0
2021-02-11,135.26,135.6,133.45,133.88,4968081,0.0
2021-02-15,134.5605,134.81,133.4,134.38,4196315,0.0
2021-02-16,134.06,135.07,133.8601,134.45,2855831,0.0
2021-02-17,134.07,135.7,133.91,135.39,3291696,0.0
2021-02-18,135.01,135.12,132.285,132.47,4272906,0.0
2021-02-21,132.04,132.595,130.76,131.99,3998491,0.0
2021-02-22,132.65,134.34,131.3,132.79,5166864,0.0
2021-02-23,131.85,132.29,131.2,132.14,3894474,0.0
2021-02-24,131.35,132.09,129.8,129.99,4784889,0.0
2021-02-25,130.57,130.87,128.57,129.16,6338546,0.0
2021-02-28,130.61,131.9699,130.34,130.63,4375156,0.0
2021-03-01,130.5,132.03,130.38,131.07,4791673,0.0
2021-03-02,129.802,130.53,128.98,129.08,5795075,0.0
2021-03-03,129.25,131.75,128.32,128.83,7878437,0.0
2021-03-04,129.64,133.41,129.19,133.05,8984661,0.0
2021-03-07,133.23,134.18,131.99,132.13,7571579,0.0
2021-03-08,132.94,133.91,132,132.25,7168648,0.0
2021-03-09,132.5226,134.47,130.54,133.58,7018508,0.0
2021-03-10,133.345,134.58,133.1,133.26,3635012,0.0
2021-03-11,133.12,133.79,132.64,133.02,4199189,0.0
2021-03-14,133.56,133.63,131.97,133.02,4381182,0.0
2021-03-15,133.08,134.58,132.75,134.015,4683846,0.0
2021-03-16,134.36,134.56,133.38,133.62,5155000,0.0
2021-03-17,132.36,133.08,131.41,132.51,5623020,0.0
2021-03-18,132.31,135.01,132.18,134.51,7225366,0.0
2021-03-21,135.63,138.2,135.09,137.8,6241970,0.0
2021-03-22,138.45,140.17,138.18,139.46,5386787,0.0
2021-03-23,139.07,140.11,138.78,138.82,3843688,0.0
2021-03-24,139.18,140.25,138.34,139.63,4499194,0.0
2021-03-25,139.62,143,139.13,142.7,4991278,0.0
2021-03-28,142.87,144.96,142.415,144.89,4507663,0.0
2021-03-29,143.68,144.75,142.12,142.58,3539306,0.0
2021-03-30,143.32,143.33,141.17,141.52,4235170,0.0
2021-03-31,141.19,142.3,140.11,141.26,3555158,0.0
2021-04-04,141.3,144.34,141.32,143.12,3976606,0.0
2021-04-05,143.04,144.2,142.56,143.67,3405172,0.0
2021-04-06,144,144.1,143.02,143.41,3599966,0.0
2021-04-07,143.68,144.16,142.05,142.54,4744341,0.0
2021-04-08,142.235,143.14,141.61,142.57,3883726,0.0
2021-04-11,142.2,143.47,142.05,143.11,2933040,0.0
2021-04-12,142.07,143.97,141.87,143.05,3463450,0.0
2021-04-13,142.41,142.72,141.24,142.12,3502920,0.0
2021-04-14,141.68,143.1,141.42,142.19,3819873,0.0
2021-04-15,143.46,144.32,142.46,144.22,4191078,0.0
2021-04-18,144.41,145.6,143.26,144.73,5233225,0.0
2021-04-19,144.04,146.65,143.93,145.74,3982192,0.0
2021-04-20,147.24,147.8,146.21,146.99,5260134,0.0
2021-04-21,146.24,146.6509,145.38,146.07,3928933,0.0
2021-04-22,145.54,146.34,145.06,145.82,3401401,0.0
2021-04-25,145.75,145.77,142.98,143.42,4237609,0.0
2021-04-26,142.71,143.18,142.125,142.89,3357582,0.0
2021-04-27,143.49,143.69,141.725,141.83,4035950,0.0
2021-04-28,141.84,144.43,141.97,143.94,3935140,0.0
2021-04-29,143.32,144.24,142.5,144.23,3334159,0.0
2021-05-02,144.99,146.78,144.1,145.8,4129834,0.0
2021-05-03,145.9,146.77,143.49,143.96,5139543,0.0
2021-05-04,143.88,144.57,143.5,143.9,4155294,0.0
2021-05-05,144.41,145.96,144.01,145.56,3541196,0.0
2021-05-06,145.14,146,144.57,145.55,3190257,0.0
2021-05-09,146.44,147.99,146.11,146.72,4022378,0.0
2021-05-10,147.18,147.6399,145.02,145.62,4306923,0.0
2021-05-11,144.85,145.74,143.85,144.27,4480200,0.0
2021-05-12,144.37,147.12,143.58,146.35,3975501,0.0
2021-05-13,147.2,147.9,146.415,146.59,3391348,0.0
2021-05-16,147.07,147.4,145.71,146.17,3128506,0.0
2021-05-17,146.91,146.97,145.32,145.52,3506933,0.0
2021-05-18,144.68,145.63,144.08,145.45,3474406,0.0
2021-05-19,145.21,147.7299,145.11,147.23,3088896,0.0
2021-05-20,147.67,148.31,146.52,147.14,3490506,0.0
