Date,Open,High,Low,Close,Volume,OpenInterest
2017-06-01,58.89,58.96,58.35,58.58,7594825,0.0
2017-06-04,58.5,59.05,58.48,58.86,6536947,0.0
2017-06-05,58.6,58.91,58.18,58.2,6662380,0.0
2017-06-06,58.3,58.49,57.13,57.53,8250485,0.0
2017-06-07,57.77,58.15,57.61,58.12,7898701,0.0
2017-06-08,58.37,58.49,56.74,57.05,11855986,0.0
2017-06-11,56.52,57.675,56.48,57.5,8139992,0.0
2017-06-12,57.95,58.065,57.5,57.54,5835915,0.0
2017-06-13,57.7,57.97,56.67,57.01,5060687,0.0
2017-06-14,56.42,57.17,56.4,56.94,4479423,0.0
2017-06-15,56.98,57.01,56.35,56.83,6700561,0.0
2017-06-18,56.96,57.66,56.91,57.6,4438350,0.0
2017-06-19,57.46,57.61,56.51,56.78,6384561,0.0
2017-06-20,56.79,56.84,56.12,56.33,6936598,0.0
2017-06-21,56.24,56.745,56.06,56.47,3947480,0.0
2017-06-22,56.64,57.4365,56.57,56.91,5643899,0.0
2017-06-25,57.15,57.6892,56.21,56.57,5608088,0.0
2017-06-26,56.29,56.33,55.41,55.43,5398708,0.0
2017-06-27,55.4,56.32,55.18,56.15,5368052,0.0
2017-06-28,55.93,55.93,54.55,55.07,6890683,0.0
2017-06-29,55.6,55.63,55.03,55.21,6215055,0.0
2017-07-02,55.53,56.02,54.92,54.92,3281421,0.0
2017-07-04,55.03,55.56,54.78,55.45,4879398,0.0
2017-07-05,55.02,55.23,54.735,54.79,4164573,0.0
2017-07-06,55.04,55.73,54.87,55.35,3979685,0.0
2017-07-09,55.37,55.885,55.19,55.649,3698827,0.0
2017-07-10,55.49,55.63,55.02,55.33,4937308,0.0
2017-07-11,55.79,56.31,55.72,56.21,4710787,0.0
2017-07-12,56.38,56.52,56.17,56.24,4444165,0.0
2017-07-13,56.5,56.93,56.15,56.8,3189928,0.0
2017-07-16,56.73,56.92,56.39,56.47,4021495,0.0
2017-07-17,56.34,56.38,56,56.29,5623373,0.0
2017-07-18,56.4,56.9399,56.01,56.8,5921938,0.0
2017-07-19,55.31,55.43,53.46,53.96,32488808,0.0
2017-07-20,53.71,54,53.37,53.84,10344397,0.0
2017-07-23,53.81,53.88,53.09,53.22,7071442,0.0
2017-07-24,53.2,53.65,53.07,53.27,6102620,0.0
2017-07-25,53.29,53.35,52.74,53.14,6422421,0.0
2017-07-26,53.08,53.37,52.23,52.49,12242380,0.0
2017-07-27,52.41,52.9865,52.27,52.87,5441554,0.0
2017-07-30,53.1,53.295,52.75,53.18,6752379,0.0
2017-07-31,53.3,53.43,52.91,53.41,5734150,0.0
2017-08-01,53.295,53.35,52.78,53.18,17129152,0.0
2017-08-02,53.14,53.3399,52.75,52.95,6882682,0.0
2017-08-03,53,53,52.51,52.62,6859065,0.0
2017-08-06,52.5,52.845,52.48,52.69,4426945,0.0
2017-08-07,52.55,53.33,52.21,52.29,7173165,0.0
2017-08-08,52.04,52.8,52,52.76,6026521,0.0
2017-08-09,52.54,52.62,52.11,52.33,8141553,0.0
2017-08-10,52.39,53.13,52.29,52.72,4928957,0.0
2017-08-13,53.04,53.64,52.91,53.55,5945656,0.0
2017-08-14,53.64,54.08,53.35,53.88,6361714,0.0
2017-08-15,54.06,54.1,53.255,53.3,5746406,0.0
2017-08-16,53.19,53.41,52.27,52.27,4446687,0.0
2017-08-17,52.26,52.415,51.9,51.93,4847834,0.0
2017-08-20,51.99,52.08,51.5,51.98,4196936,0.0
2017-08-21,52.2,52.62,52.2,52.35,3372442,0.0
2017-08-22,52.3,52.405,51.78,52.24,3534459,0.0
2017-08-23,52.37,52.71,52.26,52.5,4188161,0.0
2017-08-24,52.78,52.8545,52.02,52.04,5169163,0.0
2017-08-27,51.77,51.81,51.46,51.81,3446990,0.0
2017-08-28,51.31,51.86,51.28,51.82,4287737,0.0
2017-08-29,51.75,52.286,51.56,52.11,3691567,0.0
2017-08-30,52.26,52.59,52.12,52.27,5688231,0.0
2017-08-31,52.53,52.77,51.925,52.045,4465554,0.0
2017-09-04,51.87,51.9,49.83,50.03,15854662,0.0
2017-09-05,50.19,50.77,49.83,50.42,14110937,0.0
2017-09-06,50.56,50.69,50.25,50.38,7405132,0.0
2017-09-07,50.35,50.45,48.92,49.629,10700456,0.0
2017-09-10,49.93,50.67,49.91,50.57,5366225,0.0
2017-09-11,50.6,51.07,50.52,50.9,3554628,0.0
2017-09-12,50.78,51.1054,50.72,51,3622277,0.0
2017-09-13,50.97,51.59,50.67,51.47,5825743,0.0
2017-09-14,51.83,52.29,51.44,52.15,9351907,0.0
2017-09-17,52.24,52.37,51.955,52.24,4714682,0.0
2017-09-18,52.4,52.5,52.06,52.29,3759255,0.0
2017-09-19,52.43,52.52,51.48,51.97,5697741,0.0
2017-09-20,51.86,52.2,51.71,52.03,4238397,0.0
2017-09-21,51.82,52.23,51.78,52.1,3226256,0.0
2017-09-24,51.9,52.285,51.61,51.62,5930501,0.0
2017-09-25,51.75,51.87,50.85,51.12,7326656,0.0
2017-09-26,51.43,51.61,51.1526,51.55,6779723,0.0
2017-09-27,51.38,52.04,51.31,51.74,4617435,0.0
2017-09-28,51.91,52.0447,51.62,51.84,3828397,0.0
2017-10-01,52.09,52.16,51.7,51.88,3444975,0.0
2017-10-02,51.96,52.22,51.65,52.02,3518395,0.0
2017-10-03,51.93,52.12,51.67,51.96,3805955,0.0
2017-10-04,52.17,52.43,51.96,52.35,3851207,0.0
2017-10-05,52.16,52.63,52.16,52.48,3134221,0.0
2017-10-08,52.68,52.9799,52.38,52.89,4305154,0.0
2017-10-09,52.95,53.9,52.9,53.8701,7507131,0.0
2017-10-10,53.79,54.38,53.66,54.12,7209851,0.0
2017-10-11,53.88,54.175,52.96,53,5932297,0.0
2017-10-12,53.38,53.38,52.74,52.82,5022737,0.0
2017-10-15,52.86,53,52.3101,52.38,4893971,0.0
2017-10-16,52.29,52.44,51.8501,52.41,5888183,0.0
2017-10-17,52.54,52.66,52.02,52.21,4510244,0.0
2017-10-18,52.03,52.4,52.01,52.3,4991337,0.0
2017-10-19,52.49,52.59,51.94,52.02,6885764,0.0
2017-10-22,52.3,53.78,52.13,53.39,8252700,0.0
2017-10-23,53.44,54.44,53.4,54.26,8968052,0.0
2017-10-24,53.96,54.43,53.475,53.84,5853837,0.0
2017-10-25,54.1,54.39,53.665,53.79,3772206,0.0
2017-10-26,53.71,54.7,53.36,54.56,7175719,0.0
2017-10-29,54.26,54.77,54.08,54.66,5337958,0.0
2017-10-30,52.26,52.49,50.02,51.01,24862325,0.0
2017-10-31,51.47,53.49,50.51,53.46,12699579,0.0
2017-11-01,53.6,55.68,53.6,54.84,15149594,0.0
2017-11-02,54.72,64.99,54.21,61.84,73170898,0.0
2017-11-05,64.54,65.33,62.15,62.55,47733320,0.0
2017-11-06,62.52,64.16,62.45,64.09,19671040,0.0
2017-11-07,64.27,65.79,64.21,65.5,23661751,0.0
2017-11-08,64.91,65.33,63.93,64.61,13954889,0.0
2017-11-09,64.34,65.1,63.92,64.56,8101026,0.0
2017-11-12,64.96,66.82,64.75,66.55,20295892,0.0
2017-11-13,66.16,66.8,65.55,66.01,12348732,0.0
2017-11-14,65.55,66.4838,65.24,65.67,9124608,0.0
2017-11-15,65.73,66.54,65.43,66.11,9412378,0.0
2017-11-16,66.43,66.95,66,66.71,9194565,0.0
2017-11-19,66.18,66.85,65.95,66.48,7327095,0.0
2017-11-20,65.44,66.93,65.27,66.68,6966132,0.0
2017-11-21,66.36,68.26,66.24,68.1,13237255,0.0
2017-11-23,68.51,69.28,68.45,68.845,7862652,0.0
2017-11-26,68.6,68.92,68.04,68.15,10138328,0.0
2017-11-27,67.59,68.41,67.22,68.39,10526941,0.0
2017-11-28,68.1,68.2,66.03,66.52,14560034,0.0
2017-11-29,66.51,67.1,65.72,66.4,9832906,0.0
2017-11-30,65.2,66.12,64.6,65.5,11784107,0.0
2017-12-03,65.65,65.7,63.8,64.61,14894726,0.0
2017-12-04,64.85,65.03,64.4,64.7,6129657,0.0
2017-12-05,64.64,65.68,64.36,65,5516166,0.0
2017-12-06,65.21,65.55,64.77,65.22,4224681,0.0
2017-12-07,65.6,65.6,63.88,64.24,6880814,0.0
2017-12-10,64.12,65.2631,64,65.18,5588234,0.0
2017-12-11,64.88,65.11,64.55,64.94,2662608,0.0
2017-12-12,64.98,65.425,64.83,64.98,4159167,0.0
2017-12-13,64.86,65.17,64.545,64.77,3760982,0.0
2017-12-14,65.33,65.42,64.5,64.8,8683785,0.0
2017-12-17,64.99,65.46,64.8,65.38,4932654,0.0
2017-12-18,65.11,65.48,64.43,64.51,4757832,0.0
2017-12-19,64.56,65.17,64.33,64.61,5521957,0.0
2017-12-20,64.75,64.9604,64.34,64.4,3005401,0.0
2017-12-21,64.31,64.98,64.3,64.74,3591183,0.0
2017-12-25,64.49,64.94,64.2,64.3,2763271,0.0
2017-12-26,64.32,64.64,64.18,64.54,3730978,0.0
2017-12-27,64.76,64.76,64.35,64.38,1768535,0.0
2017-12-28,64.36,64.65,64,64.07,3038578,0.0
2018-01-01,64.38,65.33,64.17,65.19,4472162,0.0
2018-01-02,65.22,66.06,64.69,65.94,5303012,0.0
2018-01-03,66.18,66.53,65.91,66.06,3603149,0.0
2018-01-04,66.04,66.6,65.5,66.38,3961375,0.0
2018-01-07,66.25,66.53,65.94,66.26,3321960,0.0
2018-01-08,65.64,65.86,64.94,65.29,6025985,0.0
2018-01-09,65.48,65.74,64.88,65.27,3980076,0.0
2018-01-10,65.2,65.5,65.14,65.43,3126245,0.0
2018-01-11,65.61,65.9,65.08,65.31,3434047,0.0
2018-01-15,66.23,68.65,66.03,68.28,15760079,0.0
2018-01-16,68.52,68.9,67.24,68.02,9054128,0.0
2018-01-17,67.75,68.18,67.49,68.05,4948709,0.0
2018-01-18,68.04,68.25,67.75,68.01,6666653,0.0
2018-01-21,67.81,68.75,67.705,68.67,6139869,0.0
2018-01-22,68.57,68.895,68.24,68.34,6386758,0.0
2018-01-23,68.2,68.285,67.38,68,8602353,0.0
2018-01-24,68.14,68.37,67.29,67.41,7069776,0.0
2018-01-25,67.94,68.5,67.6,68.44,5328173,0.0
2018-01-28,68.11,68.25,67.24,67.3201,5090916,0.0
2018-01-29,67.43,67.91,66.73,66.99,5837067,0.0
2018-01-30,67.52,68.38,67.5,68.25,10722969,0.0
2018-01-31,67,68.35,66.32,66.79,13530851,0.0
2018-02-01,66.18,67.04,65.86,66.07,7614687,0.0
2018-02-04,66.3,66.55,60.5,61.73,27663095,0.0
2018-02-05,62.31,64.53,62.2,64.43,20411379,0.0
2018-02-06,64.22,66.12,64.02,65.04,12719335,0.0
2018-02-07,64.63,65.07,62.4,62.42,10262276,0.0
2018-02-08,62.95,64.32,61.46,63.97,18747619,0.0
2018-02-11,64.89,65.7,64.39,65.65,9158348,0.0
2018-02-12,65.23,65.76,64.98,65.68,4969612,0.0
2018-02-13,65.11,66.8,65.1044,66.58,8208237,0.0
2018-02-14,66.39,66.39,63.86,65.29,13483553,0.0
2018-02-15,64.77,65.83,64.595,64.86,9597950,0.0
2018-02-19,63,64.14,61.86,63.99,20067317,0.0
2018-02-20,63.12,63.86,62.65,63.4,11636403,0.0
2018-02-21,63.15,63.58,62.03,62.22,9253525,0.0
2018-02-22,62.63,63.32,62.03,63.32,4816728,0.0
2018-02-25,64.55,67.3599,64.19,66.96,19902749,0.0
2018-02-26,67,67.629,66.01,66.34,11089242,0.0
2018-02-27,66.7,66.72,64.911,65.01,7388208,0.0
2018-02-28,65.03,66.2372,64.33,64.96,8704683,0.0
2018-03-01,64.31,64.85,64.03,64.74,6688293,0.0
2018-03-04,64.23,65.6,63.54,64.04,13027252,0.0
2018-03-05,63.5,63.55,61.06,62.15,21484110,0.0
2018-03-06,61.49,62.61,61.425,62.5,9154088,0.0
2018-03-07,62.65,62.74,61.5655,61.82,5507649,0.0
2018-03-08,62.34,63.06,62.12,63.0201,5874898,0.0
2018-03-11,63.05,63.48,62.3,62.81,7319992,0.0
2018-03-12,59.74,61.4,59.13,59.71,30079484,0.0
2018-03-13,59.9,60.38,57.895,60.12,22702306,0.0
2018-03-14,60.02,60.28,59.56,59.9,7486915,0.0
2018-03-15,60.6,61.49,60.48,60.56,14266264,0.0
2018-03-18,60.19,60.35,57.9,58.38,11546701,0.0
2018-03-19,58.99,59.0899,57.95,58.27,7171010,0.0
2018-03-20,57.47,58.28,56.77,56.82,10137644,0.0
2018-03-21,56.24,56.83,55.52,55.58,10917424,0.0
2018-03-22,55.63,56.15,53.65,53.67,11559876,0.0
2018-03-25,54.62,56.14,54.25,56.12,7945390,0.0
2018-03-26,56.59,57.24,54.54,54.85,9242068,0.0
2018-03-27,54.81,55.97,54.455,54.7,11058410,0.0
2018-03-28,55.04,55.93,54.6217,55.4,6039091,0.0
2018-04-01,55.1,55.24,53.07,53.8,8221567,0.0
2018-04-02,54.29,55.05,53.62,54.79,6340679,0.0
2018-04-03,53.8,55.12,53.421,54.98,6015316,0.0
2018-04-04,55.5,55.5,54.44,55.03,4450971,0.0
2018-04-05,54.42,54.77,53.11,53.12,5775590,0.0
2018-04-08,53.52,54.89,53.34,53.42,4964883,0.0
2018-04-09,54.58,55.01,54.215,54.76,8342555,0.0
2018-04-10,54.19,55.07,54.15,55.02,4701399,0.0
2018-04-11,55.47,55.65,55.02,55.2,5593095,0.0
2018-04-12,56.61,56.79,55.4189,55.73,8301935,0.0
2018-04-15,55.94,55.99,54.57,54.78,5297658,0.0
2018-04-16,54.93,55.6767,54.78,55.34,5206745,0.0
2018-04-17,55.14,55.62,54.88,55.24,3751766,0.0
2018-04-18,54.17,54.17,52.5,52.57,15240740,0.0
2018-04-19,52.81,52.89,51.32,51.44,9990211,0.0
2018-04-22,51.5,51.81,50.27,50.53,8920226,0.0
2018-04-23,50.88,51.29,49.38,49.94,9639889,0.0
2018-04-24,50,50.44,48.87,49.76,7383220,0.0
2018-04-25,49.39,50.59,48.56,50.48,11553250,0.0
2018-04-26,50.74,51.36,50.49,51.1,7057321,0.0
2018-04-29,51.25,51.82,51,51.01,6861051,0.0
2018-04-30,50.76,51.05,50.04,50.81,5563920,0.0
2018-05-01,51.24,51.25,49.92,50.26,6868990,0.0
2018-05-02,49.99,50.544,49.31,50.31,7213555,0.0
2018-05-03,50.18,52.6,49.9194,52.49,8188562,0.0
2018-05-06,52.63,53.27,52.52,53.01,7855042,0.0
2018-05-07,53.04,53.27,52.105,52.86,7301340,0.0
2018-05-08,52.86,53.325,52.2,53.18,5091912,0.0
2018-05-09,54.45,55.07,53.945,54.97,10123456,0.0
2018-05-10,54.76,55.79,54.619,55.23,7472081,0.0
2018-05-13,57.33,57.8,56.34,56.73,12617260,0.0
2018-05-14,56.51,56.61,55.2204,55.64,8982856,0.0
2018-05-15,55.76,56.81,55.67,56.71,6926473,0.0
2018-05-16,56.49,57.3801,56.39,56.95,8805983,0.0
2018-05-17,56.93,57.99,56.396,57.52,9090958,0.0
2018-05-20,57.68,58.27,56.765,57.71,11900848,0.0
2018-05-21,57.91,58.36,57.07,57.4,8049740,0.0
2018-05-22,56.89,58.86,56.83,58.83,9232071,0.0
2018-05-23,58.58,59.25,58.05,59.1,10981092,0.0
2018-05-24,58.85,60,58.81,59.96,9265881,0.0
2018-05-28,59.5,59.5999,57.7,58.23,9678741,0.0
2018-05-29,58.37,58.65,57.66,58.38,7471146,0.0
2018-05-30,58,58.57,57.7601,58.13,7400776,0.0
2018-05-31,58.37,58.73,58.01,58.59,6916983,0.0
2018-06-03,58.62,58.87,57.95,58.7,6073437,0.0
2018-06-04,58.86,59.6002,58.76,59,5023399,0.0
2018-06-05,59.26,59.85,59.11,59.85,4339486,0.0
2018-06-06,62,62.65,60.22,60.65,10986193,0.0
2018-06-07,60.25,60.62,59.805,60.25,5137256,0.0
2018-06-10,60.12,60.415,59.82,59.93,4437343,0.0
2018-06-11,60.11,60.38,59.545,59.8,4679641,0.0
2018-06-12,59.67,60.23,59.12,59.23,6231520,0.0
2018-06-13,59.31,59.7,58.95,59.47,5259167,0.0
2018-06-14,59.87,59.95,58.92,59.86,8248085,0.0
2018-06-17,59.36,59.37,58.92,59.2,4449080,0.0
2018-06-18,58.28,58.735,57.85,58.71,5835541,0.0
2018-06-19,59.18,59.2,58.31,58.79,5507385,0.0
2018-06-20,59.21,59.21,58.39,58.76,4223699,0.0
2018-06-21,58.78,59.1,58.43,58.49,4317007,0.0
2018-06-24,58.09,58.14,56.61,57.05,6246601,0.0
2018-06-25,57.08,57.1455,56.31,56.46,6251836,0.0
2018-06-26,56.55,57.53,55.14,55.17,8484018,0.0
2018-06-27,55.12,56.46,55.09,55.91,6173008,0.0
2018-06-28,56.13,56.86,56.08,56.13,5054050,0.0
2018-07-01,55.65,56.22,55.12,56.18,4385130,0.0
2018-07-02,56.36,56.5298,55.25,55.32,2695618,0.0
2018-07-04,55.7,57.43,55.65,57.37,9121924,0.0
2018-07-05,57.46,58.07,57.03,57.84,7101642,0.0
2018-07-08,58.06,58.305,57.23,58.05,3224619,0.0
2018-07-09,58.06,58.47,57.95,58.36,4212013,0.0
2018-07-10,57.39,58.01,56.735,57.31,5827160,0.0
2018-07-11,57.85,58.49,57.31,58.33,5361596,0.0
2018-07-12,58.25,58.78,58.18,58.38,3136859,0.0
2018-07-15,58.42,58.84,58.06,58.36,3500469,0.0
2018-07-16,57.88,58.91,57.62,58.91,5242788,0.0
2018-07-17,59,59,58.37,58.76,3932650,0.0
2018-07-18,58.71,59.59,58.65,59.32,5859263,0.0
2018-07-19,58.95,59.18,58.4002,58.62,5798062,0.0
2018-07-22,58.35,59.21,57.815,59.08,6092497,0.0
2018-07-23,59.35,59.62,58.45,58.86,4637952,0.0
2018-07-24,58.55,59.5,57.76,59.42,8546891,0.0
2018-07-25,63.06,63.76,61.26,63.58,24667410,0.0
2018-07-26,63.22,63.51,62.22,62.69,9148254,0.0
2018-07-29,62.65,62.98,61.925,62.04,6868960,0.0
2018-07-30,63.9,64.655,63.5,64.09,17111577,0.0
2018-07-31,63.55,64.87,63.55,64.365,8193316,0.0
2018-08-01,64.05,65.04,63.64,64.77,8083499,0.0
2018-08-02,64.74,65.61,64.67,65.4,6233178,0.0
2018-08-05,65.91,66.02,65.33,65.73,7885677,0.0
2018-08-06,65.93,65.93,65.25,65.43,6039238,0.0
2018-08-07,65.21,65.55,65.12,65.15,5941628,0.0
2018-08-08,65.1,65.3,64.92,65.08,4916410,0.0
2018-08-09,64.65,64.935,64.4944,64.82,5865154,0.0
2018-08-12,64.93,65.23,64.65,64.85,4626217,0.0
2018-08-13,65.09,65.62,64.7749,65.46,5801432,0.0
2018-08-14,65.14,65.82,64.545,65.69,10366758,0.0
2018-08-15,65.86,66.1,65.5315,65.77,6418238,0.0
2018-08-16,65.5,66.19,65.12,66.09,10764271,0.0
2018-08-19,66.33,66.59,65.735,66.16,6815322,0.0
2018-08-20,66.09,66.775,66.03,66.56,6750851,0.0
2018-08-21,66.22,67.08,66.21,66.86,6446979,0.0
2018-08-22,66.98,67.29,66.8,66.87,7467944,0.0
2018-08-23,67,67.36,66.94,67.16,7622847,0.0
2018-08-26,67.37,67.48,67.215,67.35,9159453,0.0
2018-08-27,68.69,70.4868,67.9203,69.76,18169578,0.0
2018-08-28,69.67,70.07,69.14,69.19,8982703,0.0
2018-08-29,68.97,69.16,68,68.14,6767943,0.0
2018-08-30,67.99,69,67.94,68.68,6563979,0.0
2018-09-03,68.74,70.11,68.71,69.97,10213097,0.0
2018-09-04,69.8,71.065,69.31,70.91,11033018,0.0
2018-09-05,70.89,71.35,70.19,70.35,9571180,0.0
2018-09-06,69.84,70.62,69.615,70.36,11403101,0.0
2018-09-09,70.67,72.75,70.5,72.33,11213130,0.0
2018-09-10,71.84,72.66,71.81,72.5,6749340,0.0
2018-09-11,72.09,72.5,70.02,71.75,10292718,0.0
2018-09-12,73.62,75.36,73.48,74.62,18919864,0.0
2018-09-13,74.53,76.04,74.41,75.08,10334795,0.0
2018-09-16,74.84,75.28,73.11,73.25,9531272,0.0
2018-09-17,73.8,76.5,73.51,74.72,9693261,0.0
2018-09-18,75.37,75.37,73.77,74.05,9173229,0.0
2018-09-19,74.48,75.11,74.2081,74.61,9466449,0.0
2018-09-20,74.83,74.87,73.535,73.7,10638265,0.0
2018-09-23,73.08,73.85,72.8,73.59,9012845,0.0
2018-09-24,72.64,73.57,72.58,72.735,6456947,0.0
2018-09-25,72.68,73.26,71.58,71.77,9114296,0.0
2018-09-26,72.18,72.68,71.475,71.72,7334875,0.0
2018-09-27,71.51,73.26,71.25,72.04,11229836,0.0
2018-09-30,72.46,73.43,72.1,72.61,7098584,0.0
2018-10-01,72.42,73.91,72.2719,73.36,6058405,0.0
2018-10-02,73.59,73.885,72.59,72.64,5506810,0.0
2018-10-03,72,72.7,71.8569,72.38,6460973,0.0
2018-10-04,72.44,72.66,70.55,71.19,8454412,0.0
2018-10-07,70.78,71.6,70.56,70.93,6358855,0.0
2018-10-08,70.76,70.96,70.09,70.14,7095502,0.0
2018-10-09,68.77,69.88,66.62,66.73,15924961,0.0
2018-10-10,66.35,66.99,63.61,64.3,21844539,0.0
2018-10-11,65.55,65.65,63.27,64.28,11530884,0.0
2018-10-14,64.23,65.2,64.01,64.16,9075318,0.0
2018-10-15,64.78,66.39,64.62,66.11,9081124,0.0
2018-10-16,66.38,66.61,65.29,66.12,6794376,0.0
2018-10-17,65.68,66.32,64.87,65.18,8322082,0.0
2018-10-18,65.45,66.21,65,65.36,8173623,0.0
2018-10-21,65.69,66.6,65.225,66.08,7436253,0.0
2018-10-22,63.79,66.92,63.57,66.38,11012998,0.0
2018-10-23,65.87,66.39,62.5,62.61,14082371,0.0
2018-10-24,63.37,63.83,62.35,63.2,15695409,0.0
2018-10-25,61.48,63.64,61.18,62.4,13896640,0.0
2018-10-28,63.5,63.69,61.27,62.23,10383018,0.0
2018-10-29,62.36,63.72,62.17,63.2,15702009,0.0
2018-10-30,62.91,63.52,62.0681,62.85,9840187,0.0
2018-10-31,63.2,64.31,62.88,63.71,8786624,0.0
2018-11-01,63.93,63.955,62.3401,63.31,8307253,0.0
2018-11-04,63.08,63.8021,62.66,63.47,6321792,0.0
2018-11-05,63.35,64.34,62.41,63.63,6935981,0.0
2018-11-06,63.5,63.75,62.28,63.1718,12262974,0.0
2018-11-07,58,60.15,57.6,58.05,27363304,0.0
2018-11-08,57.78,58.2356,56.19,56.71,17501975,0.0
2018-11-11,56.37,56.5,54.43,54.49,20537170,0.0
2018-11-12,54.74,55.49,54.05,54.17,13337841,0.0
2018-11-13,54.84,54.89,53.67,53.94,12410077,0.0
2018-11-14,53.83,55.54,53.53,55.39,18048418,0.0
2018-11-15,55.12,57.04,54.99,55.88,27509436,0.0
2018-11-18,55.85,56.62,54.87,54.9,18176366,0.0
2018-11-19,54.2,55.4299,54.07,54.91,15328118,0.0
2018-11-20,55.21,56.5,55.18,55.28,13089446,0.0
2018-11-22,54.77,55.745,54.75,55.26,4360180,0.0
2018-11-25,55.79,56.38,55.175,55.72,9260385,0.0
2018-11-26,55.59,56.225,55.35,55.58,7664402,0.0
2018-11-27,55.89,56.72,54.691,56.7,10559418,0.0
2018-11-28,57.89,59.05,57.77,58.12,26093971,0.0
2018-11-29,58.22,58.47,57.02,58.28,13471872,0.0
2018-12-02,60.51,60.51,58.4,59.13,16261989,0.0
2018-12-03,58.99,59.48,57.22,57.76,13258732,0.0
2018-12-05,56.01,57.09,55.6941,57.09,15772098,0.0
2018-12-06,56.61,57.12,55.73,56,14277437,0.0
2018-12-09,57.77,58.25,56.64,57.23,17693366,0.0
2018-12-10,58.45,58.69,56.8313,57.36,12448918,0.0
2018-12-11,58.44,58.58,57.53,57.73,11561874,0.0
2018-12-12,58.14,58.38,57.56,58.08,8356543,0.0
2018-12-13,57.56,59,57.36,57.62,12638761,0.0
2018-12-16,57.59,58.34,56.67,56.98,14546541,0.0
2018-12-17,57.69,58.54,57.4,57.77,10388005,0.0
2018-12-18,57.54,58.5,56.06,56.66,13564244,0.0
2018-12-19,57.22,57.94,56.06,56.34,19761854,0.0
2018-12-20,56.26,57.28,54.69,54.89,22651219,0.0
2018-12-23,53.7,54.89,53.57,53.66,7378037,0.0
2018-12-25,54.25,56,53.512,55.97,13678357,0.0
2018-12-26,55.54,56.39,54.77,56.08,12663489,0.0
2018-12-27,56.33,57.53,56.24,56.76,11702327,0.0
2018-12-30,57.12,57.41,56.2818,56.63,6821262,0.0
2019-01-01,56.2,58,55.92,57.3499,8549949,0.0
2019-01-02,55.95,56.84,55.52,55.85,11636894,0.0
2019-01-03,56.5,56.83,55.2101,56.415,11772464,0.0
2019-01-06,56.39,57.16,55.945,56.47,10225396,0.0
2019-01-07,56.71,56.88,55.61,55.96,10273523,0.0
2019-01-08,56.26,57.11,56.14,56.56,9425818,0.0
2019-01-09,56.19,56.99,56.1,56.8,7605593,0.0
2019-01-10,56.47,58.17,56.33,57.48,10115649,0.0
2019-01-13,57.27,57.65,56.37,57.41,7730846,0.0
2019-01-14,57.32,57.4,55.56,55.75,15228668,0.0
2019-01-15,55.75,56.08,55.18,55.295,12100440,0.0
2019-01-16,54.97,55.2,54.37,54.75,16342370,0.0
2019-01-17,55.31,55.9,54.99,55.13,24175093,0.0
2019-01-21,54.97,54.99,53.94,54.17,14542610,0.0
2019-01-22,52.92,53.57,51.22,51.78,31016005,0.0
2019-01-23,51.95,51.98,50.41,50.775,26086175,0.0
2019-01-24,50.93,52.03,50.28,51.2627,15602937,0.0
2019-01-27,50.32,51.29,50.24,50.58,14249645,0.0
2019-01-28,50.49,50.8381,49.34,49.45,19583495,0.0
2019-01-29,49.68,50.8724,49.21,50.0801,13316159,0.0
2019-01-30,51.2,51.28,49.1,49.545,19890124,0.0
2019-01-31,49.58,50.28,49.4,49.555,13336631,0.0
2019-02-03,49.71,49.8,49.465,49.675,7947132,0.0
2019-02-04,49.73,51.08,49.72,50.74,13330258,0.0
2019-02-05,50.9,51.635,50.9,51.0801,8885170,0.0
2019-02-06,50.83,51.12,50.27,50.51,8770007,0.0
2019-02-07,50.24,50.68,49.91,50.2699,8595543,0.0
2019-02-10,50.5,51.3,50.38,50.78,8796993,0.0
2019-02-11,51.3,52.18,51.015,51.665,10515779,0.0
2019-02-12,52,52.49,51.6,51.61,9935185,0.0
2019-02-13,51.5,51.765,51.0925,51.6199,11548591,0.0
2019-02-14,52.08,52.36,51.6,51.975,9823779,0.0
2019-02-18,52,52.48,51.75,52,7288652,0.0
2019-02-19,52.25,52.915,52.135,52.45,9069659,0.0
2019-02-20,52.5,52.59,51.9,52.36,7109066,0.0
2019-02-21,52.69,53.15,52.64,53.12,9085064,0.0
2019-02-24,53.78,53.97,52.9,52.98,13106547,0.0
2019-02-25,53.08,53.2199,52.28,53.04,9473518,0.0
2019-02-26,52.95,53.1291,52.27,53.05,9461072,0.0
2019-02-27,53,53.76,52.71,53.41,9952106,0.0
2019-02-28,54,54.4,53.71,54.2,10461534,0.0
2019-03-03,54.58,54.7,53.255,53.78,11537395,0.0
2019-03-04,53.9,54.225,53.7,53.93,8311438,0.0
2019-03-05,53.89,55.46,53.73,54.8,18746927,0.0
2019-03-06,54.83,55.05,53.61,54.02,12271907,0.0
2019-03-07,53.45,53.63,53.03,53.54,8587741,0.0
2019-03-10,53.72,54.745,53.65,54.34,8669834,0.0
2019-03-11,54.66,55.31,54.54,54.83,8577926,0.0
2019-03-12,55.03,55.94,55,55.39,7601624,0.0
2019-03-13,55.53,55.87,55.25,55.4,6129774,0.0
2019-03-14,55.23,57.34,55.15,56.6,17426279,0.0
2019-03-17,56.62,57.19,56.44,56.83,9281818,0.0
2019-03-18,57.17,57.68,56.775,56.97,7911340,0.0
2019-03-19,57.03,57.69,56.75,57.16,7869460,0.0
2019-03-20,57.23,58.28,57.2,57.77,9349035,0.0
2019-03-21,57.68,58.09,56.7548,56.83,8488663,0.0
2019-03-24,56.58,56.9369,56.07,56.63,6375730,0.0
2019-03-25,57.15,58.39,56.67,58,14849832,0.0
2019-03-26,57.35,57.665,56.32,56.91,10578729,0.0
2019-03-27,57.03,57.39,56.34,56.54,7986353,0.0
2019-03-28,57,57.555,56.94,57.03,6946505,0.0
2019-03-31,57.64,57.91,57.43,57.81,3019802,0.0
2019-04-01,57.91,58.53,57.66,58.09,6648787,0.0
2019-04-02,58.2,58.29,57.18,57.67,10382385,0.0
2019-04-03,57.75,58.61,57.69,57.85,8076576,0.0
2019-04-04,57.98,58.19,57.685,57.99,10389573,0.0
2019-04-07,57.79,58.49,57.505,57.76,7917309,0.0
2019-04-08,57.57,57.66,57.03,57.44,8535128,0.0
2019-04-09,57.55,57.86,56.1,56.33,14748508,0.0
2019-04-10,56.44,56.9,55.785,55.9,11924487,0.0
2019-04-11,56.28,57.17,56.07,56.93,11722025,0.0
2019-04-14,57.14,57.67,57.025,57.19,9257452,0.0
2019-04-15,57.46,71.03,57.29,70.52,78648742,0.0
2019-04-16,78.88,82.52,76.49,79.11,132949332,0.0
2019-04-17,78.65,80.2,78.0202,79.885,36230506,0.0
2019-04-21,79.83,82.5,79.3376,81.99,31272902,0.0
2019-04-22,83.9,87.96,83.27,86.69,52619281,0.0
2019-04-23,87.04,88.63,85.3,86.82,38629105,0.0
2019-04-24,86.17,86.32,84.515,85.06,19465742,0.0
2019-04-25,84.51,86.755,84.21,86.64,17643583,0.0
2019-04-28,86.4,87.98,85.84,87.24,15912812,0.0
2019-04-29,87.2,87.4599,86.05,86.16,14424140,0.0
2019-04-30,87.17,88.22,86.15,86.37,21059971,0.0
2019-05-01,87.55,90.34,86.15,87.13,35735351,0.0
2019-05-02,87.76,89.82,87.06,89.285,19870457,0.0
2019-05-05,86.33,88.695,86.14,88.27,14029186,0.0
2019-05-06,87.2,88.15,84.78,85.16,19973438,0.0
2019-05-07,84.85,85.72,84.11,84.54,13305174,0.0
2019-05-08,83.37,84.8372,82.26,83.79,13241356,0.0
2019-05-09,83.38,86.3292,83.35,85.84,14898170,0.0
2019-05-12,83.24,84.85,82.99,83.89,14949184,0.0
2019-05-13,84.27,86.44,84,86.15,12664869,0.0
2019-05-14,85.55,87,84.89,86.27,10303239,0.0
2019-05-15,83.99,84.69,82.13,82.8,21036916,0.0
2019-05-16,80.49,83.12,80,81.51,14845268,0.0
2019-05-19,77.95,78.33,76.07,76.59,30728836,0.0
2019-05-20,78.91,79.04,77.22,77.76,15836600,0.0
2019-05-21,69.13,71.74,67.97,69.31,54613759,0.0
2019-05-22,67,68.27,65.9,68.25,29422601,0.0
2019-05-23,68.93,69.15,65.9686,66.2,19998584,0.0
2019-05-27,66.64,67.71,65.235,65.36,18547045,0.0
2019-05-28,65.36,66.15,64.76,65.75,15050966,0.0
2019-05-29,65.97,67.07,65.93,66.6,10584659,0.0
2019-05-30,65.78,67.84,65.53,66.82,13572370,0.0
2019-06-02,67.1,68.13,66.28,66.66,11173588,0.0
2019-06-03,67.61,68.5,66.7,68.46,13584266,0.0
2019-06-04,68.04,68.33,65.83,67.02,11040361,0.0
2019-06-05,66.92,67.97,66.265,67.61,8846698,0.0
2019-06-06,67.69,68.78,67.3,68.69,9342614,0.0
2019-06-09,69,71.46,69,70.55,11355826,0.0
2019-06-10,71.58,72.22,70.2732,71.23,9386044,0.0
2019-06-11,69.53,70.37,69.2,69.58,8409302,0.0
2019-06-12,69.97,70.49,69.38,69.92,11616662,0.0
2019-06-13,68.35,69.12,67.9,68.72,17610935,0.0
2019-06-16,69.09,69.98,68.9,69.11,7064477,0.0
2019-06-17,69.67,72.39,69.67,71.96,11180907,0.0
2019-06-18,72.37,72.62,70.8,71.81,9081897,0.0
2019-06-19,73.19,73.67,72.228,72.72,8448507,0.0
2019-06-20,72.31,73.17,72.31,72.73,9555739,0.0
2019-06-23,72.97,73.45,72.2,73.19,6715756,0.0
2019-06-24,73.23,74.135,72.52,72.54,6944686,0.0
2019-06-25,73.76,75.695,73.65,74.95,10092805,0.0
2019-06-26,75.34,75.9,75.17,75.42,6810145,0.0
2019-06-27,75.87,76.44,74.81,76.05,8873728,0.0
2019-06-30,80.67,80.76,77.08,77.52,14196844,0.0
2019-07-01,77.28,77.48,76.62,77,6382823,0.0
2019-07-02,77.03,77.23,76.05,76.62,3885323,0.0
2019-07-04,74.2,76.72,74.1,76.67,7078184,0.0
2019-07-07,75.98,77.03,75.93,76.63,7189748,0.0
2019-07-08,76.44,76.84,75.84,76.54,5454503,0.0
2019-07-09,76.83,76.91,74.08,74.35,13033012,0.0
2019-07-10,74.52,75.78,73.299,73.71,12720684,0.0
2019-07-11,74.25,74.98,73.815,74.89,6878001,0.0
2019-07-14,75.15,75.9,74.79,75.43,6398106,0.0
2019-07-15,75.11,76.5,74.55,75.68,7760118,0.0
2019-07-16,78.57,79.4,75.71,75.75,18395343,0.0
2019-07-17,74.97,75.35,74.05,74.36,11455661,0.0
2019-07-18,74.42,75.71,74.42,75.04,9490135,0.0
2019-07-21,75.06,76.62,75.06,75.9386,6861132,0.0
2019-07-22,75.34,75.59,73.31,74.11,11693055,0.0
2019-07-23,74.01,76.42,73.68,75.87,10189873,0.0
2019-07-24,75.84,76.14,75.0965,75.36,6461175,0.0
2019-07-25,75.11,75.85,74.85,75.22,6689106,0.0
2019-07-28,75.16,76.32,74.67,74.96,7261338,0.0
2019-07-29,74.58,75.07,74.36,74.8,6822933,0.0
2019-07-30,74.83,75.28,72.757,73.17,10443576,0.0
2019-07-31,68.88,73.71,68.25,71.2,27566165,0.0
2019-08-01,70.49,71.525,70.12,71.15,8517275,0.0
2019-08-04,69.97,70.84,68.56,68.8,10861655,0.0
2019-08-05,69.52,69.93,67.38,68.17,11302340,0.0
2019-08-06,67.26,69.6,67.12,69.39,7623077,0.0
2019-08-07,69.56,71.35,69.35,71.29,6968531,0.0
2019-08-08,70.51,72.185,70.19,71.52,6950786,0.0
2019-08-11,71,71.4799,69.74,69.8,6224569,0.0
2019-08-12,69.89,72.47,69.31,72.2,7873854,0.0
2019-08-13,70.64,71.89,70.55,70.89,5917063,0.0
2019-08-14,71.44,72.19,70.59,71.15,7032417,0.0
2019-08-15,71.85,73.41,71.73,73.26,7889995,0.0
2019-08-18,74.58,75.53,74.14,74.86,7919664,0.0
2019-08-19,74.57,76.435,74.33,76.1,7241043,0.0
2019-08-20,76.5,77.19,75.99,76.7,7314700,0.0
2019-08-21,76.91,77.95,76.6,77.15,5895327,0.0
2019-08-22,76.12,79.1,73.22,73.55,13689079,0.0
2019-08-25,74.9,75.09,72.52,72.92,7827485,0.0
2019-08-26,73.68,74.38,73.2,73.96,5585142,0.0
2019-08-27,73.79,74.88,72.91,74.35,5002361,0.0
2019-08-28,75.22,77.025,75.22,76.44,6080941,0.0
2019-08-29,77.18,78.05,77,77.75,6090422,0.0
2019-09-02,76.77,76.99,74.7,75.12,6599343,0.0
2019-09-03,75.99,77.12,75.63,77.09,3852963,0.0
2019-09-04,77.89,80.44,77.89,78.99,10324568,0.0
2019-09-05,78.96,79.079,78.44,78.86,4440900,0.0
2019-09-08,79.04,79.45,77.968,78.23,4991718,0.0
2019-09-09,78.03,78.875,77.34,78.71,4791899,0.0
2019-09-10,78.17,79.905,78.12,79.89,5498257,0.0
2019-09-11,80.05,80.05,78.58,79.07,5015268,0.0
2019-09-12,79.18,79.535,78.37,78.4,4172595,0.0
2019-09-15,77.58,78.485,76.91,78.06,3317838,0.0
2019-09-16,77.61,78.79,77.51,78.71,3547120,0.0
2019-09-17,78.69,79.07,77.64,78.88,4241118,0.0
2019-09-18,79.24,80,78.21,78.23,4340592,0.0
2019-09-19,78.07,78.7,76.17,76.43,7796938,0.0
2019-09-22,76.67,77.91,76.0564,77.26,4271014,0.0
2019-09-23,78.08,78.3,74.63,75.25,8162464,0.0
2019-09-24,75.03,77.49,74.88,77.265,4535024,0.0
2019-09-25,77.16,77.69,75.94,77.38,3291412,0.0
2019-09-26,77.01,78.2,76.21,76.63,4212144,0.0
2019-09-29,76.89,76.95,76.02,76.28,3890853,0.0
2019-09-30,77.06,78.06,74.97,75.44,6264198,0.0
2019-10-01,75.26,75.55,73.77,74,4916711,0.0
2019-10-02,73.93,75.83,73.16,75.74,4427123,0.0
2019-10-03,76.32,77.56,75.84,77.47,7976870,0.0
2019-10-06,77.01,77.55,76.27,76.34,6263278,0.0
2019-10-07,75.52,75.82,72.81,72.86,13317946,0.0
2019-10-08,73.91,74.8,73.56,74.34,9078848,0.0
2019-10-09,74.35,75.9656,74.17,74.98,8294127,0.0
2019-10-10,76.19,77.82,76.01,76.63,12791959,0.0
2019-10-13,76.65,77.26,76.28,76.3,8144559,0.0
2019-10-14,76.88,77.98,76.3,77.82,9128460,0.0
2019-10-15,77.49,78.32,77.28,78.24,10555471,0.0
2019-10-16,78.7,79.96,78.4,79,10803090,0.0
2019-10-17,78.62,79.22,77.6725,77.68,10912090,0.0
2019-10-20,78.16,79.09,78.13,78.96,3942376,0.0
2019-10-21,78.93,79.07,78.2405,78.46,4190328,0.0
2019-10-22,77.21,78.13,76.87,77.25,5230876,0.0
2019-10-23,78.06,79.02,77.67,78.97,4429877,0.0
2019-10-24,78.83,80.23,78.83,80.19,5816385,0.0
2019-10-27,80.61,83.13,80.54,83.07,8837230,0.0
2019-10-28,82.75,82.85,81.44,81.65,3946784,0.0
2019-10-29,82.1,82.2482,80.85,81.41,3544022,0.0
2019-10-30,81.44,81.47,79.84,80.46,4612940,0.0
2019-10-31,81.59,83.65,81.25,83.58,7647602,0.0
2019-11-03,84.54,85.87,84.3082,85.12,7490940,0.0
2019-11-04,85.2,85.74,84.73,85.45,5913537,0.0
2019-11-05,85.34,85.605,84.2242,84.63,6658691,0.0
2019-11-06,89.83,92.5,88.32,89.97,27712304,0.0
2019-11-07,89.98,94.11,89.6,94.04,15339229,0.0
2019-11-10,91.71,92.5244,90.89,91.84,10597547,0.0
2019-11-11,92.18,92.25,90.17,90.96,8194123,0.0
2019-11-12,90.7,91.9,89.62,90.46,8574257,0.0
2019-11-13,90.31,90.58,89.43,90.48,7099753,0.0
2019-11-14,92.6,93.94,90.5801,90.88,12884053,0.0
2019-11-17,90.81,91.975,89.28,90.47,8744103,0.0
2019-11-18,91.25,91.39,86.68,87.94,16563592,0.0
2019-11-19,87.82,88.36,85.31,85.62,11523267,0.0
2019-11-20,84.79,86.3,84.55,85.11,10050791,0.0
2019-11-21,85.29,85.82,84.53,84.89,5401819,0.0
2019-11-24,85.76,86.29,85.08,85.28,7041516,0.0
2019-11-25,85.25,85.545,84.14,84.64,7694235,0.0
2019-11-26,85.16,85.31,84.4713,84.81,4696536,0.0
2019-11-28,84.51,85.1,83.42,83.55,3283388,0.0
2019-12-01,83.98,84.29,82.31,82.47,6646566,0.0
2019-12-02,81.38,81.39,79.81,80.59,9624861,0.0
2019-12-03,80.92,82.44,80.45,82.07,7447391,0.0
2019-12-04,82.65,83.4409,81.78,82.585,5682695,0.0
2019-12-05,83.45,84.25,83.42,83.82,5461016,0.0
2019-12-08,84,85.3,83.8401,84.94,6465217,0.0
2019-12-09,85.04,85.33,83.69,84.12,5819774,0.0
2019-12-10,84.84,87.1,84.76,87.1,8324275,0.0
2019-12-11,86.84,89.229,86.37,89.05,10514503,0.0
2019-12-12,88.91,89.7,87.564,87.85,10501858,0.0
2019-12-15,89.28,90.46,88.35,88.43,7128936,0.0
2019-12-16,89,89.04,87.68,88.28,5079601,0.0
2019-12-17,88.43,88.65,87.59,87.99,4071374,0.0
2019-12-18,88.36,88.701,87.62,88.49,4759684,0.0
2019-12-19,88.82,89.85,88.18,88.62,8517347,0.0
2019-12-22,89.01,89.33,88.245,88.44,4501884,0.0
2019-12-23,88.62,88.81,87.98,88.79,1915433,0.0
2019-12-25,88.92,88.96,87.9965,88.4,4157313,0.0
2019-12-26,88.9,88.95,88.09,88.79,4584244,0.0
2019-12-29,88.71,88.78,87.31,88.43,5758896,0.0
2019-12-30,87.99,88.77,87.88,88.24,3946089,0.0
2020-01-01,89.05,89.81,88.08,88.7,6730423,0.0
2020-01-02,87.26,87.64,86.44,87,7142421,0.0
2020-01-05,85.91,86.55,85.54,86.5,5922031,0.0
2020-01-06,87.04,89.49,86.91,88.96,6951200,0.0
2020-01-07,88.9,89.47,87.92,88.73,6342802,0.0
2020-01-08,89.66,90.72,88.83,89.91,6717859,0.0
2020-01-09,90.51,92.39,89.87,90.26,7991463,0.0
2020-01-12,91.05,92.73,90.5485,90.97,7538918,0.0
2020-01-13,91.13,91.61,90.29,90.57,6361676,0.0
2020-01-14,90.75,91.18,89.25,89.67,6544338,0.0
2020-01-15,90.22,92.229,89.82,91.79,8342484,0.0
2020-01-16,93,96.17,92.95,95.89,20421000,0.0
2020-01-20,95.33,95.7199,93.4229,94.57,18259869,0.0
2020-01-21,95.3,95.39,92.71,92.96,14248488,0.0
2020-01-22,92.7,92.95,91.46,91.96,17264358,0.0
2020-01-23,92.68,93.25,88.83,89.64,17103586,0.0
2020-01-26,87.3035,88.22,86.45,87.05,7506935,0.0
2020-01-27,88.15,89.54,87.3861,89.15,6531800,0.0
2020-01-28,88.66,89.02,87.35,88.22,6451208,0.0
2020-01-29,87.31,87.86,86.19,87.78,7363234,0.0
2020-01-30,87.05,87.1677,85.04,85.26,7778201,0.0
2020-02-02,85.55,86.58,85.16,86.48,6205949,0.0
2020-02-03,88.25,88.95,87.37,88.93,8123367,0.0
2020-02-04,90.99,91.14,89.27,90.96,11094020,0.0
2020-02-05,88,90.775,86.19,90.66,18640191,0.0
2020-02-06,89.62,90.03,87.38,87.42,9673662,0.0
2020-02-09,86.78,88.635,86.5,88.57,6514631,0.0
2020-02-10,89.37,91.47,88.9,90,8416232,0.0
2020-02-11,91.65,92.44,91.29,91.72,8211950,0.0
2020-02-12,90.78,91.3799,89.7772,90.03,7233031,0.0
2020-02-13,90.55,90.8,88.79,89.6,5240435,0.0
2020-02-17,87.83,89,87.525,88.02,6634697,0.0
2020-02-18,88.94,90.62,88.65,90.6,7017029,0.0
2020-02-19,90.81,91.88,88.68,89.47,9060825,0.0
2020-02-20,88.56,89.03,86.33,87.03,9688556,0.0
2020-02-23,83.9,84.83,82.72,83.27,10640473,0.0
2020-02-24,83.94,84.4,79.64,80.21,13608619,0.0
2020-02-25,81,82.03,79.09,79.66,11852031,0.0
2020-02-26,77.13,78.19,75.33,75.95,16132700,0.0
2020-02-27,73.75,79.81,73.34,78.81,16818062,0.0
2020-03-01,79.015,80.71,77.13,80.64,12985705,0.0
2020-03-02,80.82,82.65,77.83,78.51,14479350,0.0
2020-03-03,79.12,81.91,78.05,81.84,8302332,0.0
2020-03-04,79.46,81.37,78.7,79.17,7992741,0.0
2020-03-05,76.33,78.08,75.83,77.54,8468882,0.0
2020-03-08,72.28,76.1,72.16,72.62,23541182,0.0
2020-03-09,74.98,79.04,74.16,78.99,11493058,0.0
2020-03-10,76.29,77.79,73.72,74.55,22825204,0.0
2020-03-11,69.55,72.53,67,67.005,34065874,0.0
2020-03-12,71.18,76.67,67.26,75.84,26797206,0.0
2020-03-15,68.28,71.17,64.46,64.51,27307650,0.0
2020-03-16,65.91,69.81,62.2,68.86,14820331,0.0
2020-03-17,63.56,65.56,58,62.37,28016146,0.0
2020-03-18,61.12,67.55,59.04,65,15713843,0.0
2020-03-19,65.03,67.98,60.79,60.89,14834035,0.0
2020-03-22,61.55,64.86,59.11,62.54,27103382,0.0
2020-03-23,66,67.62,62.19,65.46,16544197,0.0
2020-03-24,65.9,66.96,62.46,63,14216101,0.0
2020-03-25,64.24,69.655,63.25,68.98,26242108,0.0
2020-03-26,66.5,69.12,65.93,66.58,8183613,0.0
2020-03-29,67.19,69.5,66.06,69.04,8465599,0.0
2020-03-30,69.29,70.36,66.66,67.65,22161354,0.0
2020-03-31,65,68.7,65,65.88,12474516,0.0
2020-04-01,65.87,68.26,65.31,68.02,14111535,0.0
2020-04-02,67.68,68.69,64.55,65.2,11151273,0.0
2020-04-05,68.5,71.37,67.65,70.95,18941854,0.0
2020-04-06,73.66,74.9,70.86,72.73,20377246,0.0
2020-04-07,73.7,74.375,72.42,73.32,18330872,0.0
2020-04-08,74.62,74.84,70,71.63,26893416,0.0
2020-04-12,71.71,73.51,71.44,73.3,6630703,0.0
2020-04-13,75.01,77.665,74.975,77.57,9652256,0.0
2020-04-14,75.8642,76.34,74.03,76,34400547,0.0
2020-04-15,76.86,77.69,75.38,76.85,14431142,0.0
2020-04-16,77.32,78.25,75.48,76.06,25103730,0.0
2020-04-19,75.0222,76.23,74.1,74.28,18272485,0.0
2020-04-20,73.31,73.97,71.75,71.75,23427880,0.0
2020-04-21,73.79,75.27,72.75,74.81,18922108,0.0
2020-04-22,75,76.17,73.76,73.79,11526828,0.0
2020-04-23,73.92,76.11,73.66,76.06,14363850,0.0
2020-04-26,76.59,77.8201,75.49,76.02,24770283,0.0
2020-04-27,77.1084,77.78,75.16,75.27,5107946,0.0
2020-04-28,77.17,79.24,76.83,79.04,8185354,0.0
2020-04-29,80.27,80.87,77.28,78.67,27359560,0.0
2020-04-30,76.85,77.59,74.68,75.7,8341613,0.0
2020-05-03,75.16,75.94,74.09,75.69,11335757,0.0
2020-05-04,76.75,78.81,76.56,77.63,6428895,0.0
2020-05-05,78.81,80.14,78.52,78.9,7362572,0.0
2020-05-06,79.7,80.17,78.2601,78.83,4887055,0.0
2020-05-07,79.7,81.09,79.36,80.6,14116940,0.0
2020-05-10,80.29,81.27,79.54,80.48,5276053,0.0
2020-05-11,81.29,81.79,78.4,78.41,5520496,0.0
2020-05-12,78.86,79.51,76.75,78.01,15929276,0.0
2020-05-13,77.5,80,76.47,79.9,17035908,0.0
2020-05-14,74.67,77.7,74.37,75.78,23512908,0.0
2020-05-17,77.27,80.18,77.21,79.93,22992076,0.0
2020-05-18,79.75,80.15,78,78.02,6757849,0.0
2020-05-19,79.96,81.96,79.69,80.65,9525788,0.0
2020-05-20,79.47,80.0906,77.8738,78.04,7110751,0.0
2020-05-21,78.26,78.76,77.29,78.71,4642426,0.0
2020-05-25,80.19,80.57,77.775,78.02,15490770,0.0
2020-05-26,78.27,79.32,76.16,79.3,8066474,0.0
2020-05-27,80.24,81.48,77.73,78.12,9721597,0.0
2020-05-28,78.7,81.2,77.9,80.99,16130978,0.0
2020-05-31,79.89,80.48,79.24,79.73,11244688,0.0
2020-06-01,79.93,84.8798,79.91,84.64,11984736,0.0
2020-06-02,84.95,85.95,83.62,84.09,23232742,0.0
2020-06-03,83.95,86.7,83.95,86.05,10830196,0.0
2020-06-04,88,89.48,87.82,88.625,19286720,0.0
2020-06-07,89,91.5,88.34,91.37,16299464,0.0
2020-06-08,90.23,90.39,89.06,89.84,11280960,0.0
2020-06-09,90.25,92.14,90.03,91.08,16183471,0.0
2020-06-10,88.62,89.055,83.94,84.02,12900352,0.0
2020-06-11,86.25,87.14,85.25,85.25,2787696,0.0
2020-06-14,83.67,86.57,83.1,86.42,7057692,0.0
2020-06-15,89.9,90.44,87.76,89.64,21194355,0.0
2020-06-16,90.68,91.085,89.3,89.95,13294464,0.0
2020-06-17,89.85,90.49,89.03,89.92,4735293,0.0
2020-06-18,89.87,90.25,87.535,88.63,11177617,0.0
2020-06-21,88.72,89.44,87.61,89.13,5829066,0.0
2020-06-22,90.14,90.61,89.21,89.34,6216062,0.0
2020-06-23,89.1747,89.83,87.42,89.15,6457816,0.0
2020-06-24,88.7,89.46,87.32,88.96,5945295,0.0
2020-06-25,89.07,89.73,87.54,88.025,6095101,0.0
2020-06-28,88.2113,89.15,86.68,89.12,4228320,0.0
2020-06-29,89.2,91.93,89,91.21,7474122,0.0
2020-06-30,91.01,91.3,89.58,89.78,5174568,0.0
2020-07-01,91.09,92.5,90.8,91.87,7320347,0.0
2020-07-05,93.21,93.75,92.1,92.92,5569776,0.0
2020-07-06,92.97,93.55,91.91,92.14,5611981,0.0
2020-07-07,93.27,93.6,92.34,93.54,5356187,0.0
2020-07-08,93.95,93.95,91.44,93.24,5570316,0.0
2020-07-09,93,93.52,91.56,92.51,3761290,0.0
2020-07-12,93.3,94.125,91.2,91.33,6121812,0.0
2020-07-13,90.86,92.62,89.2,92.35,4958398,0.0
2020-07-14,92.93,92.93,91.01,92.55,4291062,0.0
2020-07-15,91.2639,91.747,90.68,91.11,4657625,0.0
2020-07-16,91.68,92.455,91,92.2,3876796,0.0
2020-07-19,92.1922,93.27,91.3,93.17,3780000,0.0
2020-07-20,93.55,93.85,91.81,92.35,5668026,0.0
2020-07-21,92.74,93.29,91.67,92.59,3752951,0.0
2020-07-22,92.91,92.97,89.48,89.73,4796903,0.0
2020-07-23,89.21,90.29,87.51,88.89,7650566,0.0
2020-07-26,90.0225,92.84,89.26,92.7,6843346,0.0
2020-07-27,92.171,92.59,90.57,91.45,5128481,0.0
2020-07-28,92.08,93.62,91.74,93.06,6649417,0.0
2020-07-29,102.42,107.69,100.7,107.19,40297593,0.0
2020-07-30,105.66,107.753,104.51,105.6,15394034,0.0
2020-08-02,107.4,113,107.0341,109.59,13538522,0.0
2020-08-03,109.49,111.02,108.66,110.92,9282656,0.0
2020-08-04,111,112.46,110.08,111.38,6652395,0.0
2020-08-05,111.23,111.36,109.93,111.07,5652091,0.0
2020-08-06,110.01,111.05,106,108.24,10428596,0.0
2020-08-09,108.455,108.6,105.7226,106.39,6782447,0.0
2020-08-10,106.2,112.01,104.74,108.86,17160127,0.0
2020-08-11,110.39,116.25,109.65,115.78,17454454,0.0
2020-08-12,116.2,116.2,112.77,113.46,9355891,0.0
2020-08-13,113.3,114.52,112.57,113.74,5875217,0.0
2020-08-16,113.29,114.49,110.63,112.16,9315265,0.0
2020-08-17,112.91,113.38,111.52,112.02,5677665,0.0
2020-08-18,112.33,113.47,110.75,111.03,5880270,0.0
2020-08-19,110,110.98,109.67,110.65,6027016,0.0
2020-08-20,110.23,113.15,109.95,113.04,7704969,0.0
2020-08-23,114.37,116,113.27,115.97,7836685,0.0
2020-08-24,116.11,117.1,114.44,115.95,5138635,0.0
2020-08-25,116.25,116.55,115.17,116.04,5410571,0.0
2020-08-26,116.43,118.18,115.35,116.02,7536665,0.0
2020-08-27,116.71,118.26,116.17,118.2,5564627,0.0
2020-08-30,118.3321,121.06,118.12,119.08,8001031,0.0
2020-08-31,121.08,122.57,119.51,122.01,8102380,0.0
2020-09-01,123.26,123.9299,121.81,123.18,8124479,0.0
2020-09-02,121.3,121.71,115.6,116.43,11422474,0.0
2020-09-03,115.69,117.82,112.38,115.955,9570868,0.0
2020-09-07,111.94,113.88,109.62,109.83,8537903,0.0
2020-09-08,113.4804,115.77,112.3,114.02,7233926,0.0
2020-09-09,114.84,115.81,111.57,112.44,4511406,0.0
2020-09-10,113.38,114.845,112.4,113.41,6175357,0.0
2020-09-13,115.24,115.43,112.65,113.46,4510640,0.0
2020-09-14,114.94,117.81,114.79,116.58,7245974,0.0
2020-09-15,118,118,114.54,114.56,5799186,0.0
2020-09-16,111.92,115.6999,111,114.87,6529758,0.0
2020-09-17,115.04,115.43,109.8,110.71,10566201,0.0
2020-09-20,109.16,112.14,108.3,111.99,7071416,0.0
2020-09-21,112.61,114.25,110.415,113.82,6159170,0.0
2020-09-22,113.64,113.93,110.07,110.52,5462536,0.0
2020-09-23,109.39,113.29,109.24,112.19,6156362,0.0
2020-09-24,113.55,115.75,111.8,114.51,10875110,0.0
2020-09-27,115.96,118.7391,114.92,118.48,7793149,0.0
2020-09-28,118.14,119.25,117.2,117.35,4941238,0.0
2020-09-29,117.5,119.255,116.9238,117.68,4428546,0.0
2020-09-30,119.93,120.205,117.7,119.52,4199004,0.0
2020-10-01,116.78,118.66,115.43,115.47,4667353,0.0
2020-10-04,116.9,120.64,116.73,120.54,4779311,0.0
2020-10-05,120.45,122.52,119.1,119.54,6425689,0.0
2020-10-06,121.235,123.36,120.65,123.03,6239410,0.0
2020-10-07,124.43,124.43,121.84,122.38,4203059,0.0
2020-10-08,123.93,125.89,122.79,124.84,8705856,0.0
2020-10-11,127.6996,127.6996,124.9523,126.73,6757589,0.0
2020-10-12,127.47,128.18,125.4,127.46,6600253,0.0
2020-10-13,129.08,132.42,128.93,129.89,11451091,0.0
2020-10-14,127.3,129.135,126.65,128.59,6531755,0.0
2020-10-15,129.7,130.19,127.735,129.03,5536465,0.0
2020-10-18,130.1265,131.96,127.7,128.37,4406951,0.0
2020-10-19,129.18,129.33,127.51,128.3,3874288,0.0
2020-10-20,128.04,130.4,126.37,128.55,3147109,0.0
2020-10-21,129.51,129.59,126.86,128.41,3257817,0.0
2020-10-22,128.59,129.09,127.1,128.87,3387931,0.0
2020-10-25,127.53,128.67,124.4,126.2,4828183,0.0
2020-10-26,126.51,126.96,125.19,125.91,3585918,0.0
2020-10-27,123.5,123.82,121.05,121.62,6790585,0.0
2020-10-28,122.06,127.69,121.89,126.44,5630919,0.0
2020-10-29,123.68,125.245,121.6,123.38,6407403,0.0
2020-11-01,124.5,126.17,122.41,123.97,4774870,0.0
2020-11-02,125.44,126.92,124.69,125.41,4758261,0.0
2020-11-03,129.325,129.57,126.07,128.97,7188317,0.0
2020-11-04,145.8193,148.8,141.83,145.41,25387954,0.0
2020-11-05,146.01,146.232,143.96,145,6164963,0.0
2020-11-08,149.41,149.41,142.44,142.49,8141353,0.0
2020-11-09,140.1484,143.17,138.53,140.11,10538763,0.0
2020-11-10,144,148.09,144,147.72,8999210,0.0
2020-11-11,147.57,148.51,143.07,143.91,7112611,0.0
2020-11-12,145.5375,146.25,143.23,144.285,4297224,0.0
2020-11-15,145.2,149.25,144.55,149.15,6828924,0.0
2020-11-16,149.02,149.85,147.1836,148.8,6426170,0.0
2020-11-17,149.24,153.33,146.91,147,9642174,0.0
2020-11-18,146.5613,149.3,145.46,147.56,6932548,0.0
2020-11-19,148.28,149.1,145.94,145.94,4643787,0.0
2020-11-22,142.35,147,141.8801,143.83,10637950,0.0
2020-11-23,143.39,146.33,141.11,145.94,9088596,0.0
2020-11-24,145.95,147.49,144.04,144.06,4748109,0.0
2020-11-26,145.49,146.43,143.7,143.83,3133629,0.0
2020-11-29,144.6295,147.29,144.05,147.24,5911714,0.0
2020-11-30,148.79,152.39,147.7943,151.37,10250595,0.0
2020-12-01,150.51,151.49,149.62,150.09,6144745,0.0
2020-12-02,151.04,152.7739,149.64,149.9,4280474,0.0
2020-12-03,150.3,158.09,150,157.68,10992694,0.0
2020-12-06,158.55,158.97,156.71,157.96,5718872,0.0
2020-12-07,157.46,159.29,155.874,158.8,4630965,0.0
2020-12-08,158.6,161.07,155.55,155.9,6590439,0.0
2020-12-09,154.42,157.85,152.73,155.74,4233872,0.0
2020-12-10,149.24,150.27,141.8901,144.28,24815364,0.0
2020-12-13,144.9,147.75,143.33,146.29,9299934,0.0
2020-12-14,149.37,149.915,147.1,148.35,5604322,0.0
2020-12-15,149.14,150.44,146.71,149.72,4711205,0.0
2020-12-16,150.865,151.23,148.38,149.53,5060393,0.0
2020-12-17,150.7947,150.7947,146.1238,147.47,6447491,0.0
2020-12-20,145.005,147.36,144.41,146.99,4538577,0.0
2020-12-21,146.6112,147.03,144.72,146.33,3635867,0.0
2020-12-22,147.63,151.54,146.87,146.96,4012853,0.0
2020-12-23,147.8,148.9,147.2,148.73,1894675,0.0
2020-12-27,150.62,151.07,147.44,147.85,3969545,0.0
2020-12-28,148.97,148.99,147.03,148.36,3220784,0.0
2020-12-29,149.12,151.61,148.9227,149.971,3416208,0.0
2020-12-30,150.3218,152.56,150.1,152.24,3854650,0.0
2021-01-03,153.01,155.15,147.1388,148.33,8416180,0.0
2021-01-04,148.65,152.7,148.5,152.45,6176984,0.0
2021-01-05,151.53,153.87,149.47,151.19,5504166,0.0
2021-01-06,152.33,156.42,152.26,155.68,5090908,0.0
2021-01-07,157.23,157.53,154.54,156.575,5421820,0.0
2021-01-10,156.1,158.13,154.92,156.08,3949850,0.0
2021-01-11,156.64,156.87,153.96,154.43,3868544,0.0
2021-01-12,155.19,157.9281,153.65,157.42,4579466,0.0
2021-01-13,159.3965,163.18,158.5,160.85,8905375,0.0
2021-01-14,160.77,160.86,156.88,157,7511468,0.0
2021-01-18,158.94,164.1,158.45,163.77,6011005,0.0
2021-01-19,164.72,167.94,164.44,164.48,6578222,0.0
2021-01-20,165.805,166.49,163.34,164.76,4320831,0.0
2021-01-21,164,164.2744,161.52,162.43,4379765,0.0
2021-01-24,164.32,167.045,161.73,164.37,4502526,0.0
2021-01-25,164.2,164.65,160.91,162.64,6039729,0.0
2021-01-26,158.49,160.73,152.69,153.68,8245240,0.0
2021-01-27,156.28,158.97,153.11,155.39,5911857,0.0
2021-01-28,160.2465,160.635,154.75,156.28,7038811,0.0
2021-01-31,157.37,162.4,156.49,161.68,7014418,0.0
2021-02-01,164.51,165.38,161.3,164.86,5950128,0.0
2021-02-02,167.5765,167.58,161.8,162.41,9181868,0.0
2021-02-03,150.18,151.78,145.2,147.96,44290616,0.0
2021-02-04,148.85,148.9,144.62,145.83,23286694,0.0
2021-02-07,147.1,147.6,145.3,147.38,11005359,0.0
2021-02-08,147.55,148.5,145.9,146.1,11061234,0.0
2021-02-09,147.62,147.75,144.37,145.49,11085116,0.0
2021-02-10,145.78,146.57,143.53,145.57,10939382,0.0
2021-02-11,145.57,151.4,144.865,147.98,8325174,0.0
2021-02-15,149,149.74,146.06,147.16,8563483,0.0
2021-02-16,145.825,146.89,143.4204,144.73,9548663,0.0
2021-02-17,143.54,144.7,142.96,143.84,7471238,0.0
2021-02-18,144.78,145.85,143.49,144.95,8659832,0.0
2021-02-21,142.25,144.12,139.08,139.46,10520639,0.0
2021-02-22,136.38,138.48,134.44,137.04,13273721,0.0
2021-02-23,136.4,141.18,135.0924,141.045,11357300,0.0
2021-02-24,139.56,140.83,135.02,135.3,11215636,0.0
2021-02-25,136.76,138.15,134.7,136.19,9837081,0.0
2021-02-28,137.5,139.63,136.46,139.5,8069272,0.0
2021-03-01,140,140.1,136.77,137.01,7713028,0.0
2021-03-02,135.6,136.1801,131.54,131.66,13501373,0.0
2021-03-03,132.35,134.2,126.58,127.8,14555234,0.0
2021-03-04,130.92,131.166,125.4,129.75,11978890,0.0
2021-03-07,129,129.7713,122.99,123.18,13569183,0.0
2021-03-08,127.385,129.92,126.33,129.11,10216285,0.0
2021-03-09,130.67,131.1,127.64,127.85,11412017,0.0
2021-03-10,131.01,133.24,130.01,131.73,10548211,0.0
2021-03-11,129.9,130.33,127.62,129.97,8714375,0.0
2021-03-14,130.06,131.76,129.12,131.64,6571960,0.0
2021-03-15,132.89,135.44,132.293,133.68,9278130,0.0
2021-03-16,131.31,135.6,129.68,133.935,8617210,0.0
2021-03-17,132.44,133.6,129.66,129.74,8337982,0.0
2021-03-18,129.79,132.48,129.17,131.11,7978998,0.0
2021-03-21,132.96,135.55,132.595,134.08,7103470,0.0
2021-03-22,134,134.355,131.4119,132.52,6340271,0.0
2021-03-23,132.99,133.06,127.11,127.16,9306076,0.0
2021-03-24,126.78,127.6384,124.39,127.32,9435435,0.0
2021-03-25,127.06,133.35,127.04,133.05,8664717,0.0
2021-03-28,132.54,133.34,129.77,131.27,8034809,0.0
2021-03-29,130.17,131.24,129.065,130.2,6067994,0.0
2021-03-30,130.96,133.52,130.57,132.6,6158076,0.0
2021-03-31,134.46,138.4321,133.6,137.82,12434405,0.0
2021-04-04,138.99,140.5,138.23,140.37,9721369,0.0
2021-04-05,139.85,140.23,137.635,138.05,7715821,0.0
2021-04-06,138.33,139.95,137.4,139.44,6103444,0.0
2021-04-07,140.02,140.37,138.81,140.35,5972326,0.0
2021-04-08,139.81,140.68,138.88,140.6,5037147,0.0
2021-04-11,138.86,139.89,136.05,137.47,9400465,0.0
2021-04-12,138.38,138.77,135.75,137.3,6258527,0.0
2021-04-13,137.01,137.84,133.91,134.75,6902866,0.0
2021-04-14,135.92,137.99,135.57,137.81,10278100,0.0
2021-04-15,137.81,139.005,136.65,138.21,5107295,0.0
2021-04-18,136.8,137.05,134.085,135.27,6848356,0.0
2021-04-19,134.55,134.78,132.79,133.39,5478710,0.0
2021-04-20,132.89,136.365,132.5,136.19,5835523,0.0
2021-04-21,135.43,135.96,132.47,132.98,7188661,0.0
2021-04-22,133.68,136.1064,133.535,135.4,6336880,0.0
2021-04-25,135.33,139.69,135.12,138.99,8747961,0.0
2021-04-26,138.7,139.38,136.98,138.07,8080662,0.0
2021-04-27,138.17,138.2731,135.75,136.63,10138829,0.0
2021-04-28,145.18,145.2965,140.67,142.68,19011765,0.0
2021-04-29,141.07,142.09,138.26,138.82,9378827,0.0
2021-05-02,139.73,139.76,136.87,137.42,6591998,0.0
2021-05-03,135.81,136,132.42,134.19,10092073,0.0
2021-05-04,136.08,136.45,134.11,134.74,4898341,0.0
2021-05-05,134.49,136.54,133.095,136,6572642,0.0
2021-05-06,137.2,138.69,136.29,137.85,6042384,0.0
2021-05-09,136.47,136.68,128.82,128.94,15437708,0.0
2021-05-10,125.25,128.56,124.77,128.37,10952309,0.0
2021-05-11,126.09,127.13,123.68,124.64,11641533,0.0
2021-05-12,126.98,128.48,125.87,127.12,9177713,0.0
2021-05-13,128.63,131.42,127.81,130.15,8031545,0.0
2021-05-16,129.35,129.83,127.71,129.81,5097002,0.0
2021-05-17,130.64,131.24,128.79,128.91,5924332,0.0
2021-05-18,127.21,130.83,126.45,130.72,6624318,0.0
2021-05-19,131.529,133.28,131.46,132.63,8032869,0.0
2021-05-20,131.89,132.6897,130.49,131.46,7348961,0.0
