Date,Open,High,Low,Close,Volume,OpenInterest
2017-05-31,460,470.43,459.53,465.88,885149,0.0
2017-06-01,466.7,484.9899,465.33,480.43,1129905,0.0
2017-06-04,483.5,489,476.97,480.37,676173,0.0
2017-06-05,479.3,482.3,473.44,477.74,537200,0.0
2017-06-06,479,483.06,476.09,481.95,642560,0.0
2017-06-07,481.56,486.81,478.16,485.9,405164,0.0
2017-06-08,482.55,487.52,473.26,475.7,550535,0.0
2017-06-11,475.22,477.5,466.91,476.41,643489,0.0
2017-06-12,474.38,476.5,471.63,473.69,356519,0.0
2017-06-13,475.35,481.86,469.27,476.84,503719,0.0
2017-06-14,474.37,475.8,461.58,469.37,607015,0.0
2017-06-15,468.19,470.28,453.54,459.91,1117109,0.0
2017-06-18,462.96,474.725,456.57,471.66,589188,0.0
2017-06-19,477.92,504.89,474.62,495.45,1672583,0.0
2017-06-20,496.51,525,495.04,522.02,1326225,0.0
2017-06-21,525,543.5518,521.5,526.54,1393571,0.0
2017-06-22,511.79,519.65,500.25,517.25,1351086,0.0
2017-06-25,513,521.512,506.7,515.9,794532,0.0
2017-06-26,517.55,529.99,500.74,502.2,940335,0.0
2017-06-27,506.51,518,500.75,513.16,570114,0.0
2017-06-28,510.44,512.64,499.08,509.98,651224,0.0
2017-06-29,507.46,508,490.89,491.21,852289,0.0
2017-07-02,494.2,498.5461,484.28,487.23,343418,0.0
2017-07-04,490.08,499.36,489.56,496.98,515517,0.0
2017-07-05,491.76,496.35,482.51,490.19,605664,0.0
2017-07-06,497.51,506.39,493.44,496.5,515919,0.0
2017-07-09,497.61,500.74,489.33,499.96,504772,0.0
2017-07-10,498.52,502,489.195,492,538813,0.0
2017-07-11,496.2,499.32,489.09,496.9,370088,0.0
2017-07-12,496.02,509.955,492.18,505.23,568656,0.0
2017-07-13,507.4,509.575,498.65,505.1,408152,0.0
2017-07-16,508.28,509.88,496.76,498.08,398714,0.0
2017-07-17,495.37,499.98,494.37,498.08,292786,0.0
2017-07-18,504.99,509.135,501.1,506.72,609538,0.0
2017-07-19,510.47,524.89,509.92,521.14,526052,0.0
2017-07-20,518.46,522,513.4,515.93,395351,0.0
2017-07-23,516.94,521.77,510.7,521.28,281004,0.0
2017-07-24,523.97,526.12,510.74,513.44,381908,0.0
2017-07-25,513.77,518.57,510,515.62,234159,0.0
2017-07-26,515.77,517.44,503.98,508.4,521054,0.0
2017-07-27,507.01,513.42,499.04,508.62,423220,0.0
2017-07-30,489.67,499.14,487.1344,491.64,692299,0.0
2017-07-31,486.6,490.17,471.26,471.93,907621,0.0
2017-08-01,470.78,477.51,468.31,476.17,610269,0.0
2017-08-02,498.1,498.4975,463.3001,466.68,913188,0.0
2017-08-03,469.32,473.34,466.66,467.98,542275,0.0
2017-08-06,468.71,471.76,462.21,470.08,310760,0.0
2017-08-07,469.18,475.25,467.35,469.68,302274,0.0
2017-08-08,469.96,478.99,465.524,474.09,524430,0.0
2017-08-09,470.48,472.46,459.14,460.05,382963,0.0
2017-08-10,462.35,467.8599,459.23,466.55,291693,0.0
2017-08-13,469.97,476.87,466.99,474.49,352566,0.0
2017-08-14,473.87,475.005,470.49,472.65,235570,0.0
2017-08-15,475.58,475.58,467.24,468.5,230261,0.0
2017-08-16,469.82,470.04,461.77,464.02,417162,0.0
2017-08-17,461.9,470.86,460.56,467.89,346542,0.0
2017-08-20,467.75,472.49,467.425,469.72,308225,0.0
2017-08-21,470,483,469.2,478.65,323449,0.0
2017-08-22,475,480.92,472.32,477.14,273808,0.0
2017-08-23,477.27,488.82,474.26,485.37,362121,0.0
2017-08-24,485.25,487.77,477.38,477.81,367531,0.0
2017-08-27,483.92,486.35,477.78,479.3,403767,0.0
2017-08-28,476.88,481.35,473.37,478.96,321057,0.0
2017-08-29,480.51,495.85,477.97,487.12,492413,0.0
2017-08-30,488.4,502.4199,484,497.05,577566,0.0
2017-08-31,498.24,505.49,497.09,503.8,477696,0.0
2017-09-04,499.81,503.54,489.37,494.46,361273,0.0
2017-09-05,499.69,503.33,492.87,500.03,275570,0.0
2017-09-06,489,489,467,471.4,1128328,0.0
2017-09-07,473,479.025,470,471.33,482991,0.0
2017-09-10,451.08,454.99,441.52,444.97,1339089,0.0
2017-09-11,448.12,448.12,440,444.48,579641,0.0
2017-09-12,445,445,433.16,437.73,689837,0.0
2017-09-13,436.68,443.3,429.31,441.26,632051,0.0
2017-09-14,442.04,442.16,432.43,433.46,622928,0.0
2017-09-17,433.48,439.025,430.05,434.45,392351,0.0
2017-09-18,433.26,434.64,426.47,431.34,347278,0.0
2017-09-19,431.64,438.44,429.55,438.17,405853,0.0
2017-09-20,435,438.7703,429.47,433.5,335163,0.0
2017-09-21,431.12,433.77,427.04,432.64,434357,0.0
2017-09-24,431.99,442.9,431.64,438.17,506377,0.0
2017-09-25,440.4,442.8,433.315,434.99,230713,0.0
2017-09-26,435.64,437.71,432.5,435.34,240283,0.0
2017-09-27,433.29,439.0394,433.29,435.11,258038,0.0
2017-09-28,435.28,450.23,435.28,447.04,575109,0.0
2017-10-01,448.31,465,445.41,462.02,802974,0.0
2017-10-02,463.04,463.04,451.26,455.63,375369,0.0
2017-10-03,454.1,458.92,450.112,456.0725,326384,0.0
2017-10-04,455.95,477,451.1,463.46,1038251,0.0
2017-10-05,463.39,471,461.91,470.14,616816,0.0
2017-10-08,472.51,473.86,466.7,469.52,295739,0.0
2017-10-09,469.56,472.31,460.66,461.13,355677,0.0
2017-10-10,459.8,460.85,448.71,452.87,619092,0.0
2017-10-11,454,454.5203,444.2,447,441005,0.0
2017-10-12,448.5,449.74,441.04,442.94,454408,0.0
2017-10-15,444,453.55,443.11,445.76,336213,0.0
2017-10-16,444.41,448.57,442.01,442.52,416020,0.0
2017-10-17,443.2,444.99,435.55,439.37,373841,0.0
2017-10-18,439.59,443,438,441,437054,0.0
2017-10-19,430.17,435.16,427,432.97,691239,0.0
2017-10-22,435,437.9,430.045,432.82,539665,0.0
2017-10-23,435.52,436.75,425.61,426.43,441012,0.0
2017-10-24,424.53,429.7295,420.515,421.92,575203,0.0
2017-10-25,416.7,420.61,412.49,416.04,571145,0.0
2017-10-26,413.29,416.04,406.52,409.17,809813,0.0
2017-10-29,407.53,417.22,405,406.47,508623,0.0
2017-10-30,407.4,409.945,400.19,402.609,739537,0.0
2017-10-31,403.81,405.5042,394.56,397,872807,0.0
2017-11-01,400,402.99,395.45,397.44,1104353,0.0
2017-11-02,400.02,408.55,400.02,408.41,654228,0.0
2017-11-05,410.01,416.89,406.5,406.62,435289,0.0
2017-11-06,407.26,411.665,401.76,403.49,483055,0.0
2017-11-07,418.06,432.5,405,415.25,989759,0.0
2017-11-08,409.44,414.02,396.53,406.05,715843,0.0
2017-11-09,405.45,405.745,398.37,404.09,308520,0.0
2017-11-12,398.26,402.13,391.21,393.56,799689,0.0
2017-11-13,392.75,395.59,383.831,384.8,823787,0.0
2017-11-14,384.87,389.027,383.81,386.41,533699,0.0
2017-11-15,386.99,395.66,381.64,394.69,452397,0.0
2017-11-16,393.08,396.36,390.52,391.46,389097,0.0
2017-11-19,391.74,393.32,383.42,385.105,662346,0.0
2017-11-20,385,388.22,383.3,384.5,584802,0.0
2017-11-21,384.55,388.44,384.5,387.59,251163,0.0
2017-11-23,388.4,392.99,384.25,384.85,158543,0.0
2017-11-26,379,384,372.74,374.39,712243,0.0
2017-11-27,370.78,371.76,361.16,365.98,1055205,0.0
2017-11-28,369.6,371.39,353.1358,358.56,2130751,0.0
2017-11-29,358.57,362.5,354.73,361.86,914138,0.0
2017-11-30,356.37,377.4,355.03,373.71,1347017,0.0
2017-12-03,375.5,382.52,372.0601,378.4,788272,0.0
2017-12-04,378.61,385.635,371.51,372.39,536667,0.0
2017-12-05,370.38,376.98,366.66,375.25,490247,0.0
2017-12-06,375.81,379.09,371.39,373.6,320545,0.0
2017-12-07,375.52,384.07,373,380.77,429039,0.0
2017-12-10,383.37,387.5,379.09,381.32,312898,0.0
2017-12-11,380.65,382.47,375.5,381.72,295529,0.0
2017-12-12,382.05,389.82,380.34,386.7,361563,0.0
2017-12-13,388.06,388.82,380.75,383.12,278568,0.0
2017-12-14,386.82,389.59,382,388.89,559703,0.0
2017-12-17,390.91,390.91,382.9,383.39,386954,0.0
2017-12-18,382.62,390.42,381.48,385.72,421861,0.0
2017-12-19,385.35,387.84,381.175,382.79,237762,0.0
2017-12-20,381.85,390.545,381.175,384.14,313865,0.0
2017-12-21,383.5,385.2701,377.08,380.86,264790,0.0
2017-12-25,381.18,388,379.29,387.43,324609,0.0
2017-12-26,387.95,389.3078,382.87,384.05,224803,0.0
2017-12-27,385.27,387.12,378.895,382.8,236443,0.0
2017-12-28,381.87,382.65,375,376.11,431949,0.0
2018-01-01,379.48,384.81,377.105,382.3,425752,0.0
2018-01-02,383.14,396.78,381.14,393.88,458649,0.0
2018-01-03,394.5,394.95,382.4,382.95,433974,0.0
2018-01-04,385.85,388.79,381.95,384.78,272927,0.0
2018-01-07,384.4,387.33,371.26,372.25,768706,0.0
2018-01-08,372.61,378.58,368.12,368.25,900742,0.0
2018-01-09,368.65,371.42,365.6,366.45,563642,0.0
2018-01-10,367,370.09,363,368.25,425662,0.0
2018-01-11,369.45,370.01,366.73,366.9,426914,0.0
2018-01-15,368.92,374.81,367.35,370.08,702119,0.0
2018-01-16,373.86,378.7,370.28,374.08,480649,0.0
2018-01-17,374.21,374.71,369.03,371.28,417501,0.0
2018-01-18,372.17,376.47,370.96,371.53,419656,0.0
2018-01-21,374.44,376.01,370.62,375.86,440065,0.0
2018-01-22,374.47,383.95,373.2692,381.76,515769,0.0
2018-01-23,383.1,387.71,380,383.15,465276,0.0
2018-01-24,386.4,396.22,382.04,391.8,552113,0.0
2018-01-25,392.9,393.15,371.97,374.29,1036669,0.0
2018-01-28,373.5,385.71,371.51,382.88,758007,0.0
2018-01-29,382.8,384.425,375,379.88,402024,0.0
2018-01-30,379.16,379.17,366.18,366.6,551559,0.0
2018-01-31,366.69,370.99,345.01,345.66,1766960,0.0
2018-02-01,345.17,353.97,340.65,347.85,1075575,0.0
2018-02-04,346.52,350.8,331.67,331.97,816063,0.0
2018-02-05,328.4,339.1,319.5,338.899,1421584,0.0
2018-02-06,338.8,343.378,331.09,334.71,659824,0.0
2018-02-07,342.03,352.5,322.02,322.62,1143651,0.0
2018-02-08,327.21,339.6,314.99,336.38,1473246,0.0
2018-02-11,339.68,350.99,334.87,342.73,1016093,0.0
2018-02-12,340.84,340.84,322.69,324.44,1055193,0.0
2018-02-13,321.34,330.84,313.531,330.69,1444213,0.0
2018-02-14,330.65,336.0409,327.51,333.22,579819,0.0
2018-02-15,334,341.08,328.9482,332.16,797513,0.0
2018-02-19,331,332.41,322.1,323.02,554234,0.0
2018-02-20,320.55,324.661,316.17,317.5,671177,0.0
2018-02-21,317.425,321.66,315.3,315.88,499510,0.0
2018-02-22,318.06,323.9,315.155,323.87,450934,0.0
2018-02-25,324.35,326.1595,320.6,324.89,340004,0.0
2018-02-26,324.96,327.87,318.5,320.96,548581,0.0
2018-02-27,321.13,324.21,318.96,320.44,522674,0.0
2018-02-28,320.35,327.38,320.23,321.85,643432,0.0
2018-03-01,321.94,333.13,321.5,330.42,644547,0.0
2018-03-04,327.97,334.15,327.97,333.91,482282,0.0
2018-03-05,335,337,328.2,333.49,488515,0.0
2018-03-06,330.33,335.04,328.28,334.42,359222,0.0
2018-03-07,334.58,341.17,332.84,340.81,566000,0.0
2018-03-08,343.58,344.79,339.48,341.71,488959,0.0
2018-03-11,346,346.73,337.42,344.55,791997,0.0
2018-03-12,344.43,346.64,335.42,337.76,523219,0.0
2018-03-13,339.71,342.62,338.16,341.42,367219,0.0
2018-03-14,341.56,341.97,334.29,335.02,391378,0.0
2018-03-15,336.55,345.85,333.95,343.29,674254,0.0
2018-03-18,343,352.59,335.63,339.07,630238,0.0
2018-03-19,338.48,339.9836,330.691,333.87,443387,0.0
2018-03-20,334.09,337.78,333.16,334.87,286825,0.0
2018-03-21,331.16,336,327.51,327.66,339591,0.0
2018-03-22,327.52,332.32,321.2,321.29,381182,0.0
2018-03-25,325.58,331,317.71,330.63,484064,0.0
2018-03-26,332.65,335.7,326.94,329.27,641833,0.0
2018-03-27,329.8,340.4,328.495,338.49,649042,0.0
2018-03-28,340.82,346.87,338.32,344.44,647479,0.0
2018-04-01,342.45,345.49,324.765,330.6,842514,0.0
2018-04-02,330.82,332.62,320.71,332.34,512736,0.0
2018-04-03,326.65,339.1,321.6054,337.34,448954,0.0
2018-04-04,339.86,340.37,325.48,328.6,549880,0.0
2018-04-05,324.11,326.5,316.57,319.55,607055,0.0
2018-04-08,318.65,324.29,315.37,319.72,386467,0.0
2018-04-09,322.56,328.88,321.39,328.039,348047,0.0
2018-04-10,326.07,328.55,322.28,322.79,319055,0.0
2018-04-11,323.99,327.28,323,325.08,281645,0.0
2018-04-12,326.86,328.59,319.26,321.72,407911,0.0
2018-04-15,324.4,324.4,317.63,318.13,553216,0.0
2018-04-16,319.54,324.76,318.975,322.66,620941,0.0
2018-04-17,323.4,323.91,320.7511,321.39,272404,0.0
2018-04-18,320.51,322.69,315.37,315.82,335147,0.0
2018-04-19,316.31,318.19,311.32,314.26,448965,0.0
2018-04-22,316.03,318.48,313.805,316.01,346489,0.0
2018-04-23,317.99,318.52,310.51,311.97,444837,0.0
2018-04-24,312,321.225,310.52,316.21,386568,0.0
2018-04-25,318.08,327.16,316.24,324.01,545809,0.0
2018-04-26,317,317.99,299.558,313.08,1443749,0.0
2018-04-29,311,311,298.19,303.74,926070,0.0
2018-04-30,302.93,303.56,294.11,301.22,727838,0.0
2018-05-01,299.92,303.55,295.75,296.18,667134,0.0
2018-05-02,297.6,307.72,288.1609,292.09,901112,0.0
2018-05-03,290.16,292.9099,287.55,291.25,687113,0.0
2018-05-06,293.53,294.5,286.32,288.37,531239,0.0
2018-05-07,290.5,292,284.04,285.87,540539,0.0
2018-05-08,285,288.61,281.89,284.23,504408,0.0
2018-05-09,285.01,289.98,282.59,288.89,499791,0.0
2018-05-10,290.44,314.8376,290.44,306.95,2314461,0.0
2018-05-13,307,310.95,302,309.54,826696,0.0
2018-05-14,306.42,306.965,299.62,300.44,515086,0.0
2018-05-15,300.63,306.46,297.47,303.21,431981,0.0
2018-05-16,302.57,308.5,300.4,308,623300,0.0
2018-05-17,307.85,307.85,300,301.72,534496,0.0
2018-05-20,303.75,304.31,294.18,296.63,484216,0.0
2018-05-21,297.88,299.71,293.53,294.63,263044,0.0
2018-05-22,292.29,296.26,291.1,295.3,345501,0.0
2018-05-23,295.58,296.92,293.35,294.6,362143,0.0
2018-05-24,293.61,295.5688,292.5,293.75,461302,0.0
2018-05-28,291.79,298,291.68,296.5,466759,0.0
2018-05-29,297.05,301.71,294.02,300.89,484631,0.0
2018-05-30,301.37,304.87,297.64,300.33,365719,0.0
2018-05-31,301.34,311.36,297.78,306.95,660819,0.0
2018-06-03,307.64,314.79,304.7,312.1,543172,0.0
2018-06-04,310.14,315.38,306.49,311.85,473096,0.0
2018-06-05,312.89,315.675,312.01,315.19,416656,0.0
2018-06-06,315.53,317.245,305.28,308.75,455649,0.0
2018-06-07,308.22,310.62,303.52,308.1,421778,0.0
2018-06-10,308,313.93,306.125,311.92,319068,0.0
2018-06-11,311.71,312.42,308.84,309.54,192345,0.0
2018-06-12,310.12,313.67,307.634,308.32,276800,0.0
2018-06-13,309.94,317.82,307.579,315.69,345486,0.0
2018-06-14,316.9,320.693,310.355,315.32,537351,0.0
2018-06-17,312.26,316.26,309.71,315.45,365990,0.0
2018-06-18,314.63,327.56,312.41,327.07,700605,0.0
2018-06-19,327.66,338.48,327.66,336.88,903377,0.0
2018-06-20,336.87,336.88,323.67,329.09,637100,0.0
2018-06-21,330.05,334.525,326.9,331.97,363955,0.0
2018-06-24,328.95,332.67,321.74,327.11,312698,0.0
2018-06-25,327.89,330.25,321.77,327.27,351883,0.0
2018-06-26,336.69,342.66,333,336.57,1049222,0.0
2018-06-27,336.63,343.34,332.96,341.82,603198,0.0
2018-06-28,343.6,349.24,343.15,344.99,735678,0.0
2018-07-01,344.95,351.47,342.58,351.19,541755,0.0
2018-07-02,352,355.98,347,354.07,360172,0.0
2018-07-04,356.37,362.77,353.5,360.83,504755,0.0
2018-07-05,364,370.5,358.805,369.56,522694,0.0
2018-07-08,370.3,374.84,366.2,371.32,566598,0.0
2018-07-09,371.28,371.32,364.1995,366.25,548524,0.0
2018-07-10,365.08,366.52,362.53,365.21,314689,0.0
2018-07-11,366.59,367.59,359.338,366.42,441308,0.0
2018-07-12,366.3,370.14,364.661,367.58,367165,0.0
2018-07-15,368.56,368.56,359.7627,364.83,402789,0.0
2018-07-16,364.03,366.67,362.04,365.43,248300,0.0
2018-07-17,365.52,367.23,360.72,365.97,307983,0.0
2018-07-18,363.64,368.195,362.58,367.79,397125,0.0
2018-07-19,367.04,368.7995,363.69,367.1,675535,0.0
2018-07-22,367.19,368.23,363.19,366.2,809303,0.0
2018-07-23,369.88,374.48,366.21,372.77,562621,0.0
2018-07-24,370.98,376.11,369.57,374.49,430037,0.0
2018-07-25,376,376.75,369.215,373.63,291963,0.0
2018-07-26,373.14,373.66,361.6504,367.52,656799,0.0
2018-07-29,365.56,375.76,363.16,371.51,454793,0.0
2018-07-30,372.64,375,365.44,368.02,633885,0.0
2018-07-31,366.74,373.22,365.82,370.98,405418,0.0
2018-08-01,372.48,401.5,367.515,397,1523447,0.0
2018-08-02,395.18,399,390.75,394.88,923738,0.0
2018-08-05,394,395.84,389.52,390.05,457600,0.0
2018-08-06,391.29,395.32,388.22,391.42,250263,0.0
2018-08-07,380,380,367.63,374.27,772437,0.0
2018-08-08,372.77,374.41,363.25,372.14,680182,0.0
2018-08-09,371.22,371.85,364.857,368.769,385140,0.0
2018-08-12,367,368.57,362.3103,366.53,326754,0.0
2018-08-13,367.05,369.4,364.96,366.271,274808,0.0
2018-08-14,365,369,361.19,361.88,327726,0.0
2018-08-15,364.48,373.92,361.76,371.85,345759,0.0
2018-08-16,373,377.86,370.17,374.26,429074,0.0
2018-08-19,375.93,377.54,371.39,374.73,265963,0.0
2018-08-20,374.55,381.35,374.145,378.56,304759,0.0
2018-08-21,376.24,382.185,372.03,380.16,239658,0.0
2018-08-22,378.84,382.14,376.59,379.19,230248,0.0
2018-08-23,378.35,380.19,374.6,376.2,231732,0.0
2018-08-26,378.69,389.08,377.04,388.43,482504,0.0
2018-08-27,390,392.26,387.045,390.08,405838,0.0
2018-08-28,392.495,408.75,388.91,406.57,772268,0.0
2018-08-29,405.96,416.49,405.15,408.52,674462,0.0
2018-08-30,407.2,412.165,406.3,406.75,234228,0.0
2018-09-03,405.5,410.74,399.47,404,360785,0.0
2018-09-04,404.12,409.67,403,407.03,225718,0.0
2018-09-05,405.94,405.94,392.71,397.94,255760,0.0
2018-09-06,395.42,397.67,388.02,395.46,292358,0.0
2018-09-09,396.25,398.47,392.1,395.09,158849,0.0
2018-09-10,394.16,396.02,389.63,393.72,170165,0.0
2018-09-11,394.84,396.55,382.44,388.88,379069,0.0
2018-09-12,390.28,398.565,389.25,397.77,318148,0.0
2018-09-13,397.78,400,388.1105,392.17,340014,0.0
2018-09-16,392.76,394.525,386.05,386.49,340601,0.0
2018-09-17,382.73,392.47,375.21,388.21,486851,0.0
2018-09-18,386.84,386.98,381.94,383.7,368892,0.0
2018-09-19,385.06,389.32,382.995,387.07,519335,0.0
2018-09-20,389.73,393.32,387.39,390.22,542293,0.0
2018-09-23,387.29,393.8,385.9507,390.19,247470,0.0
2018-09-24,391.6,394.77,388.665,389.91,219388,0.0
2018-09-25,389.71,396.55,388.91,391.59,266980,0.0
2018-09-26,391.11,407.1,390.01,405.91,564593,0.0
2018-09-27,405.92,410,400.27,404.04,567226,0.0
2018-09-30,406.41,410,392,394.23,580121,0.0
2018-10-01,395.85,405.75,395.01,400.58,440645,0.0
2018-10-02,401.37,403.59,397.98,403.04,354823,0.0
2018-10-03,401.36,401.43,387.835,392.05,397830,0.0
2018-10-04,393.92,400.745,386.75,391.77,288641,0.0
2018-10-07,391.57,396.23,386.43,394.06,179674,0.0
2018-10-08,394,396.64,388.68,392.52,242919,0.0
2018-10-09,390.6,397.94,381,381.94,348162,0.0
2018-10-10,382.65,384.18,367.73,371.68,417116,0.0
2018-10-11,377.12,385.9399,373.095,384.21,487934,0.0
2018-10-14,384.02,385.78,374.4,377.6012,274653,0.0
2018-10-15,381.31,399.4,380.7803,398.52,474020,0.0
2018-10-16,398.07,401,392.45,399.11,286664,0.0
2018-10-17,399.9,399.9,389.99,395.21,391244,0.0
2018-10-18,397.79,400.22,387.52,389.82,412472,0.0
2018-10-21,393.29,398.28,383.61,387.85,393467,0.0
2018-10-22,384.17,387.19,377.09,380.34,525759,0.0
2018-10-23,380.28,386.09,350.78,351.27,904305,0.0
2018-10-24,342.58,348.99,330.73,337.06,1676026,0.0
2018-10-25,329.99,342.79,329.1,335.86,594371,0.0
2018-10-28,343.43,343.43,327.58,336.41,609525,0.0
2018-10-29,335.86,347.98,332.4,339.59,712279,0.0
2018-10-30,344.82,347,335.44,339.19,557893,0.0
2018-10-31,339,355.53,339,355.13,649919,0.0
2018-11-01,358.21,361.18,347.735,352.59,367532,0.0
2018-11-04,354.36,360.595,352.62,355.44,519559,0.0
2018-11-05,359.21,367,349.59,357.61,659756,0.0
2018-11-06,359.88,365.68,355.885,364.26,474341,0.0
2018-11-07,359.38,365.47,358.02,363.39,307529,0.0
2018-11-08,362.1,362.55,352.575,356.66,337640,0.0
2018-11-11,355.93,357.92,344.6264,346.41,285787,0.0
2018-11-12,349.11,352.6773,341.08,342.08,270825,0.0
2018-11-13,344.64,349.85,335.8,337.29,763025,0.0
2018-11-14,334.51,344.4895,332,341.65,737515,0.0
2018-11-15,340.2,347.33,338.5743,345.33,677799,0.0
2018-11-18,343.45,345.24,333.93,338.89,757160,0.0
2018-11-19,337.47,343.67,331.5401,337.28,459362,0.0
2018-11-20,339.6,345.575,339.21,343.37,390678,0.0
2018-11-22,340.2,349.63,339.921,340.66,171837,0.0
2018-11-25,343.96,355.14,341.84,353.18,545943,0.0
2018-11-26,351.48,356.985,348.27,353.65,471473,0.0
2018-11-27,354.62,363.72,350.45,363.65,547094,0.0
2018-11-28,360.01,364.89,357.56,359.56,408696,0.0
2018-11-29,361.1,368.24,359.5,365.63,567281,0.0
2018-12-02,372.5,394.98,372.24,382.64,1008264,0.0
2018-12-03,382.63,396.32,371.65,372.8,851977,0.0
2018-12-05,367.32,381.97,364.89,381.69,823815,0.0
2018-12-06,379.28,389.3,370.35,372.83,771698,0.0
2018-12-09,374.52,380.305,367.35,377.66,726222,0.0
2018-12-10,382.17,385.215,372.39,375.69,721802,0.0
2018-12-11,381.2,385.98,376.83,377.87,536807,0.0
2018-12-12,378.26,381.98,372.65,378.44,361269,0.0
2018-12-13,382.96,386.9,379,381.27,643085,0.0
2018-12-16,381.7,386.35,370.6,375.4,738984,0.0
2018-12-17,377.55,381.485,364.73,369,659868,0.0
2018-12-18,369,373.4,355.45,360.67,707459,0.0
2018-12-19,360.95,363.82,354.33,356.23,759622,0.0
2018-12-20,357.6,363,344.18,344.605,1217886,0.0
2018-12-23,343.33,347.89,340.34,340.45,427130,0.0
2018-12-25,341.98,363.53,339.1345,363,719699,0.0
2018-12-26,359.45,364.87,352.6,364.76,584366,0.0
2018-12-27,366.55,371.21,361.54,362.11,442340,0.0
2018-12-30,364.73,374.75,364.64,371.36,526896,0.0
2019-01-01,368.15,376.79,366.01,372.26,448821,0.0
2019-01-02,373.66,385.94,371.69,372.76,631283,0.0
2019-01-03,379.54,399.695,377.65,397.48,879561,0.0
2019-01-06,397.34,400.8,393.94,396.98,808827,0.0
2019-01-07,399.31,401.088,389,397.4125,571806,0.0
2019-01-08,398.02,401.46,395.61,399.54,461095,0.0
2019-01-09,399.4,410,395.98,408.03,847855,0.0
2019-01-10,405.65,412.29,403.55,408.57,686126,0.0
2019-01-13,408.16,408.16,399.11,400.99,572641,0.0
2019-01-14,401.42,405.07,399.63,404.37,342624,0.0
2019-01-15,406.17,410.63,402.845,404.5,359576,0.0
2019-01-16,402.72,420.29,402.72,417.37,755050,0.0
2019-01-17,420.42,420.48,410,417.905,641503,0.0
2019-01-21,415.77,421.99,404,404.45,701790,0.0
2019-01-22,404.92,406.79,393.17,400.94,798818,0.0
2019-01-23,401.8,408.88,399.16,407.8,579722,0.0
2019-01-24,410.85,418.75,406.1,417.88,532929,0.0
2019-01-27,415.11,416.4931,408.81,413.1,612924,0.0
2019-01-28,415.72,418.51,413,416.8,592090,0.0
2019-01-29,416.35,420.44,412.6274,419.47,752102,0.0
2019-01-30,419.68,430.58,419.35,430.14,917495,0.0
2019-01-31,428.52,431.32,425.32,429.8,569337,0.0
2019-02-03,428.92,429.06,422.49,425.44,385940,0.0
2019-02-04,426.11,427.5,421,421.61,496219,0.0
2019-02-05,428.9,429.9,407.2338,407.79,1138965,0.0
2019-02-06,408.29,414.2152,404.27,406.195,638913,0.0
2019-02-07,405.44,408,399.2929,406.4,422569,0.0
2019-02-10,409.37,413.35,403,408.19,405302,0.0
2019-02-11,411.56,418.1,408.02,416.93,537408,0.0
2019-02-12,415.98,421.66,411.51,412.14,276322,0.0
2019-02-13,412,416.263,408.565,414.855,295316,0.0
2019-02-14,417.97,424.39,415.72,424.05,612678,0.0
2019-02-18,423.74,426.41,420.351,420.56,338430,0.0
2019-02-19,420,423.4,417.08,422.51,346250,0.0
2019-02-20,421.81,422.62,415.58,418.63,334863,0.0
2019-02-21,418.21,423.645,416,422.39,306925,0.0
2019-02-24,424.94,426.53,415.76,420.35,576089,0.0
2019-02-25,418.57,428.06,415.83,425.89,536902,0.0
2019-02-26,424,433.74,423.52,433.47,492790,0.0
2019-02-27,430.19,434.35,428.62,430.62,370393,0.0
2019-02-28,434.8,440.045,431.9334,439.56,423454,0.0
2019-03-03,441.18,442,428.36,433.94,632403,0.0
2019-03-04,432.12,439.65,430.49,437.13,422002,0.0
2019-03-05,436.93,438.02,421.305,423.69,742927,0.0
2019-03-06,422.9,422.9,409.19,409.52,885568,0.0
2019-03-07,407.51,410.5,399.58,402.64,996255,0.0
2019-03-10,404.15,413.21,402.25,412.1,774302,0.0
2019-03-11,413.56,421.8,411.19,417.62,754126,0.0
2019-03-12,419.38,419.595,408.53,409.13,781493,0.0
2019-03-13,409.89,412.36,406.34,407.5,529437,0.0
2019-03-14,412.4,415,408.4,414.5,504859,0.0
2019-03-17,410,413.76,404.8371,407.56,469790,0.0
2019-03-18,407.74,409.72,404.4,406.99,469316,0.0
2019-03-19,407.79,409.68,402.82,405.41,418726,0.0
2019-03-20,401,405.12,396.84,402.64,796724,0.0
2019-03-21,401.48,402.59,391.425,391.71,481230,0.0
2019-03-24,391.42,397.61,388.49,395.25,355648,0.0
2019-03-25,398.78,406.23,398.52,405.62,570057,0.0
2019-03-26,405.07,407.445,398.36,403.02,405702,0.0
2019-03-27,405.67,408.31,402.3,404.91,345449,0.0
2019-03-28,406.74,412.6,406.74,410.67,365834,0.0
2019-03-31,412.51,412.9,408,410.06,194771,0.0
2019-04-01,411.35,415.89,407.56,414.83,451284,0.0
2019-04-02,414.34,415.16,400.84,406.97,658170,0.0
2019-04-03,408,410.8,400.83,406.78,448304,0.0
2019-04-04,408.17,412.63,406.55,408.94,523792,0.0
2019-04-07,408.08,410.94,396,401.37,575559,0.0
2019-04-08,400,400.34,395.14,395.57,481494,0.0
2019-04-09,397.18,408.48,394.33,408.46,486623,0.0
2019-04-10,410,410.19,391.73,393.32,750117,0.0
2019-04-11,393.17,394.5,381.175,383.06,1005123,0.0
2019-04-14,382.81,385.99,375.2,375.48,719765,0.0
2019-04-15,377.9,383,366.36,367.7896,964799,0.0
2019-04-16,366.96,368.015,342.02,342.63,1863540,0.0
2019-04-17,346.4,347.55,332.22,333.33,1746353,0.0
2019-04-21,332.5,336,329.03,334.01,756077,0.0
2019-04-22,335.51,346.64,334.46,344.14,883372,0.0
2019-04-23,344.43,346.3199,338.67,340.65,761854,0.0
2019-04-24,340.38,351.9,337.6602,349.99,815447,0.0
2019-04-25,351.25,351.6679,339.61,343.75,756690,0.0
2019-04-28,343.13,345.98,338.62,344.27,444379,0.0
2019-04-29,343.8,345.04,337.96,343.14,461944,0.0
2019-04-30,343.04,345.44,338.91,341.01,390840,0.0
2019-05-01,342.69,344.285,331.25,335.39,709046,0.0
2019-05-02,336.98,339.71,334.67,337.07,688993,0.0
2019-05-05,332.2,344.92,332.2,344.47,807772,0.0
2019-05-06,333,336.5,318.7,322.78,1773102,0.0
2019-05-07,319.33,329.75,319.33,328.99,1097918,0.0
2019-05-08,325.79,327.36,320.74,324.09,796294,0.0
2019-05-09,323.56,323.81,311.35,313.11,1322302,0.0
2019-05-12,306.67,309.3,299.11,304.92,1038013,0.0
2019-05-13,306.35,309.19,303.59,304.51,740398,0.0
2019-05-14,301.95,306.265,297.3248,305.92,728862,0.0
2019-05-15,306.22,314.06,304,307.97,823977,0.0
2019-05-16,305.8,309.21,303.7,304.94,692412,0.0
2019-05-19,301.52,304.5661,297.27,302.54,646370,0.0
2019-05-20,304.88,314.29,304.27,309.87,898823,0.0
2019-05-21,308.01,321.49,302.73,319.74,1141791,0.0
2019-05-22,316.76,318.66,310.37,315.16,859116,0.0
2019-05-23,316.66,318.81,308.47,312.48,343402,0.0
2019-05-27,313.38,315.79,307.7,307.7,328328,0.0
2019-05-28,307.09,310.67,302.78,307.88,535140,0.0
2019-05-29,308.61,310.36,302.88,308,571147,0.0
2019-05-30,305.98,306.45,295.7251,301.54,754819,0.0
2019-06-03,306.03,309.42,300.58,302.11,679298,0.0
2019-06-04,304.84,305,295.27,300,840426,0.0
2019-06-05,300.12,304.53,298.73,299.7,651402,0.0
2019-06-06,302.08,307,297.86,306.72,690366,0.0
2019-06-09,306.54,310.92,303.51,304.31,564170,0.0
2019-06-10,306.88,309.62,306.23,306.84,481877,0.0
2019-06-11,306.83,309.47,305.25,306.17,461568,0.0
2019-06-12,307.18,308.19,302.32,307.51,857630,0.0
2019-06-13,306.81,315.2,304,305.23,1085381,0.0
2019-06-16,307.34,312.92,301.76,311.17,493795,0.0
2019-06-17,311.1,317.84,305.76,306.75,895578,0.0
2019-06-18,306.34,311.9,303.77,310.83,832667,0.0
2019-06-19,315.7,327.83,315.25,320.46,1434983,0.0
2019-06-20,324.26,324.26,312,320.21,920656,0.0
2019-06-23,318.76,320.32,311.26,312.74,561422,0.0
2019-06-24,313.13,317.42,311.84,312.99,545282,0.0
2019-06-25,313.25,316.65,300.52,304.93,908785,0.0
2019-06-26,306.24,311.57,304.07,310.5,476992,0.0
2019-06-27,311.4121,316.25,311.24,312.98,496536,0.0
2019-06-30,317.61,318.595,313.15,316.56,633602,0.0
2019-07-01,317.62,320.425,313,315.72,598968,0.0
2019-07-02,317.42,320.36,312.53,318.75,456660,0.0
2019-07-04,316.15,320.76,306.08,306.89,668765,0.0
2019-07-07,305.1,305.86,296.81,302.84,826874,0.0
2019-07-08,300.92,308.39,300,307.97,554602,0.0
2019-07-09,308.15,309.84,291.6587,301.49,1348028,0.0
2019-07-10,296.99,296.99,288,291.64,1331233,0.0
2019-07-11,292.12,295.49,287.66,292.47,582203,0.0
2019-07-14,292.98,300.34,289.53,298.36,787339,0.0
2019-07-15,299.19,299.69,295.78,298.53,449343,0.0
2019-07-16,297.26,303.3,297.08,299.26,455630,0.0
2019-07-17,299.79,304.2,297.2,303.23,490481,0.0
2019-07-18,303.52,303.6831,296.35,297.99,577429,0.0
2019-07-21,298.2,300.32,294.695,296.64,503559,0.0
2019-07-22,298.34,310.87,296.91,309.48,865725,0.0
2019-07-23,310.87,314.29,303.59,313.46,1032803,0.0
2019-07-24,311.12,311.515,302.92,303.41,552731,0.0
2019-07-25,304.35,309.73,300.61,309.18,883370,0.0
2019-07-28,314.5,314.95,302.81,306.05,611854,0.0
2019-07-29,304.31,311.27,303.52,311.22,446941,0.0
2019-07-30,309.8,312.255,301.2,304.59,603650,0.0
2019-07-31,306.68,313.93,304.61,309.64,609715,0.0
2019-08-01,308.95,310.38,303.06,305.16,367379,0.0
2019-08-04,302.15,304,296.5234,299.59,720189,0.0
2019-08-05,304.48,306,293.405,300.3,1067398,0.0
2019-08-06,297.66,304.61,294.01,302.33,675584,0.0
2019-08-07,303.12,310.08,303.12,309.82,520492,0.0
2019-08-08,309.64,310.175,299.98,304.89,440020,0.0
2019-08-11,298.64,305.1,295.61,295.79,469749,0.0
2019-08-12,298.13,307.67,296.94,304.86,511114,0.0
2019-08-13,301.83,304.3,292.415,293.31,583861,0.0
2019-08-14,295.37,296.911,290.4701,293,512382,0.0
2019-08-15,295.32,297.35,290.72,296.68,652674,0.0
2019-08-18,299.34,300.82,296.8,298.25,542751,0.0
2019-08-19,299.21,300.9958,294.99,296,494637,0.0
2019-08-20,297.98,300.51,295.02,297.77,400926,0.0
2019-08-21,297.5,298.95,291.605,294.89,363365,0.0
2019-08-22,293.96,296.26,285.55,286.94,702356,0.0
2019-08-25,288.24,290.37,283.494,284.84,431110,0.0
2019-08-26,285.87,291.135,281.11,281.41,635602,0.0
2019-08-27,280.04,290.29,279.39,287.64,652812,0.0
2019-08-28,289.79,292.7,287.09,290.56,443997,0.0
2019-08-29,292.02,293.46,287.35,290.18,426908,0.0
2019-09-02,289.2,290.39,281.245,285.13,474426,0.0
2019-09-03,288.21,288.99,282.31,286.5,485767,0.0
2019-09-04,287.94,293.6444,287.94,289.48,436689,0.0
2019-09-05,290.3,293.2,287.67,292.01,491107,0.0
2019-09-08,291.53,291.93,278.72,278.99,817470,0.0
2019-09-09,279.03,285.045,271.57,283.74,1076812,0.0
2019-09-10,284,287.4812,282.55,283.33,429204,0.0
2019-09-11,284.64,288.88,281.01,284.21,468850,0.0
2019-09-12,283.84,287,279.47,281.58,488195,0.0
2019-09-15,280.5,287.28,280.5,285.77,412943,0.0
2019-09-16,284.77,288.89,283.655,288.28,527043,0.0
2019-09-17,288.55,288.55,281.4,285.11,490981,0.0
2019-09-18,284.66,287.95,284.66,286.14,347380,0.0
2019-09-19,288.75,297.64,286.68,296.05,1247267,0.0
2019-09-22,297.36,299.98,293.03,294.68,556551,0.0
2019-09-23,295.02,296,287.615,289.79,550338,0.0
2019-09-24,290.21,291.9,286.33,286.58,356710,0.0
2019-09-25,287.7,287.7,277.855,281.24,635771,0.0
2019-09-26,280.45,282.81,271.37,273.46,626298,0.0
2019-09-29,275.3,280.05,272.02,277.41,425768,0.0
2019-09-30,277.27,279.41,273.4,276.52,521065,0.0
2019-10-01,275.31,277.863,272.26,274.14,480638,0.0
2019-10-02,274.35,281.7,272.27,280.88,509962,0.0
2019-10-03,281.66,284.04,278,282.84,881190,0.0
2019-10-06,280.66,287.77,280.66,283.74,669457,0.0
2019-10-07,280.51,288.63,279.22,285.305,1696712,0.0
2019-10-08,286.82,292.25,286.09,290.66,1816005,0.0
2019-10-09,289.38,299.95,288.98,298.36,1674567,0.0
2019-10-10,300.11,306.41,298.9,300.93,1918398,0.0
2019-10-13,299.55,310.15,299.38,305.44,1444583,0.0
2019-10-14,305.35,306.96,303,303.82,1345005,0.0
2019-10-15,301.62,303.385,298.28,299.4,1537846,0.0
2019-10-16,301.21,302.705,299.94,301.58,796506,0.0
2019-10-17,303.51,303.51,298.7,300.2,959876,0.0
2019-10-20,301.51,301.93,294.86,297.861,431206,0.0
2019-10-21,305,306.93,301.2,301.29,688307,0.0
2019-10-22,301.86,307.07,299.4701,305.11,431967,0.0
2019-10-23,303.75,306.09,299.22,305.77,526111,0.0
2019-10-24,305.28,308.01,301.79,306.33,339476,0.0
2019-10-27,305.62,310.53,303.22,308.67,302960,0.0
2019-10-28,310,313.39,308.59,310.65,340632,0.0
2019-10-29,310.1,311.7899,306.12,311,531748,0.0
2019-10-30,310.62,311.38,303.49,306.28,610236,0.0
2019-10-31,309,313.16,307.505,310.34,738987,0.0
2019-11-03,313.05,315.94,310.74,310.78,553910,0.0
2019-11-04,323.36,344.1,322.11,332.88,2197116,0.0
2019-11-05,331.37,333.28,324.27,324.39,858880,0.0
2019-11-06,329.18,333.7205,325.62,326.39,867869,0.0
2019-11-07,327.52,342.47,327.03,341.82,1050802,0.0
2019-11-10,340.34,344.99,338.71,344.27,576033,0.0
2019-11-11,344,349.94,341.36,348.46,854961,0.0
2019-11-12,346.33,349.63,341.82,348.32,806230,0.0
2019-11-13,348.55,350,337.03,338.45,972055,0.0
2019-11-14,340.95,349.86,338.71,344.83,847952,0.0
2019-11-17,342.59,344.21,337.53,340.2,536674,0.0
2019-11-18,344.18,348.185,340.21,344.47,564207,0.0
2019-11-19,341.98,347.42,341.98,344.24,801715,0.0
2019-11-20,343.6,353,341.605,350.77,711821,0.0
2019-11-21,350.93,365.74,350.93,360.66,1185234,0.0
2019-11-24,362.44,367.02,358.48,367.01,757766,0.0
2019-11-25,366.84,367.4,361.76,363.83,553476,0.0
2019-11-26,365.07,372.59,364.62,371.59,602257,0.0
2019-11-28,372.06,372.465,366.77,369.03,361540,0.0
2019-12-01,368.18,369,363.07,366.18,516825,0.0
2019-12-02,366.99,369.5,363.4,368.8,842418,0.0
2019-12-03,369.19,373.34,367.57,369.97,497354,0.0
2019-12-04,370.97,372,366.16,368.44,401071,0.0
2019-12-05,369.52,373.73,368.3,372.15,501398,0.0
2019-12-08,373.09,373.09,362.89,365.6,736508,0.0
2019-12-09,357.15,372.15,357,367.68,997336,0.0
2019-12-10,368.4,376.68,368.25,373.56,845172,0.0
2019-12-11,374.1,382.25,372.08,372.15,867549,0.0
2019-12-12,376.16,379.18,372.56,376.42,820882,0.0
2019-12-15,367.84,377.22,367.7082,376,581328,0.0
2019-12-16,375.73,375.73,368.22,369.1,807971,0.0
2019-12-17,370.3,373.63,369.29,371.24,579614,0.0
2019-12-18,371.95,373.98,363.1406,372.57,760496,0.0
2019-12-19,374.94,375.8,371.01,375.62,720581,0.0
2019-12-22,377.2,377.877,372.56,374.42,327441,0.0
2019-12-23,374.75,376.71,372.51,376.56,200296,0.0
2019-12-25,376.76,377.76,374,374.94,300698,0.0
2019-12-26,375.24,375.95,370.97,373.31,243502,0.0
2019-12-29,373.74,375.82,371.04,373.92,309309,0.0
2019-12-30,373.64,376.71,372.04,375.65,387800,0.0
2020-01-01,378,379,369.24,373.36,440019,0.0
2020-01-02,368.21,372.35,367.05,369.16,423070,0.0
2020-01-05,368.23,372.14,364.5,371.55,540900,0.0
2020-01-06,371.56,373.83,368.02,372.93,537618,0.0
2020-01-07,373.18,384.85,370.71,382.42,592889,0.0
2020-01-08,383.63,386.535,381.37,383.57,435190,0.0
2020-01-09,384.62,386.1,380,381.44,405139,0.0
2020-01-12,380.01,380.34,375.13,379.01,388345,0.0
2020-01-13,378.3,388.415,375.57,387.62,526636,0.0
2020-01-14,387.42,396.47,387.42,390.76,563270,0.0
2020-01-15,393.17,394,381.82,385.57,504047,0.0
2020-01-16,387,387,382.53,385.7,671967,0.0
2020-01-20,385.9,386.31,363.68,363.73,2640543,0.0
2020-01-21,365.72,367.135,356.46,359.19,2354830,0.0
2020-01-22,359.42,360.45,354.21,356.6,1186978,0.0
2020-01-23,359.91,359.91,343.09,345.2,2024996,0.0
2020-01-26,341.2,343.32,336.17,339.48,661057,0.0
2020-01-27,341.6,345.77,337.3,344.02,563842,0.0
2020-01-28,346.25,347.7916,338.9,339.18,495644,0.0
2020-01-29,335.68,337.5656,331.5679,336.24,588093,0.0
2020-01-30,333.17,338.98,328.125,337.94,892933,0.0
2020-02-02,339.69,346.5,339.39,341.11,657904,0.0
2020-02-03,347.9,359.49,347.62,356,835796,0.0
2020-02-04,364.84,376.68,363,373.75,1297355,0.0
2020-02-05,385.53,394.68,375.03,389.57,1465079,0.0
2020-02-06,391.07,391.3725,378.51,381.92,1057265,0.0
2020-02-09,377.25,389.84,377.25,386.24,817898,0.0
2020-02-10,390.21,398,387.98,396.75,838638,0.0
2020-02-11,398.13,407.045,397.64,406.79,926978,0.0
2020-02-12,406.44,408,398.1,398.89,552175,0.0
2020-02-13,399.1,402.09,393.3913,399.22,483277,0.0
2020-02-17,396.82,402,395.007,397.81,448118,0.0
2020-02-18,397.86,402.2079,395.31,400.54,495120,0.0
2020-02-19,399.9,401.085,393.76,399.14,503965,0.0
2020-02-20,396.07,404.535,392.86,403.28,571637,0.0
2020-02-23,395.54,426.36,386.835,425.88,2781648,0.0
2020-02-24,437.25,457.6,437,442.34,3412190,0.0
2020-02-25,444.01,461.34,442.44,457.78,2140370,0.0
2020-02-26,468.56,470,430.7,430.7,1941515,0.0
2020-02-27,422.37,445.05,418.22,444.82,1376460,0.0
2020-03-01,445,465.51,445,464.74,1473947,0.0
2020-03-02,454.72,467.69,448.1097,461.6797,1090021,0.0
2020-03-03,467.96,494.56,467.1303,493.8,1804910,0.0
2020-03-04,480.94,500,480,488.07,1168157,0.0
2020-03-05,477.29,496.985,477,494.6899,999346,0.0
2020-03-08,472.05,486.69,467,473.19,2278896,0.0
2020-03-09,488.45,488.71,460.8,475.38,1191540,0.0
2020-03-10,479.11,485.98,459.61,464.7,2240514,0.0
2020-03-11,444.36,451.96,426.1,430.06,2884600,0.0
2020-03-12,445.01,466.04,418.01,465.87,2382142,0.0
2020-03-15,452.51,484.58,433.82,439.26,3495050,0.0
2020-03-16,494,512.98,473,491.68,3491847,0.0
2020-03-17,495.78,499,455.56,491.43,4378744,0.0
2020-03-18,483.93,518,469.4515,489.01,2219291,0.0
2020-03-19,491,499.5,435.01,438.45,1958865,0.0
2020-03-22,449.84,477,433.2757,455.62,3442927,0.0
2020-03-23,471.74,471.99,424.01,450,1455695,0.0
2020-03-24,443.04,458.83,427.08,428.73,1159953,0.0
2020-03-25,426.51,452.7,424.02,452.32,2974710,0.0
2020-03-26,446.03,465.79,445.1519,448.05,1000007,0.0
2020-03-29,463.09,476.1,461,473.88,1196986,0.0
2020-03-30,474,495.48,463.8,488.3,2863052,0.0
2020-03-31,484.14,499.99,476.4506,496.73,1580636,0.0
2020-04-01,494.29,501,483.11,498.75,936732,0.0
2020-04-02,495.56,503.2623,485.0435,493.44,1528827,0.0
2020-04-05,503.38,511.01,488.89,504.27,2304282,0.0
2020-04-06,502.81,509.74,492.01,500.67,1887912,0.0
2020-04-07,502.21,514.11,488,512.36,2039260,0.0
2020-04-08,510.1,515.64,500.87,512.96,1866066,0.0
2020-04-12,512.01,519,504.1227,517.13,597731,0.0
2020-04-13,524.6234,525.9,517,524.88,868236,0.0
2020-04-14,525.3,527.1,510.5,511.69,2857950,0.0
2020-04-15,518.92,541.97,517.616,539.93,2244627,0.0
2020-04-16,549.99,572.5,539.14,568.85,5574335,0.0
2020-04-19,566.71,574.32,560.39,568.34,2609315,0.0
2020-04-20,566.06,568.99,536.8,544.46,2719192,0.0
2020-04-21,555.5,563.3699,540.95,557.95,2577984,0.0
2020-04-22,558.93,573.15,557.486,565.955,1361568,0.0
2020-04-23,573.6442,574,556.47,565.74,1952046,0.0
2020-04-26,563.15,565.68,539.1535,547.15,5371400,0.0
2020-04-27,537.48,539.9799,522.42,528.61,1024102,0.0
2020-04-28,532.64,533.17,513.81,516.14,1015962,0.0
2020-04-29,513.99,527.435,507.69,525.72,1354503,0.0
2020-04-30,524.23,529.21,514.55,525.5,395805,0.0
2020-05-03,528.18,544.2,527.6202,543,1551000,0.0
2020-05-04,563.06,581,561.27,574.38,1450165,0.0
2020-05-05,559.2049,569.99,541.56,552.76,1787654,0.0
2020-05-06,564.39,570.21,555.96,559.83,956332,0.0
2020-05-07,562,567.83,553.52,562.92,1225668,0.0
2020-05-10,565.23,578.77,564.1,574.11,985195,0.0
2020-05-11,576.98,578,556.45,556.61,799254,0.0
2020-05-12,560.65,581.78,558.51,577.12,1899866,0.0
2020-05-13,577.18,580.77,565.6,570.95,1284942,0.0
2020-05-14,566.78,577,563.08,576.72,691844,0.0
2020-05-17,582,583.54,558.885,560.28,1778018,0.0
2020-05-18,561,569.5,557.6,557.6,634423,0.0
2020-05-19,562.07,580.55,561.385,576.78,783923,0.0
2020-05-20,577.51,578.34,556.68,561.5,757557,0.0
2020-05-21,558.12,574.19,558.12,569.92,607787,0.0
2020-05-25,548.54,556.13,534.25,545.22,6858606,0.0
2020-05-26,538.7,555.53,522.02,544.1,4734318,0.0
2020-05-27,547.5,583.03,546.13,577.22,4858259,0.0
2020-05-28,580.7,615.36,571.52,610.73,6511776,0.0
2020-05-31,605,610,597.62,599.47,2984670,0.0
2020-06-01,602.2,618.71,591.67,618.23,1383576,0.0
2020-06-02,615.37,616.68,589.6,604.29,2793748,0.0
2020-06-03,596.99,610.99,592.795,597.67,772087,0.0
2020-06-04,585,600.14,578.43,597,2404794,0.0
2020-06-07,587.88,605.26,579.6,604.03,1705284,0.0
2020-06-08,603.49,611.56,601.8891,607.46,1502454,0.0
2020-06-09,613.03,617.37,603,606.68,1563194,0.0
2020-06-10,621,625.79,592.3181,596.77,1347842,0.0
2020-06-11,616.01,619.68,599.02,599.02,324530,0.0
2020-06-14,584.54,593.49,582.32,590.62,588211,0.0
2020-06-15,590,597.15,575.89,592.98,1297859,0.0
2020-06-16,596.33,606.5,594.86,602.76,1189440,0.0
2020-06-17,601.34,604.03,590.3,597.35,577902,0.0
2020-06-18,602.31,646.33,598.71,644.46,1763407,0.0
2020-06-21,634.09,634.19,618.19,628.52,1153068,0.0
2020-06-22,631.33,637.5432,623.01,628.76,743059,0.0
2020-06-23,630,644.703,599,605.51,1381720,0.0
2020-06-24,604.67,620.29,602.51,620.05,745298,0.0
2020-06-25,611.02,616.35,601.56,611.68,518484,0.0
2020-06-28,609.37,617.265,605.7745,610.63,574510,0.0
2020-06-29,621.93,626.06,611.16,623.65,544638,0.0
2020-06-30,625,625,601.02,609.16,914259,0.0
2020-07-01,612.1,630.76,608.76,621.94,715989,0.0
2020-07-05,635,639,623.5,626.76,924856,0.0
2020-07-06,636.03,653.53,628.23,640.4,1330022,0.0
2020-07-07,650.41,650.49,632.42,640.33,583412,0.0
2020-07-08,648,655.9255,629,639.97,904535,0.0
2020-07-09,638.4,639.99,617.945,620.86,861875,0.0
2020-07-12,623.67,633.84,614.11,614.92,656307,0.0
2020-07-13,615.58,644.34,612.2,640.77,765344,0.0
2020-07-14,641.99,644.74,626.5,632.74,508040,0.0
2020-07-15,628.75,634.26,621.99,632.05,329114,0.0
2020-07-16,635,650,632.21,644.09,576454,0.0
2020-07-19,646.64,664.64,646.5,658,602859,0.0
2020-07-20,658,658,635.6417,638.86,636688,0.0
2020-07-21,642.59,644.06,634.3601,637.53,398871,0.0
2020-07-22,637.92,644.315,628.34,630.06,326897,0.0
2020-07-23,623.7,623.7,596.015,608.93,1138393,0.0
2020-07-26,620,638.42,613.29,637.4,772091,0.0
2020-07-27,636.2,638.355,629.07,631.15,400923,0.0
2020-07-28,634.05,634.47,625.88,631.61,290935,0.0
2020-07-29,625.72,641.38,625.72,631.47,507105,0.0
2020-07-30,634.68,636.14,620.06,632.08,553922,0.0
2020-08-02,634.84,647.3964,632.725,645.25,314905,0.0
2020-08-03,654.46,654.46,636.1,647.57,668594,0.0
2020-08-04,654.9536,660,623.9,624.52,1007581,0.0
2020-08-05,628.88,630,613.6,621.21,605609,0.0
2020-08-06,621,627.46,614.5468,620.66,374702,0.0
2020-08-09,609.28,611.14,596.58,608.22,474744,0.0
2020-08-10,601.11,608.235,592.453,598.86,492897,0.0
2020-08-11,599.9,617,599.9,612.35,477330,0.0
2020-08-12,611.49,616.235,607.2691,610.87,309422,0.0
2020-08-13,610.09,617.31,610.09,612.49,223602,0.0
2020-08-16,614.74,627.99,614.21,621.21,324323,0.0
2020-08-17,623.01,623.01,613.27,618.59,299032,0.0
2020-08-18,628.98,640.65,625,629.86,643476,0.0
2020-08-19,610.01,619.75,608.44,616.943,601687,0.0
2020-08-20,617.18,618.0719,603.22,605.39,554616,0.0
2020-08-23,612.38,613.1,590.71,594.57,906758,0.0
2020-08-24,596.51,615,594.74,610.5,670910,0.0
2020-08-25,605.5,613.14,604.49,611.63,366172,0.0
2020-08-26,614.67,619.52,610.2268,615.19,487682,0.0
2020-08-27,611,614.505,598.9,602.61,520681,0.0
2020-08-30,602.33,621.61,601.35,619.25,773048,0.0
2020-08-31,615.63,620,589.3,592.69,964684,0.0
2020-09-01,591.3,610.99,591.3,610.13,790749,0.0
2020-09-02,610.4,610.42,575.1,577.4,739667,0.0
2020-09-03,575,584,564.5,580.41,635048,0.0
2020-09-07,577.78,578.99,560.78,561.89,578248,0.0
2020-09-08,565,575.08,564.96,571.15,514978,0.0
2020-09-09,569.64,572.8,548.2357,549.85,719142,0.0
2020-09-10,551.79,561.325,540,544.45,721992,0.0
2020-09-13,554.41,566.51,550.65,564.18,583821,0.0
2020-09-14,569.17,582.862,567.59,580.18,566572,0.0
2020-09-15,584.12,586.44,568,569.15,679342,0.0
2020-09-16,557.19,569.37,557.19,564.85,573298,0.0
2020-09-17,567.48,567.8346,544.96,555.2,921387,0.0
2020-09-20,551.14,556.4645,542.155,556.39,562664,0.0
2020-09-21,552.36,573.45,552.36,571.14,491711,0.0
2020-09-22,572.37,578.16,562.49,565.21,445635,0.0
2020-09-23,561,564.99,554.695,557.6899,356619,0.0
2020-09-24,555.4,575.915,551,574.06,549556,0.0
2020-09-27,572.83,574.615,559.06,572.13,531807,0.0
2020-09-28,573.2,576,567.9186,573.7,274900,0.0
2020-09-29,589.7668,589.7668,554,559.28,1877344,0.0
2020-09-30,562.5,568.38,552.27,568,959127,0.0
2020-10-01,562,576,554.04,565.26,811186,0.0
2020-10-04,598.9,619.97,591.15,604.58,4542333,0.0
2020-10-05,605.32,610.38,579.02,581.6,1468896,0.0
2020-10-06,588.49,593.88,581.65,591.69,732825,0.0
2020-10-07,614.645,615,598.098,599.67,2095173,0.0
2020-10-08,601,604.44,593.505,601.76,932986,0.0
2020-10-11,602.2543,605.3904,590.85,601.11,878490,0.0
2020-10-12,601.6,616.31,600.18,607.98,1064302,0.0
2020-10-13,609.18,610.925,596.75,600.69,842352,0.0
2020-10-14,598.02,605.12,580.7399,585.48,977775,0.0
2020-10-15,590,605.43,585.67,600.61,791818,0.0
2020-10-18,600,601.09,579,583.4,614588,0.0
2020-10-19,582,586.49,573.14,576.79,509893,0.0
2020-10-20,578.66,581.68,567.02,572.26,353223,0.0
2020-10-21,566.04,577.05,566.04,575.73,366639,0.0
2020-10-22,580.29,582.72,575.12,580.04,433300,0.0
2020-10-25,574.66,587.62,574.66,585.74,380783,0.0
2020-10-26,584.98,590.97,579.04,582.52,397611,0.0
2020-10-27,576.69,578.975,563.87,567.04,428154,0.0
2020-10-28,576,576,555.54,555.78,727998,0.0
2020-10-29,545.12,556.58,533.23,543.71,975530,0.0
2020-11-01,545.06,557.4128,539.17,548.51,723975,0.0
2020-11-02,551.89,561.24,550,556.29,412068,0.0
2020-11-03,578.09,593.96,575.95,586.98,935588,0.0
2020-11-04,595,596.8,578.95,589.25,836133,0.0
2020-11-05,589.04,589.04,572.72,578.03,634566,0.0
2020-11-08,551.61,573.16,540.31,567.57,1123516,0.0
2020-11-09,560,565.99,546.93,559.22,734631,0.0
2020-11-10,564.85,573.655,560,567.3,530786,0.0
2020-11-11,568.92,570.995,554.835,557.07,450142,0.0
2020-11-12,560.22,567.7,556.8,566.87,395272,0.0
2020-11-15,557.45,566.7944,556,561.91,279988,0.0
2020-11-16,556.38,556.6,536.055,538.15,960700,0.0
2020-11-17,543,543,518.19,519.04,1138091,0.0
2020-11-18,519.19,525.69,514.42,514.42,860535,0.0
2020-11-19,513.96,521.27,509.34,518.63,940394,0.0
2020-11-22,538.86,538.86,516.8,523.61,1548976,0.0
2020-11-23,521.61,528.44,505.8,506.1,1138748,0.0
2020-11-24,507.18,515.465,507.18,508.3,629134,0.0
2020-11-26,513.42,518.92,509.2001,514.32,447254,0.0
2020-11-29,520,520.78,507.5979,516.48,884011,0.0
2020-11-30,516,525.2825,513.69,513.69,755753,0.0
2020-12-01,515.94,515.94,503.81,505.55,696080,0.0
2020-12-02,505.2,509.54,497.12,498.03,826441,0.0
2020-12-03,497.01,501.85,490.06,492.45,868056,0.0
2020-12-06,497.4906,499.7,492.7945,495.82,746917,0.0
2020-12-07,497.1,497.88,486.3,497.18,901434,0.0
2020-12-08,500,500,484,488.24,796283,0.0
2020-12-09,485.29,487.12,477.87,479.48,936425,0.0
2020-12-10,478.22,483.54,471.58,479.38,836483,0.0
2020-12-13,484.12,502.6,483.55,500,1116014,0.0
2020-12-14,500.69,500.99,486.82,492.19,941499,0.0
2020-12-15,491.8,494.46,485.15,486.07,660861,0.0
2020-12-16,486.9,496.75,486.5,496.02,749506,0.0
2020-12-17,500,506.9899,496.81,498.3,938671,0.0
2020-12-20,494,497.29,485.06,496.84,811330,0.0
2020-12-21,496,496.48,488.5,490.47,770271,0.0
2020-12-22,491.2,493.63,488.5201,492.19,466628,0.0
2020-12-23,492.44,495.23,486.03,488.1,269109,0.0
2020-12-27,488.72,492.69,482.21,482.83,664000,0.0
2020-12-28,485,490.4527,482.42,484.71,511533,0.0
2020-12-29,487.39,488.825,477.68,478.31,573782,0.0
2020-12-30,477.81,483.57,470.78,482.5,779348,0.0
2021-01-03,486.85,491.7755,473.58,482.46,787391,0.0
2021-01-04,480.39,486.25,475.41,483.01,684261,0.0
2021-01-05,477.15,483,467,469.65,1319329,0.0
2021-01-06,471.24,481.84,467.18,481.2,1007631,0.0
2021-01-07,487.9345,500.7,487.9345,498.81,904613,0.0
2021-01-10,501,505.14,489.35,502.46,1015360,0.0
2021-01-11,504.41,518.5,502,505.75,1081590,0.0
2021-01-12,517,522,509.14,512.19,1033196,0.0
2021-01-13,513.1,524.88,511.33,517.9,748365,0.0
2021-01-14,518.1,522.99,511.11,518.45,619984,0.0
2021-01-18,523.03,536.62,522.06,533.89,867683,0.0
2021-01-19,536.78,543.99,529.31,541.545,753708,0.0
2021-01-20,540.58,543.275,527.9101,535.52,746109,0.0
2021-01-21,534.1,546.7221,534.1,537.77,525542,0.0
2021-01-24,554.32,555,538.77,548.2,695907,0.0
2021-01-25,558.91,558.91,542.14,544.1,719101,0.0
2021-01-26,540.58,541.97,512.94,516.02,1349194,0.0
2021-01-27,521.27,529.51,505.1101,505.81,962247,0.0
2021-01-28,505.97,514.415,496.0958,503.84,1189842,0.0
2021-01-31,512.82,512.82,503.1,507.96,677264,0.0
2021-02-01,511.01,513.28,498.02,499.99,803877,0.0
2021-02-02,505.09,507.28,490.84,491.18,997296,0.0
2021-02-03,494.07,498.96,490.02,498.68,1261368,0.0
2021-02-04,513.84,514.9735,495.2185,498.43,1473181,0.0
2021-02-07,503.14,506.6276,492.46,494.9,1140540,0.0
2021-02-08,496.53,497.99,487.55,490.87,974682,0.0
2021-02-09,493.43,497.86,488.12,490.7,870290,0.0
2021-02-10,491.23,496.6,486.035,489.92,986390,0.0
2021-02-11,494.25,494.4831,482.845,485.98,1221224,0.0
2021-02-15,488.01,492,478.44,481.14,1053983,0.0
2021-02-16,477,484.375,476.56,482.16,863359,0.0
2021-02-17,479.9,481.755,475.835,477.03,939914,0.0
2021-02-18,478.25,483.68,470.27,470.59,988725,0.0
2021-02-21,468.27,468.27,459.9,460.57,1145728,0.0
2021-02-22,458.056,468.96,448,468.2,1633626,0.0
2021-02-23,466.11,469.4712,457.17,459.07,1013710,0.0
2021-02-24,460.31,465,448.33,453.19,935841,0.0
2021-02-25,455.84,457.17,445.566,450.57,1003736,0.0
2021-02-28,454.49,463.85,453.83,463.46,768284,0.0
2021-03-01,463.13,466,454.3462,454.86,662007,0.0
2021-03-02,456.14,458.65,446.38,446.42,744562,0.0
2021-03-03,445.37,451.8535,441,449.38,980175,0.0
2021-03-04,451.58,463.83,449.3,461.99,1044377,0.0
2021-03-07,456.49,473.5,456.49,463.51,898346,0.0
2021-03-08,469.8,478.13,469.32,470.22,728707,0.0
2021-03-09,473.89,474.98,465.21,467.94,632498,0.0
2021-03-10,469,474.89,466.725,469.96,617187,0.0
2021-03-11,467,471.82,463.65,471.58,447287,0.0
2021-03-14,473.01,484.7,472.26,484.02,611802,0.0
2021-03-15,485,490.22,479.61,482.47,587818,0.0
2021-03-16,495,497.705,483.15,496.22,930013,0.0
2021-03-17,485.08,491.88,474.31,474.46,838375,0.0
2021-03-18,478.31,482.59,472.48,473.7,766204,0.0
2021-03-21,471.89,484.61,471.23,483.46,527162,0.0
2021-03-22,486.16,488.7162,466.71,469.62,945154,0.0
2021-03-23,471.51,472.08,458.25,460.32,916642,0.0
2021-03-24,458.31,465.84,451.6,463.48,829759,0.0
2021-03-25,464.66,477.32,458.44,476.92,808263,0.0
2021-03-28,472.34,488.9,471.91,481.22,683244,0.0
2021-03-29,479.84,480.84,469.36,470.84,523331,0.0
2021-03-30,472.64,475.7,470.67,473.43,587387,0.0
2021-03-31,472,478.15,469.37,474.93,524087,0.0
2021-04-04,477.09,485.28,474.22,484.55,580007,0.0
2021-04-05,485.5,485.82,476.72,479.03,492571,0.0
2021-04-06,479,486.95,477.62,481.38,504278,0.0
2021-04-07,485.7697,488.99,474.84,476.36,583817,0.0
2021-04-08,476.2175,480.2623,471.5,475,590830,0.0
2021-04-11,481.78,481.78,469.8,472.81,711913,0.0
2021-04-12,476.528,483.4,474.595,477.04,540425,0.0
2021-04-13,478,486.73,477.92,481.16,491833,0.0
2021-04-14,487.44,499.28,485.81,494.49,855588,0.0
2021-04-15,496.6488,506.872,495.86,503.07,1021318,0.0
2021-04-18,503.005,505.9699,498.47,499.62,572933,0.0
2021-04-19,499.92,506.73,497.4,504.75,787608,0.0
2021-04-20,506.84,510.32,503.2245,506.2,540652,0.0
2021-04-21,505.4,505.4,489.28,490,869254,0.0
2021-04-22,487.54,491.49,484.0313,488.59,689619,0.0
2021-04-25,489.84,502,485,501.14,579523,0.0
2021-04-26,502.49,502.6,491.26,491.82,415284,0.0
2021-04-27,494.91,495.44,487.5,487.76,583604,0.0
2021-04-28,489,490,482.28,484.87,482324,0.0
2021-04-29,482.77,491.579,480.51,480.75,518007,0.0
2021-05-02,482.76,491.67,482.76,488.62,538054,0.0
2021-05-03,485.59,488.2755,480.85,485.18,564569,0.0
2021-05-04,486.41,488.745,481.09,482,737103,0.0
2021-05-05,483.11,502.98,478.4,498.68,1422767,0.0
2021-05-06,497.5871,503,492.81,496.3,627808,0.0
2021-05-09,497.52,513.48,495,502.06,964139,0.0
2021-05-10,496.82,508.98,494.02,501.12,722087,0.0
2021-05-11,497,513.67,497,507.55,829987,0.0
2021-05-12,508.86,519.07,505.565,517.04,892224,0.0
2021-05-13,519.38,521.13,512.25,516.62,650902,0.0
2021-05-16,516.99,525.9599,515.44,523.87,620366,0.0
2021-05-17,523,523,513.68,515.98,588544,0.0
2021-05-18,517.9,517.9,502.5,509.84,485144,0.0
2021-05-19,509.01,518.8699,507.625,512.995,474658,0.0
2021-05-20,514.1344,516.5,506.43,506.8,502169,0.0
