Date,Open,High,Low,Close,Volume,OpenInterest
2017-06-01,63.88,64.68,63.75,64.56,6146034,0.0
2017-06-04,64.85,64.87,64.18,64.27,4457620,0.0
2017-06-05,64.22,64.35,64.05,64.16,4056886,0.0
2017-06-06,64.13,64.295,63.34,63.5,6010634,0.0
2017-06-07,63.46,63.58,62.02,62.25,9253547,0.0
2017-06-08,62.37,62.48,61.8745,62.18,9719664,0.0
2017-06-11,61.81,61.99,60.63,61.29,8837947,0.0
2017-06-12,61.13,61.255,60.59,60.92,7455299,0.0
2017-06-13,60.63,60.82,59.86,60.27,8272331,0.0
2017-06-14,59.92,60.28,59.51,60.1,5710128,0.0
2017-06-15,59.89,60.16,59.47,60.14,7967574,0.0
2017-06-18,60.35,61,60.11,60.89,5423410,0.0
2017-06-19,60.98,61,59.7,59.85,5551298,0.0
2017-06-20,60,60.31,59.71,59.95,4361251,0.0
2017-06-21,60.09,60.1,59.4,59.5,4350371,0.0
2017-06-22,59.76,60.17,59.58,59.81,4740311,0.0
2017-06-25,60.02,60.15,59.33,59.63,4629556,0.0
2017-06-26,59.61,59.69,58.81,58.95,4469545,0.0
2017-06-27,59.06,59.25,58.8,59.18,4239738,0.0
2017-06-28,59.17,59.18,57.955,58.35,6125722,0.0
2017-06-29,58.72,58.95,58.29,58.32,5542992,0.0
2017-07-02,58.9,58.99,58.25,58.25,3354785,0.0
2017-07-04,58.43,58.5,57.8,57.94,5745998,0.0
2017-07-05,57.8,57.92,57.4,57.59,7166919,0.0
2017-07-06,57.79,58.36,57.54,58.04,4905567,0.0
2017-07-09,58.18,58.35,57.75,57.8,3209377,0.0
2017-07-10,57.91,58.08,57.53,57.91,4338999,0.0
2017-07-11,58.21,58.71,58.02,58.55,5675371,0.0
2017-07-12,58.74,58.87,58.12,58.38,7321475,0.0
2017-07-13,58.4,58.92,58.28,58.77,4077060,0.0
2017-07-16,58.76,58.87,58.28,58.33,4654726,0.0
2017-07-17,58.12,58.58,57.69,58.2,6176705,0.0
2017-07-18,58.15,58.41,57.9,58.1,5980983,0.0
2017-07-19,58.41,58.84,58,58.04,8135996,0.0
2017-07-20,57.95,58.26,57.83,57.98,5347440,0.0
2017-07-23,58,58.25,57.93,58.03,5553740,0.0
2017-07-24,58.29,58.84,57.98,58.56,5306085,0.0
2017-07-25,58.8,58.84,57.7847,57.94,7130574,0.0
2017-07-26,58.24,59.66,57.93,59.5901,17051048,0.0
2017-07-27,55.24,55.96,53.41,53.975,45940588,0.0
2017-07-30,54.48,54.68,53.95,53.995,17703554,0.0
2017-07-31,54.23,54.79,53.97,54.75,15725421,0.0
2017-08-01,54.75,55.45,54.73,55.43,13186721,0.0
2017-08-02,55.64,56.12,55.5,55.7,11475588,0.0
2017-08-03,55.95,56.05,55.09,55.42,7903830,0.0
2017-08-06,55.6,55.93,55.42,55.63,5646678,0.0
2017-08-07,55.55,55.58,54.36,54.51,9501920,0.0
2017-08-08,54.43,54.43,53.3,53.73,14761196,0.0
2017-08-09,53.52,53.7453,52.99,53.065,11523611,0.0
2017-08-10,53.05,53.4,53.05,53.19,7931491,0.0
2017-08-13,53.6,53.6,53.18,53.22,6032116,0.0
2017-08-14,53.41,53.42,52.89,53.16,5519000,0.0
2017-08-15,53.26,53.92,53.25,53.52,6148446,0.0
2017-08-16,53.32,53.78,52.99,53.04,5670704,0.0
2017-08-17,52.92,53.085,52.58,52.7,7530419,0.0
2017-08-20,53.13,53.52,52.8,53.15,9653806,0.0
2017-08-21,53.49,54.74,53.39,54.45,11517284,0.0
2017-08-22,53.96,54.1,53.65,54.08,8677944,0.0
2017-08-23,54.26,54.445,53.77,53.95,7392105,0.0
2017-08-24,54.61,54.69,54.19,54.37,6536116,0.0
2017-08-27,54.54,54.58,54.02,54.4,5153549,0.0
2017-08-28,54.05,54.29,54,54.11,5114825,0.0
2017-08-29,54.04,54.62,54.04,54.52,4585225,0.0
2017-08-30,54.68,54.99,54.57,54.86,5794060,0.0
2017-08-31,54.93,55.155,54.88,54.92,6719118,0.0
2017-09-04,54.95,55.2,54.6,55.15,7672445,0.0
2017-09-05,55.12,55.275,54.13,54.3,9093420,0.0
2017-09-06,54.42,54.675,53.25,53.47,11546054,0.0
2017-09-07,53.39,53.78,53.05,53.5,9008634,0.0
2017-09-10,53.79,54.13,53.61,54.02,7858711,0.0
2017-09-11,53.96,54.05,53.33,53.54,8733529,0.0
2017-09-12,53.54,54.72,53.53,54.29,10746981,0.0
2017-09-13,54.38,54.71,54.1,54.525,6571453,0.0
2017-09-14,54.4,54.79,54.16,54.61,7650760,0.0
2017-09-17,54.8,54.97,54.57,54.69,4848349,0.0
2017-09-18,54.84,54.88,54.56,54.625,3913370,0.0
2017-09-19,54.61,55.18,54.58,55.1404,5645829,0.0
2017-09-20,55.07,55.17,54.86,55.01,6168994,0.0
2017-09-21,55.05,55.2,54.86,55.08,5397029,0.0
2017-09-24,55.07,55.22,54.7,54.94,5665154,0.0
2017-09-25,55.06,55.22,54.795,55.15,4088499,0.0
2017-09-26,55.22,55.6,54.96,54.98,7212384,0.0
2017-09-27,54.83,55.08,54.45,54.49,6494058,0.0
2017-09-28,54.31,54.47,53.36,53.69,9825393,0.0
2017-10-01,53.86,54.04,53.75,53.81,4790903,0.0
2017-10-02,54,54.34,53.9,53.98,4899571,0.0
2017-10-03,54.12,54.2,53.69,53.92,4022813,0.0
2017-10-04,54.06,54.97,53.92,54.61,5996740,0.0
2017-10-05,54.5,55.45,54.245,55.16,8952264,0.0
2017-10-08,55.37,55.49,54.96,55.03,4693646,0.0
2017-10-09,55.1,55.8492,55.08,55.42,5415406,0.0
2017-10-10,55.46,55.8,55.26,55.63,5166841,0.0
2017-10-11,55.67,56.27,55.309,55.98,5682161,0.0
2017-10-12,56,56.43,55.61,55.71,5121554,0.0
2017-10-15,55.67,55.8,54.89,54.9,6068042,0.0
2017-10-16,54.98,55.23,54.29,54.51,9322495,0.0
2017-10-17,54.38,55.43,54.22,55.22,6447309,0.0
2017-10-18,55.08,55.5423,54.9,55.4,4596164,0.0
2017-10-19,55.22,55.4,54.175,54.56,9868407,0.0
2017-10-22,54.61,54.935,54.18,54.28,8379276,0.0
2017-10-23,54.37,54.56,54.02,54.28,6346502,0.0
2017-10-24,54.24,54.39,53.66,54.16,6312601,0.0
2017-10-25,54.5,55.75,54.5,54.91,9717372,0.0
2017-10-26,54.83,55.12,54.68,54.87,8285715,0.0
2017-10-29,54.79,55.23,54.4,55.17,5381105,0.0
2017-10-30,55.16,55.305,54.7,54.87,6286459,0.0
2017-10-31,55.1,55.59,54.94,55.13,6138981,0.0
2017-11-01,55.15,55.39,54.77,54.84,10260147,0.0
2017-11-02,54.19,56.94,54.05,56.03,25088790,0.0
2017-11-05,55.99,56.69,55.63,56.57,9224356,0.0
2017-11-06,56.53,57.29,56.33,57.22,8384881,0.0
2017-11-07,57.03,58.01,57.01,58,10605968,0.0
2017-11-08,57.2,57.66,56.785,57.36,12181474,0.0
2017-11-09,57.36,57.39,56.54,57.03,6467970,0.0
2017-11-12,56.81,57.14,56.55,56.63,6078956,0.0
2017-11-13,56.47,57,56.41,56.93,5632839,0.0
2017-11-14,56.8,57.06,56.51,56.7,6134059,0.0
2017-11-15,56.8,57.42,56.76,57.25,5852223,0.0
2017-11-16,57.3,57.43,56.84,56.93,4589972,0.0
2017-11-19,56.67,57.05,56.58,56.81,5151507,0.0
2017-11-20,56.96,57.56,56.88,57.26,4946645,0.0
2017-11-21,57.07,57.18,56.795,57.14,4703749,0.0
2017-11-23,57.19,57.19,56.71,56.79,2927050,0.0
2017-11-26,56.83,56.9207,55.751,55.9,7679943,0.0
2017-11-27,56.03,56.72,55.9101,56.66,7996518,0.0
2017-11-28,56.71,57.68,56.7,57.51,8245863,0.0
2017-11-29,57.64,58.1399,57.47,57.81,8229001,0.0
2017-11-30,57.5,57.71,56.461,57.32,10980148,0.0
2017-12-03,57.54,59.19,57.5,58.77,11299687,0.0
2017-12-04,59.25,59.68,58.91,59.34,9056228,0.0
2017-12-05,59.4,59.83,59.23,59.29,6541482,0.0
2017-12-06,59.16,59.275,58.761,59.16,4509444,0.0
2017-12-07,58.52,58.845,58.1,58.6,7036562,0.0
2017-12-10,58.39,59.35,58.29,59.05,6920531,0.0
2017-12-11,58.99,59.36,58.87,59.28,4774540,0.0
2017-12-12,59.44,59.89,59.38,59.5,4863632,0.0
2017-12-13,59.73,60.05,59.44,59.76,6193425,0.0
2017-12-14,59.25,59.37,58.1574,58.24,15397151,0.0
2017-12-17,58.44,58.786,57.89,58.04,6901335,0.0
2017-12-18,58.13,58.575,57.93,58.01,6113022,0.0
2017-12-19,58.22,58.29,57.69,57.73,5367483,0.0
2017-12-20,57.94,58.145,57.49,57.57,4326778,0.0
2017-12-21,57.57,57.91,57.12,57.295,5736300,0.0
2017-12-25,57.27,57.5799,57.05,57.14,4573219,0.0
2017-12-26,57.19,57.65,57.18,57.28,3723651,0.0
2017-12-27,57.47,58,57.3,57.82,3927059,0.0
2017-12-28,57.74,57.97,57.42,57.44,3762842,0.0
2018-01-01,57.95,58.21,57.48,57.63,5759477,0.0
2018-01-02,57.92,58.96,57.8,58.72,5967040,0.0
2018-01-03,58.99,59.41,58.73,58.94,4693409,0.0
2018-01-04,59.13,59.69,59.07,59.58,4635754,0.0
2018-01-07,59.48,59.67,58.56,59.28,4911992,0.0
2018-01-08,59.2,59.47,58.86,59.19,4157756,0.0
2018-01-09,59.24,60.13,58.855,59.82,6800919,0.0
2018-01-10,59.76,60.02,59.4541,60,4379672,0.0
2018-01-11,60.4,60.51,59.65,60.4,5433130,0.0
2018-01-15,60.44,61.1,60.3,60.57,5796427,0.0
2018-01-16,61.03,61.33,60.52,60.65,6478333,0.0
2018-01-17,61.43,61.44,60.735,61.11,6365611,0.0
2018-01-18,61.14,61.46,60.95,61.19,6385386,0.0
2018-01-21,61.04,61.47,60.77,61.43,8234965,0.0
2018-01-22,61.29,61.91,61.14,61.69,8316036,0.0
2018-01-23,61.51,61.94,60.2326,60.83,9940406,0.0
2018-01-24,61.03,61.2,60.4,60.55,10961305,0.0
2018-01-25,57.94,58.17,56.55,57.95,46032051,0.0
2018-01-28,57.55,58.35,56.97,57,15979878,0.0
2018-01-29,56.96,57.54,56.74,57.19,12387249,0.0
2018-01-30,57.23,57.45,56.7,56.82,10256637,0.0
2018-01-31,56.28,56.42,55.89,55.99,12794177,0.0
2018-02-01,55.9,56.32,55.7,55.77,13149305,0.0
2018-02-04,55.53,56.26,54.57,54.67,13166344,0.0
2018-02-05,53.76,56.06,53.56,55.62,14635780,0.0
2018-02-06,55.08,55.43,54.44,54.46,11537998,0.0
2018-02-07,54.5,54.789,53.75,53.76,14550315,0.0
2018-02-08,54.2,55.06,53.65,54.57,16998883,0.0
2018-02-11,54.86,55.73,54.55,55.39,8362712,0.0
2018-02-12,55.25,55.72,55.02,55.68,6941524,0.0
2018-02-13,55.38,56.7,55.29,56,10792682,0.0
2018-02-14,56.36,56.83,55.9,56.59,7555205,0.0
2018-02-15,56.65,57.05,56.34,56.46,8168891,0.0
2018-02-19,56.29,56.54,55.83,55.97,6632981,0.0
2018-02-20,55.93,56.74,55.86,56.1,5944036,0.0
2018-02-21,55.95,56.14,55.26,55.4,8548404,0.0
2018-02-22,55.65,56.15,54.8,56.15,9084859,0.0
2018-02-25,56.45,57.35,56.32,57.17,6983496,0.0
2018-02-26,57.29,57.64,56.56,56.57,6927608,0.0
2018-02-27,56.84,57.92,56.83,57.11,8312038,0.0
2018-02-28,57.03,57.56,55.83,56.16,9050244,0.0
2018-03-01,55.72,57.2,55.6805,56.93,8923332,0.0
2018-03-04,56.83,57.42,56.68,57,5515044,0.0
2018-03-05,57.25,57.25,56.54,57.03,6415797,0.0
2018-03-06,56.62,57.165,56.62,57.03,5201151,0.0
2018-03-07,57.29,57.8,57.13,57.47,4964564,0.0
2018-03-08,57.67,58.63,57.67,58.47,7235295,0.0
2018-03-11,58.67,59.68,58.48,59.4,8359563,0.0
2018-03-12,59.68,60.7,58.89,59.04,8854144,0.0
2018-03-13,59.28,59.72,58.705,58.84,4928941,0.0
2018-03-14,58.9,60.07,58.82,59.38,6228108,0.0
2018-03-15,59.38,59.65,58.94,59,6788890,0.0
2018-03-18,58.7,58.85,57.8,58.3,6273584,0.0
2018-03-19,58.45,58.98,58.45,58.66,4277653,0.0
2018-03-20,58.75,59.55,58.39,58.47,4993417,0.0
2018-03-21,58.03,58.72,57.75,57.77,5406287,0.0
2018-03-22,57.78,58.07,56.31,56.31,6777567,0.0
2018-03-25,56.96,58,56.55,57.81,5913536,0.0
2018-03-26,58.1,58.5,57.14,57.469,5929816,0.0
2018-03-27,57.5,58.1,57.22,57.91,7771097,0.0
2018-03-28,57.2,58.14,56.83,57.88,9659221,0.0
2018-04-01,57.53,57.73,55.38,56.25,12373768,0.0
2018-04-02,56.55,58.045,56.445,58.02,8289098,0.0
2018-04-03,57.25,58.97,57.21,58.83,6321158,0.0
2018-04-04,59,59.27,58.855,59.14,5129708,0.0
2018-04-05,58.73,59.135,58.09,58.34,6496452,0.0
2018-04-08,58.53,59.37,58.42,58.7,5852533,0.0
2018-04-09,59.11,59.49,58.87,59.41,5268613,0.0
2018-04-10,59.19,59.71,59,59.43,4101242,0.0
2018-04-11,59.61,60.12,59.42,59.44,4880974,0.0
2018-04-12,59,59.55,58.96,59.25,4976448,0.0
2018-04-15,59.13,59.69,58.84,59.42,5263801,0.0
2018-04-16,59.75,60,59.4,59.835,4570139,0.0
2018-04-17,59.73,59.83,59.44,59.51,4627516,0.0
2018-04-18,59.39,59.49,58.73,59.21,4889460,0.0
2018-04-19,59.03,59.18,57.795,58,9865209,0.0
2018-04-22,58.01,58.73,57.69,58.16,6794555,0.0
2018-04-23,58.48,58.66,57.65,57.805,6352350,0.0
2018-04-24,57.86,58.27,57.29,57.72,5775345,0.0
2018-04-25,58.11,60.18,57.85,59.52,10911699,0.0
2018-04-26,58.07,58.98,57.5,58.37,10023090,0.0
2018-04-29,58.38,58.51,57.46,57.55,5692402,0.0
2018-04-30,57.67,58.25,57.44,58.12,6292546,0.0
2018-05-01,58.06,58.09,56.53,56.71,5848472,0.0
2018-05-02,56.52,56.57,55.54,56.12,5930978,0.0
2018-05-03,56.72,57.93,56.49,57.68,7666043,0.0
2018-05-06,59,59.04,57.2748,57.45,8721116,0.0
2018-05-07,57.45,57.71,57.001,57.68,6042649,0.0
2018-05-08,57.43,57.62,56.79,57.03,5407457,0.0
2018-05-09,57.24,57.7,57.02,57.66,5742051,0.0
2018-05-10,57.69,57.86,57.07,57.27,4695964,0.0
2018-05-13,57.36,57.51,57,57.14,4686163,0.0
2018-05-14,57,57.1,56.35,56.68,5486100,0.0
2018-05-15,56.83,57.325,56.79,57.15,3570546,0.0
2018-05-16,57.2,57.35,56.98,57.19,4649260,0.0
2018-05-17,57.27,57.39,56.86,57.17,6235369,0.0
2018-05-20,57.4,57.82,57.27,57.33,4309611,0.0
2018-05-21,57.5,57.62,56.91,56.97,4201299,0.0
2018-05-22,56.79,57.57,56.76,57.5,3702917,0.0
2018-05-23,57.42,57.74,57.115,57.69,4671277,0.0
2018-05-24,57.68,58.38,57.58,57.92,4366776,0.0
2018-05-28,57.7,57.88,57.01,57.24,4565882,0.0
2018-05-29,57.39,57.66,57.15,57.47,4316292,0.0
2018-05-30,57.18,57.4658,56.55,56.66,6694346,0.0
2018-05-31,56.84,57.03,56.6068,56.89,3866225,0.0
2018-06-03,57.1,57.2,56.8,57.07,6012014,0.0
2018-06-04,56.69,56.7,55.28,55.68,15706743,0.0
2018-06-05,55.835,57.18,55.62,57.18,11586383,0.0
2018-06-06,57.29,57.94,57.09,57.14,6041261,0.0
2018-06-07,56.91,57.06,56.52,56.59,6752679,0.0
2018-06-10,56.61,56.74,56.27,56.47,5781802,0.0
2018-06-11,56.6,56.9,56.3,56.49,6558906,0.0
2018-06-12,56.51,56.7,56.18,56.21,5975011,0.0
2018-06-13,56.49,57.07,56.31,57.01,8822925,0.0
2018-06-14,57.04,57.21,56.459,57.11,6806324,0.0
2018-06-17,56.83,57.32,56.105,57.21,7701211,0.0
2018-06-18,56.65,57.5,56.34,57.42,6249963,0.0
2018-06-19,54.89,55.01,51.58,52.22,55710688,0.0
2018-06-20,52.29,52.63,50.36,50.62,27590631,0.0
2018-06-21,51.03,51.72,50.82,51.225,20152786,0.0
2018-06-24,51.14,51.4366,50.21,50.66,13011042,0.0
2018-06-25,50.61,50.63,50.11,50.38,10814516,0.0
2018-06-26,50.46,50.53,49.84,49.85,12288217,0.0
2018-06-27,49.48,49.48,47.37,48.54,29688305,0.0
2018-06-28,48.06,49.26,48.06,48.85,14099535,0.0
2018-07-01,48.64,49.1,48.5468,49.06,8384585,0.0
2018-07-02,49.15,49.3,48.76,48.77,6490282,0.0
2018-07-04,49.01,49.03,48.4,48.6,7813198,0.0
2018-07-05,48.84,49.19,48.58,48.99,8598055,0.0
2018-07-08,49.2,50.05,49.2,49.9,10926260,0.0
2018-07-09,50.08,50.51,49.9645,50.42,7193612,0.0
2018-07-10,50.22,50.475,50.02,50.15,7709981,0.0
2018-07-11,50.52,50.656,50.2,50.24,7450009,0.0
2018-07-12,50.26,51.65,50.26,51.63,18473261,0.0
2018-07-15,51.55,51.55,50.69,50.96,11713486,0.0
2018-07-16,50.77,51.3,50.6,51.27,9567857,0.0
2018-07-17,51.27,51.6185,51,51.14,11484271,0.0
2018-07-18,51.11,51.49,51,51.34,9310522,0.0
2018-07-19,51.16,51.2425,50.75,50.91,8887590,0.0
2018-07-22,50.85,51.27,50.76,51.19,7046780,0.0
2018-07-23,51.3,51.7198,51.06,51.16,7703599,0.0
2018-07-24,51.01,51.72,51.01,51.62,9297038,0.0
2018-07-25,51.68,51.84,51.34,51.45,9216455,0.0
2018-07-26,51.4999,52.6,50.2101,52.16,13462728,0.0
2018-07-29,52.2,52.845,51.76,51.9,12588867,0.0
2018-07-30,52.03,52.69,51.85,52.4,7381844,0.0
2018-07-31,52.24,52.24,51.25,51.94,8433178,0.0
2018-08-01,52.1,52.35,51.43,51.68,12004992,0.0
2018-08-02,51.69,52.45,51.58,52.23,6991541,0.0
2018-08-05,52.1,52.27,51.8,52.07,5000855,0.0
2018-08-06,52.08,52.205,51.8,52.06,4989418,0.0
2018-08-07,51.83,51.93,51.36,51.55,6187887,0.0
2018-08-08,51.53,52.02,51.32,51.91,5930472,0.0
2018-08-09,51.59,51.63,51.195,51.51,9311812,0.0
2018-08-12,51.62,51.96,51.47,51.82,6604420,0.0
2018-08-13,51.85,52.74,51.79,52.6,7689642,0.0
2018-08-14,52.31,52.94,52.3,52.75,8096188,0.0
2018-08-15,52.98,53.36,52.92,53.05,6674443,0.0
2018-08-16,52.95,53.61,52.95,53.57,7041009,0.0
2018-08-19,53.71,54.16,53.7,53.93,7316139,0.0
2018-08-20,54.17,54.44,53.95,54,5308555,0.0
2018-08-21,53.55,53.64,52.66,52.82,8967516,0.0
2018-08-22,52.76,53.19,52.56,52.65,6965782,0.0
2018-08-23,52.82,52.92,52.42,52.74,8128887,0.0
2018-08-26,52.99,53.18,52.81,52.96,5429345,0.0
2018-08-27,53.02,53.47,52.98,53.06,5986678,0.0
2018-08-28,53.07,53.4399,52.72,53.24,5413530,0.0
2018-08-29,53.12,53.41,52.97,53.1,4697984,0.0
2018-08-30,52.46,53.71,52.451,53.44,7584260,0.0
2018-09-03,53.44,53.69,53.2148,53.53,6816691,0.0
2018-09-04,53.47,53.98,53.29,53.8,6523235,0.0
2018-09-05,53.66,54.35,53.65,54.2,6405518,0.0
2018-09-06,54.21,54.96,54.16,54.86,8607766,0.0
2018-09-09,54.94,55.11,54.57,54.98,6791770,0.0
2018-09-10,54.87,55.395,54.765,55.12,6743621,0.0
2018-09-11,55.2,55.2,54.3263,54.96,6006774,0.0
2018-09-12,55.12,55.57,54.74,54.91,5634043,0.0
2018-09-13,55,55,54.61,54.75,4981897,0.0
2018-09-16,54.7,54.86,54.275,54.57,6239547,0.0
2018-09-17,54.48,55.28,54.1,55.08,6231518,0.0
2018-09-18,55.22,55.79,54.9,55.44,5821967,0.0
2018-09-19,55.6,56.73,55.6,56.44,8525646,0.0
2018-09-20,56.59,57.5661,56.52,57.41,15196149,0.0
2018-09-23,56.9,57.36,56.58,56.69,8370173,0.0
2018-09-24,56.95,57.29,56.83,56.9,7084047,0.0
2018-09-25,56.8,57.84,56.75,57.28,6286710,0.0
2018-09-26,57.1,57.785,57.1,57.34,5225543,0.0
2018-09-27,57.39,57.39,56.78,56.84,6858194,0.0
2018-09-30,56.91,56.95,55.53,55.57,10280379,0.0
2018-10-01,55.55,56.01,55.29,55.58,10789708,0.0
2018-10-02,55.8,56.11,55.46,55.47,5471863,0.0
2018-10-03,55.78,56.08,55.5,55.89,7295807,0.0
2018-10-04,55.95,55.95,55.305,55.76,8122972,0.0
2018-10-07,55.82,56.75,55.45,56.54,7124640,0.0
2018-10-08,56.84,59.7,56.81,57.72,22312607,0.0
2018-10-09,57.67,57.87,55.94,56.01,10860886,0.0
2018-10-10,55.78,56.27,54.705,54.87,12969484,0.0
2018-10-11,55.71,56.78,55.28,56.45,10968216,0.0
2018-10-14,56.37,57.19,56.3105,56.74,6457716,0.0
2018-10-15,56.94,58.01,56.77,57.8,7691984,0.0
2018-10-16,57.89,59.395,57.78,59.12,10378845,0.0
2018-10-17,59,59.53,58.15,58.635,9146898,0.0
2018-10-18,58.39,59.07,58.39,58.63,7506140,0.0
2018-10-21,58.93,59.36,58.58,58.915,5889775,0.0
2018-10-22,58.36,59.3,58.21,58.8,10267843,0.0
2018-10-23,58.51,59.28,57.95,58.05,8574564,0.0
2018-10-24,58.32,59.465,57.7,58.96,7343582,0.0
2018-10-25,58,58.36,57.39,58.06,10725917,0.0
2018-10-28,58.69,59.68,57.7,58.39,11776773,0.0
2018-10-29,58.43,58.87,57.69,58.58,11413839,0.0
2018-10-30,59.04,59.12,58.21,58.27,9232977,0.0
2018-10-31,58.3,58.94,58.07,58.56,12480342,0.0
2018-11-01,62.07,65.68,61.9,64.15,39360111,0.0
2018-11-04,63.92,65.13,63.82,64.47,19898211,0.0
2018-11-05,64.34,66.08,64.25,66.005,11684637,0.0
2018-11-06,66.29,68.21,66.04,68.17,13486635,0.0
2018-11-07,67.71,68.98,67.63,68.72,8949201,0.0
2018-11-08,68.49,68.96,68.08,68.59,7167404,0.0
2018-11-11,68.51,68.94,67.8,67.91,10924907,0.0
2018-11-12,67.94,68.28,67.1,67.41,12525966,0.0
2018-11-13,67.3,67.95,66.73,67.03,12001333,0.0
2018-11-14,66.71,67.76,66.36,67.61,13608511,0.0
2018-11-15,67.3,68.5306,67.09,68.16,8403759,0.0
2018-11-18,68.1,68.4704,67.2299,67.9,9157510,0.0
2018-11-19,67.39,67.88,66.76,67.18,9984060,0.0
2018-11-20,67.47,67.98,66.75,66.77,9609818,0.0
2018-11-22,66.24,66.24,65.26,65.7,7287098,0.0
2018-11-25,65.98,66.12,65.205,65.68,11468484,0.0
2018-11-26,65.46,66.55,65.31,66.05,10239521,0.0
2018-11-27,66.18,66.99,65.48,66.81,11880996,0.0
2018-11-28,66.68,67.28,66.12,66.88,8498253,0.0
2018-11-29,66.86,67.38,66.65,66.74,8535750,0.0
2018-12-02,67.37,68.055,66.66,67.51,9553390,0.0
2018-12-03,67.47,68.15,66.45,66.67,10047030,0.0
2018-12-05,66.13,66.67,65.59,66.55,12723747,0.0
2018-12-06,66.17,66.64,65.2,65.47,9351947,0.0
2018-12-09,65.47,65.8,64.45,65.47,10783483,0.0
2018-12-10,66.22,66.92,65.52,65.9,8841659,0.0
2018-12-11,66,66.93,66,66.1,9597880,0.0
2018-12-12,66.29,67.2243,66.13,66.9,7767712,0.0
2018-12-13,64.44,65.84,63.58,65.32,15587960,0.0
2018-12-16,65,65.625,64.0799,64.5,12155740,0.0
2018-12-17,64.77,65.4,64.49,64.92,8196596,0.0
2018-12-18,65.16,65.9,63.68,64.05,10794592,0.0
2018-12-19,63.61,63.8,61.4499,62.15,17305167,0.0
2018-12-20,62.31,63.205,61.38,61.39,16677424,0.0
2018-12-23,61.48,61.82,60.42,60.59,5837132,0.0
2018-12-25,60.95,63.23,60.67,63.17,11721529,0.0
2018-12-26,62.62,63.22,61.62,63.2,9875621,0.0
2018-12-27,63.31,64.12,63.1747,63.375,6688052,0.0
2018-12-30,63.77,64.61,63.66,64.065,5907909,0.0
2019-01-01,63.68,64.31,63.209,64.24,8102681,0.0
2019-01-02,63.46,63.72,61.44,61.59,12251501,0.0
2019-01-03,62.4,64.25,62.08,63.545,9986903,0.0
2019-01-06,63.35,64.24,62.74,63.585,8594747,0.0
2019-01-07,63.94,64.29,63.05,63.635,7466060,0.0
2019-01-08,63.65,64.04,62.95,63.84,10580122,0.0
2019-01-09,63.61,64.39,63.24,64.195,8112376,0.0
2019-01-10,62.29,63.69,61.6701,63.69,11447494,0.0
2019-01-13,63.35,64.055,62.98,63.4,7806946,0.0
2019-01-14,63.58,64.625,63.45,64.0301,6842735,0.0
2019-01-15,64.15,64.82,63.8,63.805,5696821,0.0
2019-01-16,63.68,64.39,63.6,64.2299,5806217,0.0
2019-01-17,64.81,64.81,63.86,64.62,8101702,0.0
2019-01-21,64.9,66.21,64.75,65.27,12419290,0.0
2019-01-22,65.88,66.6965,65.81,66.305,9644235,0.0
2019-01-23,66.61,66.76,64.24,64.24,17064167,0.0
2019-01-24,67.03,67.69,66.1,66.895,18210977,0.0
2019-01-27,66.19,66.955,65.91,66.84,8931178,0.0
2019-01-28,67,67.5,66.2,66.98,8602269,0.0
2019-01-29,67.11,68.21,67.05,68.135,10090906,0.0
2019-01-30,68.18,69.49,67.86,68.655,16046444,0.0
2019-01-31,68.59,69.315,68,68.095,8689447,0.0
2019-02-03,68.03,68.11,67.08,67.53,10750703,0.0
2019-02-04,67.76,69.41,67.64,69.23,9509546,0.0
2019-02-05,69.23,69.3874,68.5,68.86,8475237,0.0
2019-02-06,68.6,69.21,68.48,69.06,8438366,0.0
2019-02-07,68.77,69.82,68.6,69.625,7373819,0.0
2019-02-10,70,70.465,69.847,69.98,7817349,0.0
2019-02-11,70.24,70.46,69.735,69.745,7703597,0.0
2019-02-12,69.81,70.6,69.8,70.525,8131957,0.0
2019-02-13,70.13,71.54,69.97,70.85,8165677,0.0
2019-02-14,71.15,71.37,70.1935,70.575,10579783,0.0
2019-02-18,70.46,70.6,69.78,70.205,7513517,0.0
2019-02-19,70.23,70.6,70.05,70.41,7039040,0.0
2019-02-20,70.14,70.93,70.14,70.7,7713942,0.0
2019-02-21,70.76,71.39,70.75,71.3,9516695,0.0
2019-02-24,71.9,72.07,70.98,71.04,6626690,0.0
2019-02-25,71,71.45,70.92,71.15,10677564,0.0
2019-02-26,70.85,71.13,69.92,70.15,10926272,0.0
2019-02-27,70.14,70.49,69.78,70.28,11412396,0.0
2019-02-28,70.63,71.11,70.4515,70.85,6405499,0.0
2019-03-03,70.99,71.35,70.37,70.94,7607388,0.0
2019-03-04,71.15,71.89,71.06,71.58,9469132,0.0
2019-03-05,71.81,72.18,71.16,71.28,5655946,0.0
2019-03-06,71.2,71.36,70.46,70.6,5846747,0.0
2019-03-07,70.09,70.27,69.03,69.34,10847425,0.0
2019-03-10,69.38,70.005,69.14,69.67,10116261,0.0
2019-03-11,69.74,70.58,69.69,70.05,7575646,0.0
2019-03-12,70.09,70.9,69.98,70.09,12163427,0.0
2019-03-13,70.19,70.885,70.19,70.74,6738913,0.0
2019-03-14,70.795,71.21,70.54,70.681,6055959,0.0
2019-03-17,70.78,71.12,70.4438,70.83,4803271,0.0
2019-03-18,70.95,71.7,70.87,71.38,5758277,0.0
2019-03-19,71.8,72.4,71.34,71.63,7601891,0.0
2019-03-20,71.32,72.435,71.32,72.25,6624152,0.0
2019-03-21,72.05,72.41,71.69,71.95,5748186,0.0
2019-03-24,72,72.4755,71.73,72.32,5603940,0.0
2019-03-25,72.72,73.19,72.33,72.97,6599524,0.0
2019-03-26,72.94,73.26,72.62,72.74,5746934,0.0
2019-03-27,72.97,73.98,72.89,73.96,5915516,0.0
2019-03-28,74.05,74.4801,73.53,74.34,5867222,0.0
2019-03-31,74.71,74.93,73.74,73.95,3034429,0.0
2019-04-01,74.01,74.45,73.84,74.265,4741617,0.0
2019-04-02,74.56,74.78,73.87,74.32,5640592,0.0
2019-04-03,74.5,74.67,73.98,74.36,4850162,0.0
2019-04-04,74.35,75.08,74.35,75.02,4427880,0.0
2019-04-07,74.47,75.3,74.47,75.2,4320158,0.0
2019-04-08,74.87,75.23,74.8,75.13,4157278,0.0
2019-04-09,75.21,75.815,75.21,75.49,4441683,0.0
2019-04-10,75.75,76.07,75.65,75.87,4694049,0.0
2019-04-11,76.1,76.95,76.07,76.65,4488514,0.0
2019-04-14,76.67,76.7,76.08,76.15,5729969,0.0
2019-04-15,76.48,76.56,75.365,75.715,7533403,0.0
2019-04-16,75.61,75.96,74.8,75.12,7031033,0.0
2019-04-17,75.32,76.26,75.21,76.07,5767990,0.0
2019-04-21,75.71,76.06,75.21,75.4,4454643,0.0
2019-04-22,75.48,76.06,75.41,76,4466082,0.0
2019-04-23,76.05,76.88,75.91,76.43,6211270,0.0
2019-04-24,76.11,77.23,75.95,77.0766,8813965,0.0
2019-04-25,76.95,77.52,75.06,77.51,11376587,0.0
2019-04-28,77.3,77.67,76.59,76.88,4630425,0.0
2019-04-29,77,77.79,76.69,77.69,6406266,0.0
2019-04-30,77.67,78.15,77.37,77.51,5700783,0.0
2019-05-01,77.66,77.76,76.75,77.46,5451529,0.0
2019-05-02,77.59,78.4,77.34,78.06,4355858,0.0
2019-05-05,77.2,78.08,77.02,78.06,5112209,0.0
2019-05-06,77.57,78.74,77.42,77.96,7136807,0.0
2019-05-07,77.58,78.64,77.12,78.04,6640158,0.0
2019-05-08,77.79,78.23,77.345,77.91,6270945,0.0
2019-05-09,77.63,78.8,77.16,78.44,5698976,0.0
2019-05-12,77.25,77.78,76.08,76.66,8240261,0.0
2019-05-13,76.75,77.74,76.68,77.055,5836407,0.0
2019-05-14,76.69,77.94,76.525,77.77,4628664,0.0
2019-05-15,77.66,79.24,77.57,78.9,5929878,0.0
2019-05-16,78.52,79.6501,78.37,78.9,6595047,0.0
2019-05-19,78.3,78.42,76.57,76.66,10116789,0.0
2019-05-20,77.05,77.85,76.75,77.56,5156542,0.0
2019-05-21,77.2,77.715,76.91,77.25,4986297,0.0
2019-05-22,76.88,76.94,75.69,76.41,7477622,0.0
2019-05-23,76.83,77.06,75.97,76.16,4674134,0.0
2019-05-27,76.36,76.68,75.32,75.7,8011948,0.0
2019-05-28,75.33,75.49,74.33,75.33,9774816,0.0
2019-05-29,75.65,76.43,75.63,76.17,5869452,0.0
2019-05-30,75.6,76.32,75.38,76.06,6248970,0.0
2019-06-02,76.12,76.53,75.65,76.21,6040247,0.0
2019-06-03,76.77,78.755,76.66,78.52,9397714,0.0
2019-06-04,78.79,79.97,78.66,79.96,6429450,0.0
2019-06-05,80.03,81.63,79.9,81.41,8692201,0.0
2019-06-06,81.6,83.33,81.51,82.47,8399512,0.0
2019-06-09,82.85,82.86,81.38,81.92,6094412,0.0
2019-06-10,82.3,82.86,81.85,82.37,5433858,0.0
2019-06-11,82.59,83.67,82.32,82.94,5445489,0.0
2019-06-12,83.33,84.05,83.02,83.36,10855869,0.0
2019-06-13,83.54,84.61,83.4,84.25,13456068,0.0
2019-06-16,84.65,84.69,82.8949,83,8371438,0.0
2019-06-17,83.55,84.11,82.885,82.92,9430156,0.0
2019-06-18,83.16,83.92,82.08,83.8,4446990,0.0
2019-06-19,84.41,84.8292,83.83,84.68,4107548,0.0
2019-06-20,84.43,84.7701,83.81,83.82,6513900,0.0
2019-06-23,84.08,84.56,83.61,83.65,5106101,0.0
2019-06-24,84.2,85.2,83.96,84.25,6454007,0.0
2019-06-25,84.3,84.3,83.18,83.39,5469423,0.0
2019-06-26,83.55,83.89,83.21,83.56,4263777,0.0
2019-06-27,83.43,83.96,83.32,83.82,4850696,0.0
2019-06-30,84.62,84.96,84.03,84.57,6486021,0.0
2019-07-01,84.74,85.59,84.52,85.5,4860989,0.0
2019-07-02,86.04,87.82,85.98,87.7995,5936365,0.0
2019-07-04,87.5,87.8855,86.88,87.79,4422212,0.0
2019-07-07,87.6,87.95,87.18,87.43,4169321,0.0
2019-07-08,87.29,87.65,86.89,87.23,4125123,0.0
2019-07-09,87.42,88.54,87.42,88.38,4445451,0.0
2019-07-10,88.66,89.28,88.265,89.07,4301007,0.0
2019-07-11,89.28,89.82,88.85,89.77,4754743,0.0
2019-07-14,89.87,90.34,89.66,90.16,4323105,0.0
2019-07-15,90.22,90.48,89.59,90.08,4870988,0.0
2019-07-16,90.08,90.38,89.7278,90.26,4154220,0.0
2019-07-17,90.33,91.54,89.95,91.499,6017990,0.0
2019-07-18,91.45,91.61,90.2342,90.29,8154643,0.0
2019-07-21,90.52,91.18,90.05,90.92,5022826,0.0
2019-07-22,91.25,91.36,89.17,90.12,6534224,0.0
2019-07-23,89.9,90.75,89.68,90.65,4785164,0.0
2019-07-24,91.49,91.55,90.47,91.06,6386462,0.0
2019-07-25,96.4,99.72,95.21,99.11,19175347,0.0
2019-07-28,98.05,98.94,97.208,98.02,10015405,0.0
2019-07-29,97.69,98.275,96.52,96.65,6513282,0.0
2019-07-30,96.5,96.65,93.5,94.68,8440209,0.0
2019-07-31,95,97.58,94.58,95.38,7657147,0.0
2019-08-01,95,96.04,94.8,95.51,4955120,0.0
2019-08-04,94.51,95.52,93.03,93.69,7273212,0.0
2019-08-05,94.31,95.71,93.8,95.31,6299439,0.0
2019-08-06,94.6,95.7,94.17,95.19,5418240,0.0
2019-08-07,95.23,96.4133,94.435,96.28,6306429,0.0
2019-08-08,96.15,96.84,95.42,96.3,4182198,0.0
2019-08-11,95.78,96.02,94.3,94.9,4920264,0.0
2019-08-12,94.52,96.67,94.21,96.63,7529752,0.0
2019-08-13,95.91,97.0238,94.87,94.91,7616692,0.0
2019-08-14,95.5,96.27,94.61,95.54,4874121,0.0
2019-08-15,96.24,96.83,95.8525,96.51,4371105,0.0
2019-08-18,97.23,97.4071,96.2203,96.66,4779009,0.0
2019-08-19,96.35,97.12,95.59,95.62,6128889,0.0
2019-08-20,96.27,96.65,95.73,96.32,4205544,0.0
2019-08-21,96.59,96.85,95.7,96.51,4160577,0.0
2019-08-22,96.41,97.1,94.39,94.81,6764494,0.0
2019-08-25,95.38,96.5,95,96.5,4977921,0.0
2019-08-26,96.75,97.1,96.03,96.08,4384100,0.0
2019-08-27,96.23,97.21,96,97.06,4127066,0.0
2019-08-28,97.85,98.07,97.06,97.69,4003324,0.0
2019-08-29,98.14,98.14,96.105,96.54,4238659,0.0
2019-09-02,96.42,97.21,96.05,96.77,4286499,0.0
2019-09-03,94.48,96.3258,93.032,96.11,11624229,0.0
2019-09-04,96.54,96.96,95.17,95.57,4925399,0.0
2019-09-05,95.75,96.34,95.51,95.75,3211209,0.0
2019-09-08,95.8,95.93,93.74,94.15,4551600,0.0
2019-09-09,93.81,93.88,89.3033,90.36,11239934,0.0
2019-09-10,90.18,91.45,89.61,90.97,7389640,0.0
2019-09-11,92.16,93.315,91.77,92.07,6132339,0.0
2019-09-12,92.145,92.145,90.315,90.46,5851647,0.0
2019-09-15,90.02,90.45,89.3769,89.42,4283081,0.0
2019-09-16,89.67,91.46,89.65,90.74,5499403,0.0
2019-09-17,90.98,91.36,90.06,91.01,3684913,0.0
2019-09-18,90.99,92.1,90.3,91.57,4123928,0.0
2019-09-19,91.61,92.08,90.06,90.06,7778880,0.0
2019-09-22,90.32,91.16,89.93,90.81,3807272,0.0
2019-09-23,91.6,91.77,89.51,89.96,4326891,0.0
2019-09-24,89.94,90.61,89.02,90.39,4020627,0.0
2019-09-25,90.84,91.15,89.5,89.79,3866356,0.0
2019-09-26,90.3,90.3,87.79,88.36,5093058,0.0
2019-09-29,88.41,88.56,87.61,88.43,5202935,0.0
2019-09-30,88.63,88.894,86.45,86.52,5967932,0.0
2019-10-01,85.95,86.01,84.16,84.33,8618247,0.0
2019-10-02,84.3,84.91,83.61,84.66,5142083,0.0
2019-10-03,84.9,85.97,84.746,85.92,7796863,0.0
2019-10-06,85.71,86.16,85.49,85.86,7817837,0.0
2019-10-07,85.49,86.33,84.69,84.9,9900639,0.0
2019-10-08,85.37,86.17,85.28,85.83,7749522,0.0
2019-10-09,85.91,86.0658,85.38,85.97,6707550,0.0
2019-10-10,87.02,87.25,86.26,86.35,9927953,0.0
2019-10-13,86.505,87.68,86.49,86.62,8254613,0.0
2019-10-14,87,87.25,85.76,86.42,8197041,0.0
2019-10-15,86.53,86.83,86.045,86.75,6382355,0.0
2019-10-16,86.88,87.02,86.16,86.29,7654172,0.0
2019-10-17,86.35,86.75,85.52,86,8658491,0.0
2019-10-20,86.031,86.24,85.0801,85.35,3458371,0.0
2019-10-21,85.23,85.35,83.39,83.43,5064131,0.0
2019-10-22,84.31,84.41,82.1262,82.74,5871014,0.0
2019-10-23,82.8,83.53,82.6605,83.19,3746751,0.0
2019-10-24,83.21,83.565,82.63,83.34,4613488,0.0
2019-10-27,84.47,84.98,83.36,83.6,5652435,0.0
2019-10-28,83.81,84.63,83.64,84.1,4966035,0.0
2019-10-29,84.61,84.7,83.32,84.25,7578674,0.0
2019-10-30,86.71,87.22,83.28,84.56,11185251,0.0
2019-10-31,84.79,85.31,82.61,83.25,9820665,0.0
2019-11-03,83.3,83.435,81.9,82.39,7099736,0.0
2019-11-04,82.34,82.34,81.0301,81.88,6364014,0.0
2019-11-05,81.99,83.37,81.99,83,5554151,0.0
2019-11-06,83.06,83.29,81.84,81.95,6065840,0.0
2019-11-07,82.19,82.64,81.45,81.77,6303969,0.0
2019-11-10,81.75,82.5312,81.37,82.44,5157663,0.0
2019-11-11,82.69,83.976,82.605,83.32,7762993,0.0
2019-11-12,83.29,84.29,83.2,83.96,6337808,0.0
2019-11-13,84.1,84.52,83.8,84.37,4762329,0.0
2019-11-14,84.68,84.94,83.57,84.22,6971909,0.0
2019-11-17,83.92,84.11,83.2505,84.02,5619366,0.0
2019-11-18,84.06,84.28,83.5708,83.66,5085630,0.0
2019-11-19,83.54,84.49,82.98,83.6,5139901,0.0
2019-11-20,83.75,84.04,81.762,82.28,7360328,0.0
2019-11-21,82.69,83.39,82.66,83,5282176,0.0
2019-11-24,83.16,84,82.93,83.77,4627371,0.0
2019-11-25,84.13,84.65,84,84.55,5270524,0.0
2019-11-26,84.85,85.81,84.42,85.74,5987623,0.0
2019-11-28,85.91,86.73,85.25,85.44,3384016,0.0
2019-12-01,85.38,85.77,83.82,84.58,5840668,0.0
2019-12-02,84.03,85,83.8213,84.83,4984236,0.0
2019-12-03,85.13,85.54,84.7048,85.4,5337286,0.0
2019-12-04,85.44,85.4826,84.32,84.46,4479138,0.0
2019-12-05,85.03,86.53,85.03,86.33,7692978,0.0
2019-12-08,86.31,86.63,85.96,86.29,6107339,0.0
2019-12-09,86.5,87.465,85.91,86.06,6690208,0.0
2019-12-10,86.26,86.8699,85.85,86.59,4221626,0.0
2019-12-11,88,88.8868,87.54,88.22,9706628,0.0
2019-12-12,88.02,88.7897,87.58,88.685,6190513,0.0
2019-12-15,89.18,89.3,88.43,88.76,4934774,0.0
2019-12-16,88.87,88.97,87.47,88.15,6431273,0.0
2019-12-17,88.39,88.85,87.815,87.99,4723866,0.0
2019-12-18,87.83,88.585,87.58,88.49,4348002,0.0
2019-12-19,88.785,89,87.89,88.47,9248953,0.0
2019-12-22,88.62,88.85,88.175,88.22,3584566,0.0
2019-12-23,88.2,88.5977,88,88.52,1655393,0.0
2019-12-25,88.73,88.76,87.79,88.08,3769618,0.0
2019-12-26,88.11,88.46,87.69,88.13,3588730,0.0
2019-12-29,88.01,88.2,87.06,87.43,3818008,0.0
2019-12-30,87.44,87.99,87.31,87.92,3003306,0.0
2020-01-01,88.12,89.35,88.05,89.35,5226291,0.0
2020-01-02,88.66,89.1,88.1,88.83,3882007,0.0
2020-01-05,88.11,88.41,87.47,88.13,4466353,0.0
2020-01-06,87.96,88.03,87.13,87.87,4227672,0.0
2020-01-07,87.94,89.35,87.78,88.89,5931299,0.0
2020-01-08,90.25,91.16,90.07,90.51,8176256,0.0
2020-01-09,90.59,90.89,89.63,90.16,6356691,0.0
2020-01-12,90.62,91.715,90.21,91.08,6128242,0.0
2020-01-13,91.19,91.44,90.86,90.99,5084193,0.0
2020-01-14,91,92.06,91,91.55,5413178,0.0
2020-01-15,91.99,92.61,91.63,92.59,3823018,0.0
2020-01-16,92.93,93.75,92.8099,93.61,5849274,0.0
2020-01-20,92.83,93.595,92.19,92.54,11264883,0.0
2020-01-21,93.14,93.75,92.47,92.52,9134605,0.0
2020-01-22,91.92,93.85,90.74,93.74,9661706,0.0
2020-01-23,94,94.13,91.34,92.03,14213060,0.0
2020-01-26,88.63,89.45,87.55,88.73,9553946,0.0
2020-01-27,89.05,89.188,87.72,88.6,9627148,0.0
2020-01-28,88.15,88.44,85.6,86.76,15578238,0.0
2020-01-29,85.45,86.59,84.69,85.84,11520282,0.0
2020-01-30,85.58,85.9924,84.52,84.84,10048882,0.0
2020-02-02,85.07,86.7863,85.07,86,7381041,0.0
2020-02-03,87.14,89,86.62,88.38,8933676,0.0
2020-02-04,88.88,89.2,86.63,87.56,8471224,0.0
2020-02-05,87.56,87.695,86.15,86.15,7138592,0.0
2020-02-06,85.78,86.62,85.315,86.42,6140376,0.0
2020-02-09,86.43,87.6175,86.1675,87.54,5139302,0.0
2020-02-10,87.86,88.2299,87.35,87.51,4439542,0.0
2020-02-11,88.01,89.1,87.39,88.56,6144341,0.0
2020-02-12,88.5,90.505,88.26,89.92,7698645,0.0
2020-02-13,90.18,90.4099,88.99,89.3,4942386,0.0
2020-02-17,89.37,89.47,88.29,89.24,4730587,0.0
2020-02-18,89.5,90.435,89.3,90.14,4078167,0.0
2020-02-19,89.73,90.25,87.73,88.63,5312993,0.0
2020-02-20,88,88.39,87,87.36,5224516,0.0
2020-02-23,84.53,86.0513,84.26,84.51,7217419,0.0
2020-02-24,85.02,85.35,81.67,82.19,7961849,0.0
2020-02-25,82.6,83.24,80.64,80.66,8940250,0.0
2020-02-26,78.83,80.87,77.36,78.27,15306903,0.0
2020-02-27,76.17,78.81,75.72,78.43,16208070,0.0
2020-03-01,77.92,82.41,77.66,82.4,12844068,0.0
2020-03-02,82.3,82.615,78.11,78.64,11016736,0.0
2020-03-03,79.29,80.2,77.88,79.67,9705433,0.0
2020-03-04,77.9,77.9,75.28,76.19,11300212,0.0
2020-03-05,73.46,75.71,72.05,75.33,15588280,0.0
2020-03-08,70.5,74.03,70.08,70.8,28464938,0.0
2020-03-09,72.56,74.95,70.03,74.9,16934604,0.0
2020-03-10,72.85,74.27,67.4,68.1,31776280,0.0
2020-03-11,62.9535,66.793,61.46,62.1,43505708,0.0
2020-03-12,65.65,70.18,63.51,70.05,34347354,0.0
2020-03-15,60.4,63.949,58.11,58.41,43140248,0.0
2020-03-16,59.55,59.6199,53.61,58.98,22861745,0.0
2020-03-17,55.55,57.65,50.02,56.36,46606716,0.0
2020-03-18,56.23,63.36,53.55,61.39,23536332,0.0
2020-03-19,62.3,65.68,57.91,57.99,26585846,0.0
2020-03-22,57.23,57.44,54,56.51,46725716,0.0
2020-03-23,62.61,65.16,61,64.91,26569086,0.0
2020-03-24,67.12,69.64,63.4927,65.81,20856890,0.0
2020-03-25,66.71,71.58,66.25,70.17,37950187,0.0
2020-03-26,66.68,68.25,64.8202,66.35,16809800,0.0
2020-03-29,66.56,68.2199,64.58,67.86,12369802,0.0
2020-03-30,67.18,68.32,65.31,65.73,29467358,0.0
2020-03-31,63,64.76,61.58,62.63,11968035,0.0
2020-04-01,65.75,68.7,62.91,65.03,17062572,0.0
2020-04-02,64.47,64.75,60.9,63.1,18039800,0.0
2020-04-05,65.82,68.34,64.41,67.8,31294440,0.0
2020-04-06,71.5676,72.48,68.335,68.83,26028204,0.0
2020-04-07,69.58,71.92,68.5377,71.56,18384920,0.0
2020-04-08,71.2,74.255,70.14,73.88,37502002,0.0
2020-04-12,73.5203,73.6,70.35,71.76,9705316,0.0
2020-04-13,73.69,74.33,72.66,73.67,10044717,0.0
2020-04-14,72.01,73.175,70.71,72.55,36526102,0.0
2020-04-15,73.11,73.76,71.345,73.53,20460694,0.0
2020-04-16,76.62,77.39,74.97,77.08,37970844,0.0
2020-04-19,76.02,76.98,75.085,75.32,26786965,0.0
2020-04-20,73.4,73.96,71.74,72.75,28355266,0.0
2020-04-21,74.55,78.05,74.43,77.49,36974022,0.0
2020-04-22,77.33,77.67,74.26,75.16,28303665,0.0
2020-04-23,75.75,76.03,74.21,75.588,21945611,0.0
2020-04-26,76.68,78.04,76.54,77.75,29805227,0.0
2020-04-27,78.67,79.61,76.96,78.69,11010744,0.0
2020-04-28,78.18,78.75,76.72,76.9,23084482,0.0
2020-04-29,76.83,77.64,75.19,76.74,25542940,0.0
2020-04-30,74.9,75.8799,73.21,73.7937,9998775,0.0
2020-05-03,72.58,72.62,71.255,71.85,22742931,0.0
2020-05-04,74.96,75.08,72.89,72.9103,12037418,0.0
2020-05-05,73.767,74.975,72.86,72.98,11329239,0.0
2020-05-06,73.81,76.03,73.37,76.01,11731926,0.0
2020-05-07,77.25,77.93,75.76,77.92,19469966,0.0
2020-05-10,76.62,77.18,75.795,75.88,7573750,0.0
2020-05-11,76,76.73,74.34,74.34,7573155,0.0
2020-05-12,74.46,75.75,72.92,73.62,21530136,0.0
2020-05-13,72.32,74.29,70.65,74.24,21499824,0.0
2020-05-14,72.81,74.64,72.6746,74.16,8265274,0.0
2020-05-17,76.86,77.5,76.2,76.23,15577728,0.0
2020-05-18,76.4,77.225,75.76,75.86,5772802,0.0
2020-05-19,77.23,77.84,76.52,77.77,6752970,0.0
2020-05-20,78.6,79.375,77.89,78.08,9132478,0.0
2020-05-21,77.9,78.05,76.52,77.62,7070901,0.0
2020-05-25,79.6,79.92,77.575,77.77,14487976,0.0
2020-05-26,78.98,78.98,77.385,78.59,7389115,0.0
2020-05-27,78.64,80.06,77.93,78.54,7493704,0.0
2020-05-28,78.62,78.64,77.26,77.87,15714653,0.0
2020-05-31,77.66,78.65,76.77,78.34,13620772,0.0
2020-06-01,77.97,78.255,76.79,77.79,8707994,0.0
2020-06-02,78.45,79.95,78.3,79.59,18038184,0.0
2020-06-03,79.31,80.17,78.47,78.74,6429072,0.0
2020-06-04,80.33,82.33,79.97,82.14,20199728,0.0
2020-06-07,83.08,83.62,82.1828,83.57,17221208,0.0
2020-06-08,82.62,83.22,81.76,82.38,12393798,0.0
2020-06-09,79.88,80.025,78.2,79.01,36271878,0.0
2020-06-10,75.75,76.79,72.15,72.57,24503504,0.0
2020-06-11,75,75.6598,74.09,74.15,5738166,0.0
2020-06-14,74.3,77.91,74.08,76.97,13174011,0.0
2020-06-15,78.79,78.9435,76.39,77.86,18894209,0.0
2020-06-16,78.07,78.29,76.68,77.1,11542477,0.0
2020-06-17,76.72,76.79,75.795,76.305,7386996,0.0
2020-06-18,77.03,77.375,74.88,75.465,9284786,0.0
2020-06-21,74.9,75.651,73.92,75.41,7219429,0.0
2020-06-22,76.33,76.37,75.07,75.49,7197298,0.0
2020-06-23,74.9,74.92,72,73.72,11092496,0.0
2020-06-24,73.2157,74.105,72.17,73.85,7796240,0.0
2020-06-25,73.63,73.77,71.25,71.53,10212002,0.0
2020-06-28,71.4091,73.5,71.06,73.485,7828382,0.0
2020-06-29,73.58,73.88,72.81,73.59,8181292,0.0
2020-06-30,74,74.69,73.38,74.03,6227895,0.0
2020-07-01,75.04,75.09,73.64,73.77,5974648,0.0
2020-07-05,74.93,75.48,74.16,75.43,6109558,0.0
2020-07-06,75.13,75.23,74,74.27,6604439,0.0
2020-07-07,74.07,74.499,73.33,74.11,6525321,0.0
2020-07-08,73.73,74.22,71.93,73.59,9002672,0.0
2020-07-09,73,74.56,72.74,74.29,6899142,0.0
2020-07-12,74.5601,74.84,72.49,72.69,8734376,0.0
2020-07-13,72,72.97,71.815,72.72,7923194,0.0
2020-07-14,74.46,75.805,73.96,75.6,9370210,0.0
2020-07-15,74.9,75.14,73.68,74.41,5576964,0.0
2020-07-16,74.43,74.55,73.2101,74.16,5351547,0.0
2020-07-19,74.16,75.22,73.6305,74.96,8100136,0.0
2020-07-20,75.78,76.8,75.27,75.42,8917685,0.0
2020-07-21,75.52,77.325,75.12,77.23,8180463,0.0
2020-07-22,76.88,77.07,74.97,75.37,4895552,0.0
2020-07-23,75.28,75.995,75.11,75.78,5274801,0.0
2020-07-26,75.886,76.705,75.54,76.46,5733087,0.0
2020-07-27,76.3,76.39,74.5604,74.8,9516174,0.0
2020-07-28,77.56,78.49,76.9,77.42,14183951,0.0
2020-07-29,76.63,76.98,75.4,76.63,7503946,0.0
2020-07-30,76.24,76.54,75.48,76.54,6209578,0.0
2020-08-02,76.48,76.6,75.44,75.5,4718164,0.0
2020-08-03,75.37,75.485,74.76,75.14,11884714,0.0
2020-08-04,75.35,75.99,75.325,75.78,7174172,0.0
2020-08-05,75.2,75.92,74.9412,75.64,5969362,0.0
2020-08-06,75.48,75.93,75.21,75.77,5877319,0.0
2020-08-09,76.52,77.665,76.12,77.47,5211789,0.0
2020-08-10,78.27,79.98,78,78.88,8983731,0.0
2020-08-11,79.59,79.69,78.665,79.29,4734462,0.0
2020-08-12,78.92,79.6401,78.84,79.01,4106689,0.0
2020-08-13,78.54,78.93,78.02,78.38,3371303,0.0
2020-08-16,78.6,78.96,78.12,78.96,4485020,0.0
2020-08-17,79.15,79.36,78.35,78.99,4582548,0.0
2020-08-18,79.1832,79.385,77.43,77.64,6084180,0.0
2020-08-19,77.03,77.65,76.4602,77.22,4664280,0.0
2020-08-20,76.94,77.27,76.69,77.07,5012302,0.0
2020-08-23,77.71,79.14,77.25,78.7,5309473,0.0
2020-08-24,80.06,83.065,79.79,82.73,15961107,0.0
2020-08-25,82.42,82.75,81.88,82.4,6990536,0.0
2020-08-26,82.75,83.635,82.5,83.45,8671840,0.0
2020-08-27,83.79,85.29,83.43,85.03,8534339,0.0
2020-08-30,84.6315,85.36,84.025,84.46,5108797,0.0
2020-08-31,84.7,86.09,84.23,86.07,7500682,0.0
2020-09-01,86.505,88.75,86.29,88.35,10227792,0.0
2020-09-02,88.6017,88.98,85.69,86.49,10081601,0.0
2020-09-03,87.0945,87.78,85.31,86.26,9457542,0.0
2020-09-07,85.27,87.5834,84.77,85.39,10065836,0.0
2020-09-08,85.9335,86.827,84.46,85.85,6035258,0.0
2020-09-09,86.72,87.05,84.5275,84.86,5946083,0.0
2020-09-10,84.95,85.85,84.15,85.29,5829575,0.0
2020-09-13,85.7516,87.055,85.64,86.63,4723562,0.0
2020-09-14,87.18,88.25,87.1706,87.715,7527465,0.0
2020-09-15,88,89.43,87.75,88.38,6226628,0.0
2020-09-16,87.05,87.32,85.355,86.79,6477085,0.0
2020-09-17,86.81,87.24,84.6,84.875,7375663,0.0
2020-09-20,82.86,83.95,81.75,83.91,6421623,0.0
2020-09-21,84.05,84.39,83.175,83.935,3840168,0.0
2020-09-22,84.38,84.9,82.82,83.01,5498632,0.0
2020-09-23,82.63,84.14,81.92,83.04,4398705,0.0
2020-09-24,82.53,84.69,82.22,84.31,5113680,0.0
2020-09-27,85.52,86.24,84.99,86.09,4973466,0.0
2020-09-28,86.25,86.25,84.625,84.8,3492158,0.0
2020-09-29,86.63,87.16,85.47,85.86,6740032,0.0
2020-09-30,87.04,87.45,86.195,86.75,5643468,0.0
2020-10-01,85.15,87.13,85.09,86.57,4620342,0.0
2020-10-04,87.54,88.675,87.2,88.46,6197378,0.0
2020-10-05,88.65,89.28,86.8,86.97,6468886,0.0
2020-10-06,87.82,88.98,87.44,88.43,4355069,0.0
2020-10-07,88.46,89.61,88.41,89.53,3943509,0.0
2020-10-08,89.8,90.33,89.58,90.02,5243448,0.0
2020-10-11,90.4595,91.1,89.9301,90.79,5017010,0.0
2020-10-12,90.58,90.85,89.78,90.15,4757136,0.0
2020-10-13,90.17,90.6,88.56,89.32,3752816,0.0
2020-10-14,88.16,88.87,87.67,88.835,4096352,0.0
2020-10-15,89.39,89.63,88.44,88.54,4029018,0.0
2020-10-18,88.7,89.57,87.36,87.61,3692545,0.0
2020-10-19,88.68,89.715,88.04,88.49,3703827,0.0
2020-10-20,88.38,89.16,88.19,88.25,3033597,0.0
2020-10-21,88.02,89.38,87.7,89.375,3581274,0.0
2020-10-22,89.8,90.96,89.44,90.79,6927270,0.0
2020-10-25,90.03,91.13,88.65,89.66,6768345,0.0
2020-10-26,89.48,90.345,89.17,90.05,6686548,0.0
2020-10-27,88.65,88.95,86.61,87.2,10720644,0.0
2020-10-28,87.17,89.11,86.61,88.29,6911426,0.0
2020-10-29,87.75,88.39,85.63,86.95,9872057,0.0
2020-11-01,87.54,87.765,85.45,85.97,7063220,0.0
2020-11-02,86.7778,89.06,86.18,88.35,5765120,0.0
2020-11-03,88.9,91.285,88.74,89.77,8935590,0.0
2020-11-04,90.69,91.16,89.9,90.62,4921109,0.0
2020-11-05,90.15,91.2,89.78,90.65,5529906,0.0
2020-11-08,97.32,97.65,95.64,95.84,13776306,0.0
2020-11-09,93.74,95.27,93.14,93.92,8659522,0.0
2020-11-10,94.11,95.83,94.02,95.03,7172720,0.0
2020-11-11,94.66,94.755,92.66,93.55,5849348,0.0
2020-11-12,94.38,95.54,93.7,95.51,3663745,0.0
2020-11-15,96.79,97.675,96.02,97.18,5358882,0.0
2020-11-16,97.21,98.775,96.805,98.63,7059291,0.0
2020-11-17,98.63,99.3264,97.91,97.94,4971143,0.0
2020-11-18,97.24,97.92,96.86,97.75,3768201,0.0
2020-11-19,97.42,97.5388,96.9522,97,3957469,0.0
2020-11-22,97.62,97.86,96.42,96.91,4104236,0.0
2020-11-23,97.51,98.72,97.4,98.32,5280908,0.0
2020-11-24,98.5,98.54,97.94,98.19,3420434,0.0
2020-11-26,98.48,98.975,98.28,98.66,1799452,0.0
2020-11-29,98.2,98.29,96.96,98.03,3814022,0.0
2020-11-30,99,99.26,98.25,98.81,4366300,0.0
2020-12-01,98.51,99.04,98.2133,98.9,2875691,0.0
2020-12-02,99.02,101,98.965,100.13,5428247,0.0
2020-12-03,101.35,102.94,101.07,102.28,6280647,0.0
2020-12-06,102.01,102.22,100.69,101.42,3408763,0.0
2020-12-07,100.37,101.57,100.01,101.2,3121055,0.0
2020-12-08,101.94,102.21,100.1,100.34,5138146,0.0
2020-12-09,103.5077,106.09,102.75,105.38,11832904,0.0
2020-12-10,104.405,104.78,102.33,103,5365947,0.0
2020-12-13,103.83,104.71,103.25,103.31,3727766,0.0
2020-12-14,104.24,104.8586,103.78,104.19,3435844,0.0
2020-12-15,104.1,104.8,102.72,103.27,5332386,0.0
2020-12-16,103.55,104.04,102.61,103.21,3778866,0.0
2020-12-17,103.33,104.11,102.95,103.26,4778108,0.0
2020-12-20,101.22,103.15,100.02,102.935,5071994,0.0
2020-12-21,102.12,103.17,101.892,102.4016,3292073,0.0
2020-12-22,102.29,102.685,101.965,102,2830221,0.0
2020-12-23,102.3,102.36,101.68,101.97,1813735,0.0
2020-12-27,102.92,104.38,102.31,104.36,4442517,0.0
2020-12-28,104.8873,105.78,104.47,105.62,4178560,0.0
2020-12-29,105.99,106.62,105.7801,105.97,3114295,0.0
2020-12-30,106,107.14,105.615,106.99,2817605,0.0
2021-01-03,107.66,107.75,102.1401,103.07,6563301,0.0
2021-01-04,102.92,104.26,102.8,103.44,4309592,0.0
2021-01-05,102.99,105.21,102.905,104.19,4132572,0.0
2021-01-06,104.49,104.64,102.95,103.32,4019151,0.0
2021-01-07,103.86,105.76,103.42,105.68,4545490,0.0
2021-01-10,105.1,105.64,104.27,104.65,3394924,0.0
2021-01-11,104.01,104.32,102.306,102.86,3671778,0.0
2021-01-12,102.32,103.38,101.49,102.9,3784380,0.0
2021-01-13,103.8,104.19,101.7127,101.82,3523624,0.0
2021-01-14,101.38,102.69,101.21,102.35,3870401,0.0
2021-01-18,102.7969,103.6,101.34,102.54,5280978,0.0
2021-01-19,102.41,105.85,102.2,105.46,4995069,0.0
2021-01-20,105.46,105.49,104.45,104.58,4508975,0.0
2021-01-21,104.1587,104.47,103.062,103.88,4065225,0.0
2021-01-24,103.745,103.95,102.1694,103.44,4347737,0.0
2021-01-25,103.4,105.21,103.24,104.68,6091303,0.0
2021-01-26,101.48,101.78,96.73,97.94,16996995,0.0
2021-01-27,98.935,100.53,98.1,98.11,7102615,0.0
2021-01-28,97.385,97.79,95.92,96.8,6649273,0.0
2021-01-31,96.99,99.62,96.92,98.52,6452685,0.0
2021-02-01,99.05,102.48,98.783,101.65,6071375,0.0
2021-02-02,101.25,102.65,100.81,101.01,3356993,0.0
2021-02-03,101.36,104.24,101.11,103.64,5862284,0.0
2021-02-04,105.0871,107.5399,104.7823,106.47,7040470,0.0
2021-02-07,106.42,106.53,105.34,106.265,4125067,0.0
2021-02-08,106,106.83,105.22,106.22,3520141,0.0
2021-02-09,106.78,106.9,104.93,105.87,3713372,0.0
2021-02-10,106.115,106.23,105.03,105.86,2624451,0.0
2021-02-11,105.74,105.94,104.72,105.29,2703116,0.0
2021-02-15,104.88,106.59,104.7,106.14,3354093,0.0
2021-02-16,105.105,105.46,104.15,104.45,5082397,0.0
2021-02-17,103.775,105.34,103.41,104.925,3156239,0.0
2021-02-18,104.75,105.28,103.22,103.37,3258119,0.0
2021-02-21,102.99,102.99,101.75,101.81,4616720,0.0
2021-02-22,103.34,103.34,99.93,101.37,8136812,0.0
2021-02-23,101.16,104.51,100.6,104.35,6759899,0.0
2021-02-24,104,105.77,103.11,103.47,6726172,0.0
2021-02-25,104.15,109.48,103.68,108.03,13334218,0.0
2021-02-28,108.6,110.47,106.54,106.87,7041746,0.0
2021-03-01,107.31,108.2499,105.82,107.2,4299904,0.0
2021-03-02,106.94,107.96,106.12,106.21,4493353,0.0
2021-03-03,106.26,107.17,103.85,104.9,6199712,0.0
2021-03-04,106.06,106.06,102.75,105.15,4732430,0.0
2021-03-07,104.8,106.89,104.23,105.03,4263442,0.0
2021-03-08,106.28,107.97,105.83,106.54,4269991,0.0
2021-03-09,107.22,109.07,106.96,107.78,5660089,0.0
2021-03-10,108.41,108.57,107.26,107.31,3777606,0.0
2021-03-11,107.42,107.99,106.58,107.81,2774337,0.0
2021-03-14,107.89,108.95,107.06,108.9,5837765,0.0
2021-03-15,110.568,112.34,109.89,111.34,10133983,0.0
2021-03-16,111.31,111.46,108.9327,110.47,9399365,0.0
2021-03-17,109.28,110.27,107.5,107.62,7084897,0.0
2021-03-18,108.35,108.85,105.825,106.16,10702538,0.0
2021-03-21,106.4,108.42,106,107.57,5631455,0.0
2021-03-22,107.74,107.9477,105.6738,106.28,4937852,0.0
2021-03-23,106.6,107.28,104.94,104.94,4857899,0.0
2021-03-24,105,107.7,104.06,107.33,7248341,0.0
2021-03-25,107.25,110,107.175,109.91,4910062,0.0
2021-03-28,109.03,110.25,106.59,109.13,4370583,0.0
2021-03-29,108.42,110.45,108.28,110.27,3723305,0.0
2021-03-30,110.33,111.6199,109.19,109.27,4854524,0.0
2021-03-31,110.01,110.06,108.2,109.38,4987857,0.0
2021-04-04,109.9,111.35,109.87,111.03,5272896,0.0
2021-04-05,111.38,113.82,111.095,113.17,5934732,0.0
2021-04-06,112.91,113.73,112.65,113.2,3499172,0.0
2021-04-07,113.65,113.96,112.6799,113.04,3291702,0.0
2021-04-08,112.89,113.27,111.97,113.18,3062344,0.0
2021-04-11,113.02,113.89,112.77,113.81,3444118,0.0
2021-04-12,113.78,115.6,113.682,115.37,3801715,0.0
2021-04-13,115.22,116.235,114.72,115.12,3250805,0.0
2021-04-14,115.1,116.89,114.78,116.67,3715934,0.0
2021-04-15,117.82,118.5,116.94,118.34,4625279,0.0
2021-04-18,118.26,118.98,117.04,117.66,4082135,0.0
2021-04-19,116.8,117.2594,115.35,116.28,4594052,0.0
2021-04-20,116.07,117.26,115.86,116.7,3593090,0.0
2021-04-21,116.75,116.88,115.225,115.93,5057330,0.0
2021-04-22,116.06,117.98,115.84,117.53,3646186,0.0
2021-04-25,117.02,117.25,115.06,115.92,5066020,0.0
2021-04-26,115.65,116.3899,115.27,116.2,5633721,0.0
2021-04-27,114,114.1499,111.61,112.41,13430364,0.0
2021-04-28,113.12,115.1499,112.76,114.62,8085089,0.0
2021-04-29,114.07,114.95,113.49,114.5,5473339,0.0
2021-05-02,115.37,116.74,115.13,115.72,3630735,0.0
2021-05-03,115,115.4,113.535,114.13,4716222,0.0
2021-05-04,114.17,114.88,113.16,113.49,4116770,0.0
2021-05-05,113.66,114.81,113.1,114.74,3448903,0.0
2021-05-06,115.09,115.84,114.24,114.29,4140257,0.0
2021-05-09,114.4,116.085,114.21,114.29,4877969,0.0
2021-05-10,113.31,113.69,112.17,113.52,7145075,0.0
2021-05-11,111.87,112.39,109.56,109.79,6313972,0.0
2021-05-12,110.27,111.18,109.155,110.49,6915783,0.0
2021-05-13,111.01,111.59,110.25,111.2,4692229,0.0
2021-05-16,111.23,111.27,109.83,110.98,3771878,0.0
2021-05-17,111.37,112.21,111.01,111.09,4173146,0.0
2021-05-18,109.88,109.94,108.88,109.66,5071736,0.0
2021-05-19,109.98,111.69,109.87,111.41,4575819,0.0
2021-05-20,111.58,112.22,110.57,110.92,4234171,0.0
