Date,Open,High,Low,Close,Volume,OpenInterest
2017-06-01,63.66,66,63.58,65.95,836921,0.0
2017-06-04,66.19,66.35,64.65,65.24,426174,0.0
2017-06-05,64.69,65.47,64.35,64.84,390783,0.0
2017-06-06,64.97,65.42,63.57,64.21,402173,0.0
2017-06-07,64.11,65.6547,63.705,64.76,429437,0.0
2017-06-08,64.94,65.8,64.05,64.81,616069,0.0
2017-06-11,64.89,65.74,62.99,63.26,610166,0.0
2017-06-12,63.26,63.98,62.55,62.94,355831,0.0
2017-06-13,62.79,65.13,62.33,63.95,253842,0.0
2017-06-14,63.27,64.08,62.34,64.05,786539,0.0
2017-06-15,64.28,64.7,63.625,64.5,341165,0.0
2017-06-18,57.89,63.15,57.4001,61.75,3081399,0.0
2017-06-19,61.32,63.7299,61.32,61.78,839312,0.0
2017-06-20,62.09,63.75,61.81,63.44,928386,0.0
2017-06-21,63.94,64.8,63,63.2,772734,0.0
2017-06-22,62.95,63.32,61.29,61.75,1089339,0.0
2017-06-25,55.9,57.58,53.3,56.5199,7074543,0.0
2017-06-26,56.73,57.1,51.27,51.28,3556857,0.0
2017-06-27,52,55.13,50.65,54.72,2661007,0.0
2017-06-28,54.52,54.73,52.55,53.26,931922,0.0
2017-06-29,53.83,53.83,51.74,51.74,763860,0.0
2017-07-02,51.97,52.58,51.35,52.22,494679,0.0
2017-07-04,52.22,52.65,51.13,52.53,888430,0.0
2017-07-05,52.09,52.89,50.87,51.15,1033044,0.0
2017-07-06,51.37,52.23,50.8,51.37,685789,0.0
2017-07-09,51.39,51.92,50.27,51.28,934009,0.0
2017-07-10,51.26,52.01,50.74,51.77,892423,0.0
2017-07-11,52.3,54,51.97,53.74,1004775,0.0
2017-07-12,53.73,54.84,52.815,54.09,1145265,0.0
2017-07-13,54.24,54.525,53.61,53.76,587187,0.0
2017-07-16,53.89,54.45,53.61,53.77,502633,0.0
2017-07-17,53.44,53.825,53.15,53.36,490957,0.0
2017-07-18,53.95,54.73,53.56,53.99,694047,0.0
2017-07-19,54.17,54.76,53.93,54.11,655152,0.0
2017-07-20,54.19,54.73,53.76,54.39,565138,0.0
2017-07-23,54.53,55.13,54.13,55.02,543487,0.0
2017-07-24,55.43,55.73,54.21,54.51,1037461,0.0
2017-07-25,54.72,55.14,54.42,55.02,436068,0.0
2017-07-26,54.97,55.06,52.56,52.97,963101,0.0
2017-07-27,54,54,50.16,51.14,1301893,0.0
2017-07-30,51.2,51.85,50.4,50.52,662500,0.0
2017-07-31,50.62,50.71,48.65,49.21,1044570,0.0
2017-08-01,49.15,49.665,48.06,48.5,678707,0.0
2017-08-02,48.51,49.21,48.19,49.1,676421,0.0
2017-08-03,49.21,49.6,48.64,49.15,281876,0.0
2017-08-06,49.18,49.42,48.33,48.86,714950,0.0
2017-08-07,48.86,49.87,48.5,49.06,387874,0.0
2017-08-08,48.29,49.27,48.25,48.74,417394,0.0
2017-08-09,48.47,48.5,46.1,46.2,786381,0.0
2017-08-10,45.96,46.56,45.45,46.32,818591,0.0
2017-08-13,46.72,47.33,45.88,45.9,513971,0.0
2017-08-14,45.86,47.17,45.4,46.87,1133300,0.0
2017-08-15,47.02,47.9,46.59,47.17,649688,0.0
2017-08-16,46.7,47.1677,46.2,46.42,570269,0.0
2017-08-17,46.44,47.39,46.06,46.29,442749,0.0
2017-08-20,46.45,46.48,45.31,46.2,435394,0.0
2017-08-21,46.46,47.58,46.46,47.5,401064,0.0
2017-08-22,47.13,48.42,46.99,47.65,507315,0.0
2017-08-23,47.7,47.93,47.24,47.88,440882,0.0
2017-08-24,48.14,48.3,47.17,47.24,501437,0.0
2017-08-27,47.66,48.77,47.33,48.76,579621,0.0
2017-08-28,48.52,49.3506,47.77,49.26,510833,0.0
2017-08-29,49.3,49.79,48.72,49.78,985072,0.0
2017-08-30,49.99,53.4,49.7,52.53,1637925,0.0
2017-08-31,52.53,52.98,51.72,52.52,853229,0.0
2017-09-04,52.37,52.4,51.02,51.9,486134,0.0
2017-09-05,52,52.45,51.4,51.89,633716,0.0
2017-09-06,51.8,54.19,51.46,54.19,827305,0.0
2017-09-07,53.92,53.92,52.29,53.02,635383,0.0
2017-09-10,53.76,54.62,52.91,53.65,764481,0.0
2017-09-11,53.86,53.97,52.85,53.19,651091,0.0
2017-09-12,52.96,53.68,52.73,53.43,711842,0.0
2017-09-13,53.41,53.92,52.721,53.14,517541,0.0
2017-09-14,53.52,53.81,52.6,53.79,544868,0.0
2017-09-17,53.74,53.8,52.31,52.86,1131441,0.0
2017-09-18,53.21,53.21,51.17,51.8,597330,0.0
2017-09-19,51.57,52.95,51.4095,52.85,703493,0.0
2017-09-20,52.87,52.94,51.665,52.36,965395,0.0
2017-09-21,52.4,52.55,51.96,52.47,330317,0.0
2017-09-24,52.5,53.52,52.1,52.97,484948,0.0
2017-09-25,52.8,53.09,51.77,52.55,813917,0.0
2017-09-26,52.78,53.48,52.66,53.37,309552,0.0
2017-09-27,53.5,54.59,53.18,53.94,472700,0.0
2017-09-28,53.89,54.61,53.565,54.42,313714,0.0
2017-10-01,57.01,59.03,55.66,58.72,2735121,0.0
2017-10-02,58.8,58.99,56.955,57.97,1203508,0.0
2017-10-03,58.02,58.273,57.535,58.26,784070,0.0
2017-10-04,58.16,58.68,57.58,58.36,512785,0.0
2017-10-05,58.04,58.46,57.14,57.51,509044,0.0
2017-10-08,57.73,58.2,57.27,57.56,352854,0.0
2017-10-09,57.74,58.09,57.46,57.7,530196,0.0
2017-10-10,57.84,63.35,57.43,61.47,2995411,0.0
2017-10-11,61.63,62.18,60.13,61.77,1635813,0.0
2017-10-12,61.75,63.19,61.3101,63.01,945824,0.0
2017-10-15,63.11,64.07,62.0768,62.93,775772,0.0
2017-10-16,62.79,64.43,62.59,64.07,955864,0.0
2017-10-17,64,64.76,63.25,63.7,737610,0.0
2017-10-18,63.1,64.08,62.9,64,597180,0.0
2017-10-19,65,65.15,63.3,63.86,1070559,0.0
2017-10-22,63.94,64.08,62.27,62.39,718765,0.0
2017-10-23,63.1,63.7,61.88,62.33,846345,0.0
2017-10-24,62.3,63.1876,60.94,61.98,786836,0.0
2017-10-25,61.47,62.1599,60.37,61.29,769110,0.0
2017-10-26,65,65,61.45,62.75,978658,0.0
2017-10-29,62.55,63.88,61.58,62.68,932274,0.0
2017-10-30,62.95,63.3,61.25,61.32,701429,0.0
2017-10-31,61.59,61.59,60.12,60.28,996175,0.0
2017-11-01,60.15,62.47,59.22,60.78,507633,0.0
2017-11-02,60.5,62.2,60.115,61.35,546467,0.0
2017-11-05,61.24,61.58,58.71,58.75,700272,0.0
2017-11-06,58.92,59.3,58.13,58.46,635527,0.0
2017-11-07,58.31,58.43,57.33,57.86,429210,0.0
2017-11-08,57.42,58.16,56.65,57.9,563926,0.0
2017-11-09,57.84,58.67,57.21,57.96,360105,0.0
2017-11-12,57.67,58.15,56.77,57.12,598336,0.0
2017-11-13,56.81,57.28,55.86,57.2,457097,0.0
2017-11-14,56.89,58.47,56.66,57.6,458377,0.0
2017-11-15,57.83,59.39,57.35,59.3,606287,0.0
2017-11-16,58.7,59.86,58.5001,59.77,450025,0.0
2017-11-19,59.62,59.83,58.49,58.7,497120,0.0
2017-11-20,59.01,60.6,58.5501,59.05,675443,0.0
2017-11-21,59.06,59.58,58.32,59.13,310973,0.0
2017-11-23,59.29,59.46,58.54,58.94,165901,0.0
2017-11-26,59.08,59.65,57.81,58.62,631911,0.0
2017-11-27,58.76,59.04,57.53,58.67,735237,0.0
2017-11-28,57.78,59.54,57.35,59.15,686620,0.0
2017-11-29,59.6,62.11,59.33,60.93,831813,0.0
2017-11-30,60.81,61.21,58.15,59.45,751874,0.0
2017-12-03,59.55,60.86,57.72,57.88,373919,0.0
2017-12-04,57.9,58.29,55.93,56.06,660065,0.0
2017-12-05,56.09,57.47,55.325,56.77,599074,0.0
2017-12-06,56.95,57.79,56.05,57.34,374204,0.0
2017-12-07,57.56,59.42,57.52,59.26,543101,0.0
2017-12-10,55,57.15,53.03,55.27,2846526,0.0
2017-12-11,55.01,55.27,53.83,54.605,1229092,0.0
2017-12-12,55.06,56.26,54.2017,55.68,1043021,0.0
2017-12-13,55.87,55.99,51.4,51.83,1134319,0.0
2017-12-14,51.95,53.07,51.06,52.61,1375097,0.0
2017-12-17,52.57,53,51.47,52.44,849412,0.0
2017-12-18,52.23,52.84,51.68,52.58,608891,0.0
2017-12-19,52.98,52.98,51.73,52.38,665743,0.0
2017-12-20,52.24,53.08,51.92,52.77,597988,0.0
2017-12-21,52.78,53.46,52.48,53.44,673974,0.0
2017-12-25,53.54,53.97,52.75,53.58,536754,0.0
2017-12-26,53.76,54.84,53.29,54.68,390149,0.0
2017-12-27,54.94,55.16,54.335,55.02,362260,0.0
2017-12-28,55.17,55.4,53.44,53.52,337910,0.0
2018-01-01,53.64,56.51,53.62,56.12,735111,0.0
2018-01-02,56.3,57.13,55.545,56.6,404905,0.0
2018-01-03,56.74,56.875,55.04,55.53,466299,0.0
2018-01-04,55.98,55.98,54.87,55.06,398305,0.0
2018-01-07,55.12,55.23,54.295,54.67,446210,0.0
2018-01-08,54.86,55.5718,54.685,55.43,386372,0.0
2018-01-09,55.02,55.38,53.07,53.42,1197586,0.0
2018-01-10,53.41,53.41,50.76,51.77,1224368,0.0
2018-01-11,51.71,52.89,51.28,52.3,724727,0.0
2018-01-15,52.64,52.8,50.875,50.95,764538,0.0
2018-01-16,51.48,52.83,50.8,52.56,1142868,0.0
2018-01-17,52.5,53.57,52.27,53.45,794362,0.0
2018-01-18,53.44,53.76,52.63,53.48,739147,0.0
2018-01-21,54.02,56.38,53.7,56.29,836217,0.0
2018-01-22,56.25,57.91,55.79,56.77,1072757,0.0
2018-01-23,56.8,57.06,55.24,55.97,724432,0.0
2018-01-24,56.29,56.51,55.14,55.61,359092,0.0
2018-01-25,55.22,56.37,55.07,56.07,363219,0.0
2018-01-28,55.88,57.18,55.88,56.61,460880,0.0
2018-01-29,55.82,56.17,54.9,55.22,509693,0.0
2018-01-30,53.99,53.99,51.475,52.3,2019452,0.0
2018-01-31,55.32,57.4,52.3,56.15,4350893,0.0
2018-02-01,55.76,56.969,55.3605,56.01,1465196,0.0
2018-02-04,55.58,55.7,53.24,53.27,1807003,0.0
2018-02-05,53.47,54.91,52.19,54.25,2321320,0.0
2018-02-06,53.4,53.6508,51.71,51.9,1928408,0.0
2018-02-07,51.92,52.36,50.54,50.55,1287246,0.0
2018-02-08,50.93,51.11,48.78,50.15,1946533,0.0
2018-02-11,50.71,53.49,50.54,52.31,937808,0.0
2018-02-12,52.11,52.28,50.87,52.14,727476,0.0
2018-02-13,53.62,54.78,53.29,54.1,870034,0.0
2018-02-14,54.53,55.18,53.6,54.85,592575,0.0
2018-02-15,54.8,55.81,54.27,54.49,711364,0.0
2018-02-19,54,55.5,53.86,54.19,452509,0.0
2018-02-20,54.35,55.43,54.07,54.09,446725,0.0
2018-02-21,54.32,55.1,53.54,53.78,591572,0.0
2018-02-22,53.96,55.45,53.44,55.35,453300,0.0
2018-02-25,55.24,55.98,54.31,55.92,446321,0.0
2018-02-26,56,56.72,54.71,55.57,355645,0.0
2018-02-27,55.52,55.63,53.99,54.01,485159,0.0
2018-02-28,54.09,54.82,51.64,52.28,1111064,0.0
2018-03-01,51.73,52.93,50.67,52.79,877763,0.0
2018-03-04,52.71,54.95,51.93,54.71,542161,0.0
2018-03-05,54.66,55.35,53.98,55.26,486410,0.0
2018-03-06,54.99,56.32,54.67,56.25,608454,0.0
2018-03-07,57.04,57.61,55.34,56.99,953530,0.0
2018-03-08,57.48,58,56.56,57.19,475912,0.0
2018-03-11,57.47,59.98,57,58.68,1140301,0.0
2018-03-12,58.71,59.63,58.42,59.32,588253,0.0
2018-03-13,59.81,59.87,57.58,58.59,586986,0.0
2018-03-14,58.86,58.86,57.3,57.68,482644,0.0
2018-03-15,57.8,58.1,57.29,57.7,572506,0.0
2018-03-18,57.25,57.63,55.01,55.74,508229,0.0
2018-03-19,56.1,57.1,54.65,54.84,880588,0.0
2018-03-20,54.79,54.9,53.7,54.12,885912,0.0
2018-03-21,53.94,54.92,53.15,53.21,438031,0.0
2018-03-22,52.89,53.135,50.91,50.95,644226,0.0
2018-03-25,51.62,53.69,50.89,53.56,824683,0.0
2018-03-26,53.57,54.46,51.06,51.2,669333,0.0
2018-03-27,50.98,52.08,49.61,51.66,839302,0.0
2018-03-28,51.77,53.135,51.38,52.31,787872,0.0
2018-04-01,51.83,52.44,49.9,50.95,995086,0.0
2018-04-02,51.19,51.78,49.58,50.27,710175,0.0
2018-04-03,49.75,53.26,49.6375,53.06,550905,0.0
2018-04-04,53.28,53.48,51.685,51.88,486776,0.0
2018-04-05,51.39,51.65,50.01,50.07,809153,0.0
2018-04-08,50.66,51.57,49.976,50.22,417864,0.0
2018-04-09,50.93,51.95,50.52,51.7,399341,0.0
2018-04-10,51.41,53.1,51.29,51.68,357503,0.0
2018-04-11,51.79,52.67,51.5,51.67,302847,0.0
2018-04-12,51.75,52.27,49.73,50.24,563674,0.0
2018-04-15,50.49,50.63,49.56,50.3,445660,0.0
2018-04-16,51.1,52.88,50.636,51.72,487388,0.0
2018-04-17,51.78,52.065,50.7,50.79,436284,0.0
2018-04-18,50.72,50.96,49.48,49.57,591907,0.0
2018-04-19,49.44,49.86,48.965,49.69,758532,0.0
2018-04-22,49.89,50.21,49.2,49.8,475344,0.0
2018-04-23,49.89,50.49,48.61,48.8,760529,0.0
2018-04-24,48.87,49.36,47.75,48.14,767725,0.0
2018-04-25,48.52,49.08,47.98,48.86,846663,0.0
2018-04-26,50.75,54.61,50.52,51.55,1836052,0.0
2018-04-29,51.47,52.28,50.555,51.2,1591393,0.0
2018-04-30,51.32,52.6,51.06,52.52,829933,0.0
2018-05-01,52.21,55.89,51.83,54.43,1511792,0.0
2018-05-02,54.55,55.78,53.725,53.99,892945,0.0
2018-05-03,53.77,54.5,52.25,52.74,1098778,0.0
2018-05-06,52.69,54.32,52.53,54.04,837464,0.0
2018-05-07,53.91,54.84,53.5,54.11,632854,0.0
2018-05-08,54.6,56.13,53.46,55.5,895830,0.0
2018-05-09,55.5,56.26,55.22,55.6,617541,0.0
2018-05-10,55.34,57.19,55.22,56.92,380887,0.0
2018-05-13,56.87,57.86,56.56,57.56,697564,0.0
2018-05-14,57.24,57.35,56.01,57.26,534112,0.0
2018-05-15,57.42,59.095,56.88,58.5,701385,0.0
2018-05-16,58.43,58.67,56.79,57.32,779690,0.0
2018-05-17,57.33,57.61,56.47,56.74,338447,0.0
2018-05-20,56.77,57.16,55.25,55.41,539669,0.0
2018-05-21,55.4,56.17,55.01,55.24,363708,0.0
2018-05-22,55.11,55.92,55.11,55.41,233375,0.0
2018-05-23,55.54,55.99,55.01,55.38,230455,0.0
2018-05-24,55.37,56.03,55.01,55.82,272693,0.0
2018-05-28,55.58,55.99,54.8289,55.55,281787,0.0
2018-05-29,55.9,57.31,55.9,56.79,521436,0.0
2018-05-30,56.96,60.71,56.96,60.5,1279022,0.0
2018-05-31,60.71,62.22,59.685,61.63,1275600,0.0
2018-06-03,61.94,62.24,59.95,61.51,751398,0.0
2018-06-04,61.46,63.37,61.21,63.05,846485,0.0
2018-06-05,63.29,65.41,62.66,65.37,971792,0.0
2018-06-06,65.45,66.94,63.36,65.59,786280,0.0
2018-06-07,65.33,65.78,61.27,65.03,600979,0.0
2018-06-10,66.94,68.28,66.37,66.755,912413,0.0
2018-06-11,66.97,69.705,66.501,69.19,1090460,0.0
2018-06-12,69.12,69.58,67.1756,68.09,554205,0.0
2018-06-13,68.46,68.46,65.34,65.48,954651,0.0
2018-06-14,66,66.79,65.02,65.12,1067923,0.0
2018-06-17,64.34,65.88,63.6114,65.75,527719,0.0
2018-06-18,65.34,66.01,64.53,65.78,547258,0.0
2018-06-19,66.43,67.08,65.52,66.74,506377,0.0
2018-06-20,66.22,66.84,65.61,66.62,347221,0.0
2018-06-21,66.25,67.29,66.25,66.85,506441,0.0
2018-06-24,66.61,67.24,65.8,66.52,963342,0.0
2018-06-25,66.5,66.99,65.51,65.67,480560,0.0
2018-06-26,65.64,66.065,64.78,64.81,425513,0.0
2018-06-27,64.59,65.18,63.381,64.95,547767,0.0
2018-06-28,65.42,67.76,65.41,66.39,492682,0.0
2018-07-01,65.93,67.33,65.93,67.19,363516,0.0
2018-07-02,67.82,68.41,67.095,68.12,494198,0.0
2018-07-04,68.63,68.87,67.88,68.56,461660,0.0
2018-07-05,68.8,69.89,68.48,69.67,430550,0.0
2018-07-08,69.84,70,68.24,68.77,567465,0.0
2018-07-09,69.29,69.86,68.65,69.27,557517,0.0
2018-07-10,68.9,69.93,68.76,69.42,480691,0.0
2018-07-11,70,70.59,69.43,70.52,367659,0.0
2018-07-12,70.23,70.94,70.09,70.43,402257,0.0
2018-07-15,70.52,71.49,68.51,69,757455,0.0
2018-07-16,68.75,69,66.39,67.9,1531565,0.0
2018-07-17,68,68.49,66.51,68.02,965875,0.0
2018-07-18,67.85,70.65,66.56,70.51,909095,0.0
2018-07-19,70.6,71.315,69.87,70.26,604946,0.0
2018-07-22,69.98,70.75,69.5,69.58,395430,0.0
2018-07-23,70.34,70.86,69.15,69.72,622107,0.0
2018-07-24,69.85,72.02,69.15,70.91,763374,0.0
2018-07-25,70.45,71.59,69.83,71.25,518612,0.0
2018-07-26,73,74.68,70.11,73,1377199,0.0
2018-07-29,72.8,72.98,69.155,69.51,597712,0.0
2018-07-30,69.25,70.6,69.22,70.4,845379,0.0
2018-07-31,70.6,70.61,69.3201,69.7,433683,0.0
2018-08-01,69.12,71.99,69.1,71.69,576634,0.0
2018-08-02,71.63,72.5,71.38,71.38,433155,0.0
2018-08-05,71.4,71.72,70.51,71,263809,0.0
2018-08-06,71.45,72.98,69.31,72.96,738729,0.0
2018-08-07,73.04,73.74,72.0101,72.16,588579,0.0
2018-08-08,72.74,73.455,72.03,72.04,351464,0.0
2018-08-09,71.54,73.78,71.54,73.3,364002,0.0
2018-08-12,73.18,74.2523,72.86,73.84,381896,0.0
2018-08-13,74.02,74.72,73.3,74.65,493862,0.0
2018-08-14,73.91,74.23,73.27,73.91,411730,0.0
2018-08-15,74.26,74.74,72.9,74.21,395910,0.0
2018-08-16,74.35,74.76,73.62,74.59,349591,0.0
2018-08-19,74.61,74.87,73.96,74.43,272541,0.0
2018-08-20,74.59,75.42,74.57,75.31,470803,0.0
2018-08-21,75.12,76.48,75.04,75.87,364408,0.0
2018-08-22,75.87,76.1,74.8427,75.67,281125,0.0
2018-08-23,75.6,75.84,73.89,74.59,296357,0.0
2018-08-26,74.7,74.84,73.42,74.79,687755,0.0
2018-08-27,74.75,75.3856,74.43,75.08,406034,0.0
2018-08-28,74.82,76.79,74.38,76.345,393310,0.0
2018-08-29,76.15,77.005,76.1378,76.89,291735,0.0
2018-08-30,76.88,77.41,76.34,76.78,271488,0.0
2018-09-03,76.12,77.29,75.625,77.12,394896,0.0
2018-09-04,77.06,77.33,76.31,76.94,202631,0.0
2018-09-05,76.71,77.3,75.95,76.45,348153,0.0
2018-09-06,76.39,77.91,75.44,77.48,506589,0.0
2018-09-09,77.62,77.94,76.9025,77.84,431368,0.0
2018-09-10,77.44,78.8162,76.935,78.36,410483,0.0
2018-09-11,78.51,78.51,76.57,77.02,354334,0.0
2018-09-12,77.43,77.58,75.44,77.21,373232,0.0
2018-09-13,77.29,78.49,76.9,78.22,378228,0.0
2018-09-16,78.25,78.25,75.74,76.12,935669,0.0
2018-09-17,76.79,77.935,76.23,77.68,558806,0.0
2018-09-18,77.48,78.04,76.78,77.51,568463,0.0
2018-09-19,77.77,79.16,77.46,78.99,510400,0.0
2018-09-20,79.01,79.34,76.8,77.75,719578,0.0
2018-09-23,77.49,78.79,77.12,78.6,411900,0.0
2018-09-24,79.21,80.82,78.57,79.88,461820,0.0
2018-09-25,80.23,81.59,79.66,80.15,802863,0.0
2018-09-26,80.32,80.32,78.05,78.25,906291,0.0
2018-09-27,78.2,79.57,76.94,77.12,863997,0.0
2018-09-30,77.78,81.66,77.26,81.16,945387,0.0
2018-10-01,81.28,84.13,80.74,81.24,759933,0.0
2018-10-02,81.81,84.37,81.24,82.83,959486,0.0
2018-10-03,82.28,82.97,78.78,79.53,800275,0.0
2018-10-04,80.19,80.4825,78.15,78.47,585967,0.0
2018-10-07,78.02,78.26,76.22,77.0525,872766,0.0
2018-10-08,76.9,77.8,74.62,74.84,690596,0.0
2018-10-09,74.87,75.5039,71.47,71.56,816970,0.0
2018-10-10,71.14,71.9,69.2,70.9,1186935,0.0
2018-10-11,72.34,73.38,71.23,72.78,538409,0.0
2018-10-14,72.74,73.98,72.07,73.07,591771,0.0
2018-10-15,73.92,74.83,72.94,74.75,342611,0.0
2018-10-16,74.75,75.1,73.84,74.58,430197,0.0
2018-10-17,74.27,74.54,72.105,73.72,540789,0.0
2018-10-18,74.03,74.15,70.71,71.85,552745,0.0
2018-10-21,71.61,71.63,70,71.205,596406,0.0
2018-10-22,70.21,70.62,67.37,69.5912,634921,0.0
2018-10-23,69.66,69.985,63.54,63.67,795580,0.0
2018-10-24,64.06,66.8,63.9715,65.35,897447,0.0
2018-10-25,51.14,55.67,51.14,55.29,5065082,0.0
2018-10-28,57.02,57.23,52.7501,54.57,2812531,0.0
2018-10-29,54.05,54.495,50.71,54.45,1550618,0.0
2018-10-30,55.14,57.33,54.9,56.13,1079105,0.0
2018-10-31,56.36,58.77,56.145,58.09,824197,0.0
2018-11-01,58.35,59.33,55.14,56.4,674306,0.0
2018-11-04,56.54,57.66,55.09,57.31,531471,0.0
2018-11-05,57.04,58.39,56.51,58.06,590435,0.0
2018-11-06,58.58,61.1,58.02,60.96,565119,0.0
2018-11-07,60.8,62.44,60.53,60.56,569888,0.0
2018-11-08,60.43,60.615,57.27,58.13,496769,0.0
2018-11-11,57.99,58.47,54.51,54.985,567505,0.0
2018-11-12,55.42,56.77,54.75,54.89,808947,0.0
2018-11-13,55.07,55.63,52.175,53.01,1182683,0.0
2018-11-14,53.5,54.72,52.04,54.4,3108796,0.0
2018-11-15,54.63,58.5,54.04,57.4,3243342,0.0
2018-11-18,56.99,57.8189,56.09,57.07,1565868,0.0
2018-11-19,55.65,57.255,55.27,56.19,1033574,0.0
2018-11-20,56.88,57.65,55.79,57.24,634180,0.0
2018-11-22,56.88,58.97,56.83,58.28,239918,0.0
2018-11-25,59.24,59.25,56.6,57.51,1519302,0.0
2018-11-26,57.4,58.65,56.43,58.49,1824777,0.0
2018-11-27,58.79,61.4,58.1,61.35,1121018,0.0
2018-11-28,61.16,63.32,61.16,62.96,990536,0.0
2018-11-29,62.64,63.24,61.59,62.6,963499,0.0
2018-12-02,63.24,64.46,62.4,63.96,1143780,0.0
2018-12-03,63.75,64.39,61.02,61.09,789351,0.0
2018-12-05,60.11,62.79,59.22,62.06,1056211,0.0
2018-12-06,61.64,62.4923,59.65,59.99,546351,0.0
2018-12-09,59.74,60.98,58.51,60.74,617049,0.0
2018-12-10,61.36,62.78,59.69,60.95,508968,0.0
2018-12-11,61.7,62.74,61.08,61.95,313154,0.0
2018-12-12,61.86,62.88,60.29,60.95,478472,0.0
2018-12-13,60.41,61.02,59.66,60.57,373875,0.0
2018-12-16,59.99,60.98,58.15,58.6,644065,0.0
2018-12-17,59.18,59.18,54.73,56,1002702,0.0
2018-12-18,56.44,58.475,54.1,55.05,714986,0.0
2018-12-19,55.09,56.05,52.895,54.31,1012930,0.0
2018-12-20,54.71,54.99,52.25,52.41,972575,0.0
2018-12-23,52,53.39,51.5,52.58,446787,0.0
2018-12-25,52.57,56.82,52.07,56.78,600263,0.0
2018-12-26,56,56.72,54.03,56.53,501216,0.0
2018-12-27,56.85,57.14,55.25,55.79,384825,0.0
2018-12-30,56.47,57.61,55.5,56.36,450529,0.0
2019-01-01,55.45,58.28,54.3,57.43,459276,0.0
2019-01-02,57.73,58.41,56.21,56.475,534487,0.0
2019-01-03,57.41,60.1,56.8428,59.75,619788,0.0
2019-01-06,60.04,63.13,60,62.94,892035,0.0
2019-01-07,63.67,67.53,63.54,67.3,1358798,0.0
2019-01-08,67.84,71.17,67.35,69.4,1075022,0.0
2019-01-09,69.14,71.65,68.64,71.09,521949,0.0
2019-01-10,70.83,71.79,70.35,71.32,465880,0.0
2019-01-13,70.59,71.25,69.67,70.35,708924,0.0
2019-01-14,70.07,72.78,68.71,72.12,744000,0.0
2019-01-15,72.56,73.31,71.04,71.71,571006,0.0
2019-01-16,71.11,72.2,70.5832,71.16,469197,0.0
2019-01-17,72.37,73.51,71.2,73.45,750940,0.0
2019-01-21,72.3,73.26,69.98,70.75,590115,0.0
2019-01-22,69.81,72.08,68.4384,70.52,635679,0.0
2019-01-23,70.64,71.68,69.325,70.94,567552,0.0
2019-01-24,71.69,72.855,70.67,72.66,838689,0.0
2019-01-27,72,72.5,70.74,72.495,527606,0.0
2019-01-28,71.26,74.45,70.47,73.19,828937,0.0
2019-01-29,73.23,75.305,72.2,75.02,486200,0.0
2019-01-30,75.01,76.62,73.57,76.5046,586449,0.0
2019-01-31,75.92,78.06,75.43,77.03,790368,0.0
2019-02-03,75.88,77.19,75.0177,76.39,674950,0.0
2019-02-04,76.86,77.02,74.87,75.75,634534,0.0
2019-02-05,75.04,76.65,74.31,75.69,720914,0.0
2019-02-06,75.01,76.18,73.46,73.66,1086708,0.0
2019-02-07,67.43,67.43,63.69,64.89,3373218,0.0
2019-02-10,65.29,66.955,65.29,66.48,826410,0.0
2019-02-11,66.93,67.76,65.21,66.47,541805,0.0
2019-02-12,66.67,68.54,66.66,68.39,731568,0.0
2019-02-13,68.38,69.24,66.53,68.54,731902,0.0
2019-02-14,69.25,71.65,68.67,71.36,721490,0.0
2019-02-18,71.15,71.97,70.09,70.105,546103,0.0
2019-02-19,70.2,70.38,68.5527,69.81,433841,0.0
2019-02-20,69.66,69.66,68.02,69.1,293891,0.0
2019-02-21,69.25,71.29,68.72,71.28,363668,0.0
2019-02-24,71.9,73.915,71.41,72.66,431215,0.0
2019-02-25,72.34,72.8187,71.4,71.45,366435,0.0
2019-02-26,71,73.985,70.73,73.59,530235,0.0
2019-02-27,73.39,74.715,71.99,74.28,551885,0.0
2019-02-28,74.75,74.87,74.02,74.68,397962,0.0
2019-03-03,74.26,75.22,71.31,72,609598,0.0
2019-03-04,72,73.78,70.81,71.87,600736,0.0
2019-03-05,71.59,71.89,69.05,69.39,420557,0.0
2019-03-06,69.35,69.81,67.81,68.9,307277,0.0
2019-03-07,68.68,70.01,67.99,69.22,426629,0.0
2019-03-10,69.46,71.17,68.48,70.99,559299,0.0
2019-03-11,71.46,71.5,70.235,70.89,374660,0.0
2019-03-12,71.01,73.36,70.825,72.96,545545,0.0
2019-03-13,73.06,74.32,72.66,73.58,324059,0.0
2019-03-14,75.53,75.745,74.01,74.62,547306,0.0
2019-03-17,74.73,75.29,72.7,73.46,395438,0.0
2019-03-18,73.63,73.8963,72.67,72.77,303778,0.0
2019-03-19,72.78,73.8,72.19,72.84,240170,0.0
2019-03-20,72.26,75.47,71.69,75.37,573501,0.0
2019-03-21,74.01,75.31,73.08,74,681838,0.0
2019-03-24,73.67,74.41,71.12,73.88,714472,0.0
2019-03-25,74.44,76.08,73.53,75.28,555739,0.0
2019-03-26,75.74,76.695,73.92,75.17,583941,0.0
2019-03-27,75.87,77.52,69.66,71.75,3049327,0.0
2019-03-28,72.5,74.35,71.5748,73.26,939081,0.0
2019-03-31,73.7,74.54,72.915,73.58,586048,0.0
2019-04-01,73.39,75,72.995,74.52,813189,0.0
2019-04-02,74.82,74.83,72.96,73.71,698518,0.0
2019-04-03,73.68,74.4195,71.73,73.8,867177,0.0
2019-04-04,74.88,79.57,74.88,79.37,1691053,0.0
2019-04-07,78.75,80.16,77.21,80.06,1174228,0.0
2019-04-08,79.86,81.4013,79.22,79.4,804829,0.0
2019-04-09,79.7,81.25,79.15,80.94,755195,0.0
2019-04-10,80.75,80.76,77.89,78.31,634296,0.0
2019-04-11,78.89,79.53,77.765,78.13,662545,0.0
2019-04-14,78.33,79.49,76.51,77.595,486649,0.0
2019-04-15,77.81,78.6,76.06,76.62,648729,0.0
2019-04-16,77.01,77.04,70.56,70.8,1086766,0.0
2019-04-17,70.95,72,68.44,69.1,1540813,0.0
2019-04-21,68.69,69.48,67.97,68.76,798463,0.0
2019-04-22,68.86,70.79,67.93,70.72,1445280,0.0
2019-04-23,70.98,70.98,69.16,69.18,652005,0.0
2019-04-24,70.1,71.53,68.65,71.17,594865,0.0
2019-04-25,69,69.7,66.05,68.49,1542408,0.0
2019-04-28,68.44,69.915,67.75,68.55,664029,0.0
2019-04-29,68.6,69.67,67.51,67.82,762266,0.0
2019-04-30,67.82,68.55,66.815,67,642040,0.0
2019-05-01,66.77,68.19,66,66.9,459055,0.0
2019-05-02,67.33,67.68,66.52,67.2,449010,0.0
2019-05-05,66.11,68.61,66.08,68.43,372178,0.0
2019-05-06,67.7,68.87,66.97,67.61,447374,0.0
2019-05-07,67.29,69.01,66.945,68.185,308431,0.0
2019-05-08,67.64,68.27,66.24,67.86,347752,0.0
2019-05-09,67.38,68.97,65.58,67.75,350618,0.0
2019-05-12,66.08,66.66,63.53,63.93,579504,0.0
2019-05-13,64.16,65.4303,63.47,63.97,429701,0.0
2019-05-14,63.54,64.27,62.9,63.91,420073,0.0
2019-05-15,64.5,66.63,64.21,66.03,359748,0.0
2019-05-16,65.22,67.28,65.22,66.39,474089,0.0
2019-05-19,65.81,66,64.02,64.39,397847,0.0
2019-05-20,64.76,67.25,64.76,67.14,317360,0.0
2019-05-21,66.9,69.34,64.38,68.6,675793,0.0
2019-05-22,67.98,68.47,66.94,68.06,582967,0.0
2019-05-23,68.41,70.17,67.6338,69.16,542469,0.0
2019-05-27,69.38,70.13,68.15,68.41,553799,0.0
2019-05-28,68.23,68.24,66.65,67.3,585259,0.0
2019-05-29,67.5,68.12,66.765,67.61,525084,0.0
2019-05-30,66.6,67.36,64.84,64.95,599615,0.0
2019-06-02,65.55,68.2586,65.07,67.85,585201,0.0
2019-06-03,68.77,69.49,67.455,69.49,465778,0.0
2019-06-04,69.28,70.43,68.95,69.86,409812,0.0
2019-06-05,69.91,70.45,68.945,68.96,459235,0.0
2019-06-06,69.39,70.74,68.9764,70.6,334383,0.0
2019-06-09,70.88,71.68,67.56,67.97,578720,0.0
2019-06-10,68.69,68.96,66.37,66.46,461851,0.0
2019-06-11,66.4,67.07,66.01,66.64,445263,0.0
2019-06-12,67.15,69.01,65.46,69,976821,0.0
2019-06-13,68.96,69.49,67.765,68.49,1079958,0.0
2019-06-16,68.6,72.24,68.6,71.58,663710,0.0
2019-06-17,72.44,73.56,71.67,73.16,568586,0.0
2019-06-18,73.31,73.64,71.78,72.34,329122,0.0
2019-06-19,73.44,74.14,72.2,72.36,370971,0.0
2019-06-20,72.43,73.18,70.82,71.74,518842,0.0
2019-06-23,72.2,72.2,70.11,70.66,488112,0.0
2019-06-24,71.12,71.44,68.88,69.01,558645,0.0
2019-06-25,68.93,70.225,67.52,67.61,453083,0.0
2019-06-26,67.73,68.12,67.25,67.3,738912,0.0
2019-06-27,67.77,69.27,67.5426,69.22,483620,0.0
2019-06-30,70.42,71.14,67.12,68.32,724789,0.0
2019-07-01,68.35,69.41,67.62,68.81,457493,0.0
2019-07-02,68.89,70.98,68.68,70.4,478922,0.0
2019-07-04,70.35,70.51,68.695,69.11,507883,0.0
2019-07-07,68.66,68.66,66.17,67.1,742079,0.0
2019-07-08,67.11,70.66,66.74,69.88,1446032,0.0
2019-07-09,70.12,70.44,66.15,66.26,1130301,0.0
2019-07-10,66.58,67.14,64.515,65.17,955284,0.0
2019-07-11,65.13,65.1528,63.58,63.78,822080,0.0
2019-07-14,63.8,65.03,63.5,63.99,843067,0.0
2019-07-15,64.34,65.37,63.02,63.15,1008569,0.0
2019-07-16,69.89,76.07,69,75.17,5708466,0.0
2019-07-17,74.56,76.89,74.2762,76.7,1894942,0.0
2019-07-18,76.13,77.06,74.69,75.07,1347850,0.0
2019-07-21,75.07,76.43,74.89,76.08,673846,0.0
2019-07-22,76.45,76.96,75.04,75.89,605041,0.0
2019-07-23,69.23,73.72,69,73.58,5843564,0.0
2019-07-24,73.91,74.43,72.49,73.36,2139329,0.0
2019-07-25,73.93,74.69,73.41,74.495,758475,0.0
2019-07-28,74.8,76.065,73.935,76.03,625898,0.0
2019-07-29,75.07,76.13,75,75.53,561485,0.0
2019-07-30,75.64,76.36,74.645,75.72,612730,0.0
2019-07-31,76.11,77.55,74.89,75.31,675431,0.0
2019-08-01,74.87,75.39,74.17,75.28,660812,0.0
2019-08-04,73.92,73.92,72.51,73.04,604988,0.0
2019-08-05,74.03,75.23,73.16,75.15,387915,0.0
2019-08-06,74.58,75.62,73.96,74.81,477592,0.0
2019-08-07,75.37,77.27,74.43,77.01,456366,0.0
2019-08-08,76.91,77.62,75.72,76.74,340223,0.0
2019-08-11,76.74,77.33,75.19,76.09,470516,0.0
2019-08-12,76.45,79.44,76.34,78.76,899232,0.0
2019-08-13,77.52,78.2,76.005,76.97,660125,0.0
2019-08-14,77.11,77.96,76.12,76.7,517469,0.0
2019-08-15,77.67,79.56,77.67,79.09,433131,0.0
2019-08-18,80,80,76.47,79.33,748720,0.0
2019-08-19,79.37,80.15,78.14,78.63,458457,0.0
2019-08-20,79.53,80.29,78.51,80.05,287914,0.0
2019-08-21,79.97,80.06,77.03,78.26,384523,0.0
2019-08-22,78.33,78.82,75.73,76.4,392679,0.0
2019-08-25,76.9,77.02,75.56,76.09,684189,0.0
2019-08-26,76.95,77.76,74.54,74.82,477053,0.0
2019-08-27,74.23,74.28,72.13,73.23,680440,0.0
2019-08-28,73.54,73.98,72.35,73.2,421836,0.0
2019-08-29,73.3,73.485,72.06,72.64,269136,0.0
2019-09-02,72.07,72.78,69.51,70.13,698246,0.0
2019-09-03,70.43,71.45,70.06,71.39,534196,0.0
2019-09-04,72.11,72.11,71.065,71.36,295210,0.0
2019-09-05,71.55,71.93,70.37,70.47,295547,0.0
2019-09-08,70.44,70.44,67.54,67.73,587806,0.0
2019-09-09,67.25,68.82,65.44,68.64,835809,0.0
2019-09-10,68.97,71.41,68.17,70.77,507337,0.0
2019-09-11,72.4,72.625,69.8,70.9,536772,0.0
2019-09-12,70.68,71.68,70.24,70.52,469846,0.0
2019-09-15,69.37,71.75,68.7424,71.12,404836,0.0
2019-09-16,70.8,72.18,69.8922,71.99,508217,0.0
2019-09-17,72.23,73.04,71.7,72.82,455667,0.0
2019-09-18,73.02,73.3488,72.53,72.72,325795,0.0
2019-09-19,73.15,74.39,72.7,74.06,711236,0.0
2019-09-22,73.81,75.69,73.655,74.73,462291,0.0
2019-09-23,75.07,75.95,73.05,73.76,441713,0.0
2019-09-24,73.08,74.68,73.08,73.66,576622,0.0
2019-09-25,73.82,74.68,72.27,72.63,480268,0.0
2019-09-26,76.7,79.21,75.49,76.05,1978298,0.0
2019-09-29,79.17,88.2,78.32,85.4,3604360,0.0
2019-09-30,85.6,87.98,83.74,85.99,1596688,0.0
2019-10-01,85.26,85.74,83.04,84.54,984882,0.0
2019-10-02,83.85,86.25,83.85,84.99,735729,0.0
2019-10-03,84.53,85.87,82.63,84.32,1897139,0.0
2019-10-06,83.97,85.68,83.66,84.44,1885214,0.0
2019-10-07,84.02,84.1,80.82,80.83,1822317,0.0
2019-10-08,81.35,81.74,79.34,79.93,1114726,0.0
2019-10-09,80.42,81.69,80.02,81.49,1617321,0.0
2019-10-10,81.78,83.55,81.78,82.59,1765866,0.0
2019-10-13,82.43,83.61,82.01,82.39,751740,0.0
2019-10-14,82.7,83.4,82.01,83.36,1645409,0.0
2019-10-15,83.26,84.57,82.54,83.85,1583250,0.0
2019-10-16,84.89,86.48,84.21,85.94,1440441,0.0
2019-10-17,86.05,88.68,84.91,87.3,2095636,0.0
2019-10-20,99.305,102.84,98.54,100.85,5103803,0.0
2019-10-21,100.96,102.42,97.61,98.65,1048989,0.0
2019-10-22,97.46,100.31,96.84,99.84,1045174,0.0
2019-10-23,100.69,101.3,99.27,100.27,726819,0.0
2019-10-24,99.32,102.72,99.32,102.6,700311,0.0
2019-10-27,102.54,105.95,101.59,105.82,1116668,0.0
2019-10-28,105.75,108.79,104.43,105.23,852401,0.0
2019-10-29,104.1,106.3899,102.02,104.68,1305894,0.0
2019-10-30,104.13,107.46,103.27,107.3,858779,0.0
2019-10-31,107.48,107.545,105.51,106.5,800649,0.0
2019-11-03,106.9,107.85,106.15,106.42,786951,0.0
2019-11-04,107.07,107.19,105.78,106.34,369285,0.0
2019-11-05,106.32,108.16,105.11,108.06,879760,0.0
2019-11-06,108.25,108.38,103.69,104.06,760136,0.0
2019-11-07,104.13,108.6,103.22,108.34,681576,0.0
2019-11-10,107.8,108.95,106.8447,108.3,552439,0.0
2019-11-11,108.67,111.8,107.68,110.64,1011743,0.0
2019-11-12,110.5,113.12,108.53,112.15,986243,0.0
2019-11-13,112.2,113.43,111.575,113.29,1156395,0.0
2019-11-14,113.96,114.81,113.05,114.71,820555,0.0
2019-11-17,115.1,117,115,115.72,810653,0.0
2019-11-18,116.03,118.31,114.55,117.86,1250858,0.0
2019-11-19,117.47,122.26,117.47,120.73,1210784,0.0
2019-11-20,120.37,120.9163,118.102,119.81,1074657,0.0
2019-11-21,120.44,120.44,117.89,118.82,1012385,0.0
2019-11-24,120.48,122.36,119.71,121.62,801228,0.0
2019-11-25,122.07,122.22,119.77,120.58,1010284,0.0
2019-11-26,120.62,121.53,119.475,121.02,813911,0.0
2019-11-28,120.99,121.35,120.09,120.28,221426,0.0
2019-12-01,120.74,121.34,116.61,117.23,1320719,0.0
2019-12-02,116,119.5,115.95,118.92,1095782,0.0
2019-12-03,119.02,119.7795,118.14,118.32,773345,0.0
2019-12-04,118.64,118.82,116.64,117.18,719812,0.0
2019-12-05,117.89,118.015,116.44,117.44,523890,0.0
2019-12-08,117.75,118.225,113.25,114.2,1086171,0.0
2019-12-09,114,114.67,113.05,113.99,1216650,0.0
2019-12-10,113.66,115.41,111.2,111.35,1221318,0.0
2019-12-11,111.59,112.76,110.4038,112.23,914691,0.0
2019-12-12,112.47,114.86,111.68,113.89,927312,0.0
2019-12-15,114.07,117.49,114,114.8,1159752,0.0
2019-12-16,115.2,115.27,112.8,113.22,743629,0.0
2019-12-17,113.96,115.1599,111.89,112.75,835915,0.0
2019-12-18,118.5,119.3699,112.95,114.88,1268392,0.0
2019-12-19,115,117.8,114.52,117.36,1549865,0.0
2019-12-22,118.32,118.73,114.57,115.18,865292,0.0
2019-12-23,115.21,115.94,115.1575,115.44,464485,0.0
2019-12-25,115.17,116.19,113.32,113.381,360224,0.0
2019-12-26,113.73,114.27,112.51,113.42,422084,0.0
2019-12-29,113.69,114.55,112.14,114.15,420489,0.0
2019-12-30,113.9,114.49,113.17,114.24,395681,0.0
2020-01-01,113.69,114.85,111.35,112.41,774827,0.0
2020-01-02,110.74,113.95,109.95,112.66,486254,0.0
2020-01-05,111.83,112.19,110.22,111,734632,0.0
2020-01-06,111.22,112.6,109.99,111.44,670866,0.0
2020-01-07,111.7,112.42,110.77,111.12,637454,0.0
2020-01-08,112.2,112.64,110.92,111.82,534225,0.0
2020-01-09,111.98,114.48,111.87,112.49,723965,0.0
2020-01-12,112.23,112.23,104.24,105.44,1557734,0.0
2020-01-13,104.85,109.09,104.54,107.72,1048354,0.0
2020-01-14,108.55,108.7839,106.065,106.64,594233,0.0
2020-01-15,107.33,107.74,105.89,107.56,926999,0.0
2020-01-16,108.07,109.03,107.08,109.01,631674,0.0
2020-01-20,108.38,109.795,108.22,108.67,1060492,0.0
2020-01-21,108.86,111.79,108.11,111.73,1117335,0.0
2020-01-22,111.9,115.75,111,115.35,1955855,0.0
2020-01-23,115.18,118.655,112.29,113.57,3547954,0.0
2020-01-26,112.2,112.525,108.87,110.47,793303,0.0
2020-01-27,111.71,113.33,110.69,112.86,746563,0.0
2020-01-28,112.61,112.928,109.54,111.92,529215,0.0
2020-01-29,111.1,111.94,108.82,109.87,584667,0.0
2020-01-30,109.23,111.3005,107.14,108.39,662560,0.0
2020-02-02,108.51,110.46,107.82,108.81,701353,0.0
2020-02-03,110.45,111.66,108,111.47,825473,0.0
2020-02-04,113.45,119.71,113.15,118.26,999663,0.0
2020-02-05,118.73,120.275,117.73,118.63,1037588,0.0
2020-02-06,111.23,118.33,111,117.41,1520715,0.0
2020-02-09,116.7,116.78,112.81,116.49,1245962,0.0
2020-02-10,117.86,124.32,116.92,117.95,974582,0.0
2020-02-11,118.23,119.22,116.59,118.09,699068,0.0
2020-02-12,117.77,119.04,117.47,118.21,363865,0.0
2020-02-13,118.4,118.6,116.28,118.14,530919,0.0
2020-02-17,116.33,120.47,116.12,119.95,960001,0.0
2020-02-18,121,121.74,119.61,119.8,580171,0.0
2020-02-19,119.49,119.91,115.66,118.36,742434,0.0
2020-02-20,118.34,119.82,116.55,117,774587,0.0
2020-02-23,115.25,117.805,110.77,116,1045747,0.0
2020-02-24,116.05,116.8,111.52,112.48,933535,0.0
2020-02-25,113.69,116.81,110.88,112.1,1124733,0.0
2020-02-26,111.36,113.06,106.31,108.23,962381,0.0
2020-02-27,104.52,114.235,104.51,113.86,984785,0.0
2020-03-01,108.17,111.96,102.03,111.84,3118255,0.0
2020-03-02,110.91,112.22,106.57,107.39,989199,0.0
2020-03-03,109.92,115.98,109,115.85,929266,0.0
2020-03-04,112.89,119.69,111.745,118.853,992084,0.0
2020-03-05,114.8,116.47,111.9,114.92,912342,0.0
2020-03-08,108.88,113.25,105.01,106.95,2221822,0.0
2020-03-09,108.69,108.98,102.65,107.44,1589347,0.0
2020-03-10,104.91,107.67,103.54,104.57,2580248,0.0
2020-03-11,95.0035,106.8,93,96.99,2821350,0.0
2020-03-12,101.01,103.45,91,102.72,3654860,0.0
2020-03-15,95.33,101.2,90.57,95.66,3027518,0.0
2020-03-16,97.97,101.61,95.18,100.71,1491034,0.0
2020-03-17,96.88,103.65,91.75,96.36,2070978,0.0
2020-03-18,96.06,103.86,94.315,100,895070,0.0
2020-03-19,100.01,106.57,99.3,99.9,1638211,0.0
2020-03-22,101.75,103.37,94.35,98.95,2245173,0.0
2020-03-23,102.65,105,97.5,101.86,1344815,0.0
2020-03-24,100.9,107.84,98.5,105.4,990567,0.0
2020-03-25,105.52,116.29,104.5,116.135,2106642,0.0
2020-03-26,113.77,115.95,108.23,108.92,860531,0.0
2020-03-29,110.61,115.69,110.61,115.29,589330,0.0
2020-03-30,114.87,117.98,113,115.23,1545686,0.0
2020-03-31,111.63,114.93,110.4,111.23,668848,0.0
2020-04-01,109.4,119,109.4,118.52,1093630,0.0
2020-04-02,117.25,119.44,115.94,116.54,903723,0.0
2020-04-05,121.66,124.76,118.43,124.47,1802952,0.0
2020-04-06,126.16,128,120.655,121.53,1600790,0.0
2020-04-07,122.52,122.52,118.51,119.67,1628280,0.0
2020-04-08,119,121.59,117.99,120.31,1164826,0.0
2020-04-12,119.81,121.14,117.91,120.14,367247,0.0
2020-04-13,123.04,124.49,118.28,123.78,772975,0.0
2020-04-14,124.09,126.98,121.95,125.01,2544747,0.0
2020-04-15,127,133.99,126.5521,133.42,2539224,0.0
2020-04-16,135.75,136.97,131.74,136.95,2954320,0.0
2020-04-19,138.94,145.909,137.5,142.55,2962473,0.0
2020-04-20,141.98,142.9027,137.26,137.37,2559940,0.0
2020-04-21,139.96,140.56,138.5,139.07,2187108,0.0
2020-04-22,139.27,145.94,138.73,140.85,2358171,0.0
2020-04-23,141.01,146.32,139.55,146.04,1497339,0.0
2020-04-26,150,150,146,147.61,2058830,0.0
2020-04-27,147.23,148.4899,142.575,143.36,600321,0.0
2020-04-28,144.19,144.88,137.81,138.01,887405,0.0
2020-04-29,138.99,140.9,136.7027,137.28,3297332,0.0
2020-04-30,141,157,140.05,145.64,2652245,0.0
2020-05-03,145.01,155.89,145.01,155.56,3441292,0.0
2020-05-04,163.119,168.1,160.5,165.46,1865508,0.0
2020-05-05,166.43,167.51,163.0801,164.39,1608484,0.0
2020-05-06,168,168,163.05,163.26,1235723,0.0
2020-05-07,163.48,164,152.85,157.52,6193160,0.0
2020-05-10,155.69,161.8699,154.23,161.04,1601251,0.0
2020-05-11,162.52,166.95,158.6822,161.54,1334446,0.0
2020-05-12,163.72,164.72,156.31,157.84,2390302,0.0
2020-05-13,157.66,162.23,156.04,160.135,1634694,0.0
2020-05-14,158.27,163.52,158.27,160.44,979015,0.0
2020-05-17,162.41,162.76,156.95,158.81,1794112,0.0
2020-05-18,160.47,162.1012,157,157.2,800810,0.0
2020-05-19,158.38,159.01,154.525,155.79,1153886,0.0
2020-05-20,155.9,156.295,152.19,154.3,923935,0.0
2020-05-21,156.38,158,153.93,155.78,1031235,0.0
2020-05-25,159.32,159.96,151.59,151.59,4822670,0.0
2020-05-26,151.49,153.57,143.9481,152.97,1904113,0.0
2020-05-27,151.94,153.49,150.94,151.56,1016952,0.0
2020-05-28,154.92,157.38,150.9,157.27,2159896,0.0
2020-05-31,156.9,162.22,156.19,159.03,2722690,0.0
2020-06-01,159.47,161.15,156.26,160.87,759168,0.0
2020-06-02,159.09,160.25,154.02,155.05,2244852,0.0
2020-06-03,154.05,155.87,148.91,150.34,1214079,0.0
2020-06-04,149.5,151.84,145.625,148.39,2569318,0.0
2020-06-07,146.55,151.765,144.3,150.86,3189692,0.0
2020-06-08,152.82,154.85,148.63,148.95,2271765,0.0
2020-06-09,152.04,157.95,151.975,156.7,2509094,0.0
2020-06-10,154.4,156.21,148.43,148.55,965942,0.0
2020-06-11,150.11,151.52,148.53,148.88,200024,0.0
2020-06-14,149.88,156.1,149.14,155.561,690126,0.0
2020-06-15,157.15,157.48,152.545,156.79,1205330,0.0
2020-06-16,158.05,161,157.3255,158.4,1788333,0.0
2020-06-17,157.69,160.55,157.69,159.87,460308,0.0
2020-06-18,160.66,169.88,160.4135,169.88,1334001,0.0
2020-06-21,171,173.99,167,171.03,979794,0.0
2020-06-22,171.31,175.64,170.36,171.12,844896,0.0
2020-06-23,171.4,173.93,164.56,164.71,976646,0.0
2020-06-24,165.18,168.3,163.7395,167.89,643131,0.0
2020-06-25,169,169,164.12,165.77,724501,0.0
2020-06-28,165.78,166.58,163.23,164.49,851464,0.0
2020-06-29,167.5,170.25,164.09,169.88,1436247,0.0
2020-06-30,170.18,172.88,164.46,167.49,949664,0.0
2020-07-01,167.75,170.36,166.02,169.03,710583,0.0
2020-07-05,170.64,172.3,169.615,170.44,651688,0.0
2020-07-06,171.02,180.18,169.2,176.48,1368596,0.0
2020-07-07,177.39,178.2,172.22,175.76,806549,0.0
2020-07-08,176.79,182.97,176.79,181.16,1065323,0.0
2020-07-09,180,180.985,173.86,174.12,615055,0.0
2020-07-12,173.39,177.58,168.04,168.62,892298,0.0
2020-07-13,167,173.85,165.27,173.22,585174,0.0
2020-07-14,172.1,178.07,171.4815,177.89,664374,0.0
2020-07-15,177.49,177.68,172.03,177.58,494277,0.0
2020-07-16,179.24,182.94,177.86,182.38,757597,0.0
2020-07-19,183.05,187.985,183.05,184.44,597481,0.0
2020-07-20,184.45,184.5,176.85,177.73,899444,0.0
2020-07-21,179,179.43,174.75,176.81,563549,0.0
2020-07-22,176.73,180.3925,172.54,172.95,478501,0.0
2020-07-23,169.61,170.8,166.73,168.815,903680,0.0
2020-07-26,170.2,172.71,168.07,171.36,1996246,0.0
2020-07-27,172.45,174.37,170.69,171.2,1033420,0.0
2020-07-28,172.48,173.9,168.25,168.42,1388153,0.0
2020-07-29,167.95,172.82,167.22,171.15,831221,0.0
2020-07-30,169.99,170.01,157.66,166.27,2167692,0.0
2020-08-02,166.27,169.145,164.39,169.04,672146,0.0
2020-08-03,168.73,168.73,162.8449,164.93,629861,0.0
2020-08-04,164.8,165.96,162.13,162.58,757232,0.0
2020-08-05,163.8,164.1663,159.25,161.78,566175,0.0
2020-08-06,161.52,162.75,158.74,160.45,568793,0.0
2020-08-09,157.53,158.18,154.27,157.66,671504,0.0
2020-08-10,155.94,157.61,153.05,153.48,556906,0.0
2020-08-11,153.93,158.89,153.69,158.779,574974,0.0
2020-08-12,158.47,160.82,157.91,159.95,511699,0.0
2020-08-13,160,160.72,156.855,157.27,311631,0.0
2020-08-16,157.94,162.5,157.75,161.71,432149,0.0
2020-08-17,161.11,161.34,156.58,157.58,629004,0.0
2020-08-18,157.76,159.77,156.25,157.72,380987,0.0
2020-08-19,157.13,159.088,156.22,158.49,402392,0.0
2020-08-20,158.5,158.61,155.7,157.64,425115,0.0
2020-08-23,158.37,159.315,153.76,154.87,428244,0.0
2020-08-24,154.16,155.79,153.11,154.89,511708,0.0
2020-08-25,154,154.88,152.56,154.44,577740,0.0
2020-08-26,155.11,156.12,152.97,154.05,559344,0.0
2020-08-27,154.14,154.2222,151.55,153.7,522964,0.0
2020-08-30,152.49,159.035,152.48,158.23,1091667,0.0
2020-08-31,159.32,159.63,152.78,153.8,856080,0.0
2020-09-01,153.29,156.35,152.48,156.07,600324,0.0
2020-09-02,155.01,155.17,148.14,149.7,852734,0.0
2020-09-03,148.53,150.3465,143.61,149.37,920497,0.0
2020-09-07,146.79,148.82,144.9,146.58,888168,0.0
2020-09-08,148.3,149.42,146.02,148.4,581028,0.0
2020-09-09,149.06,149.22,144.84,146.11,637090,0.0
2020-09-10,147.57,150.52,146.97,150.06,751236,0.0
2020-09-13,165.24,173.32,160.17,171.95,3168848,0.0
2020-09-14,173.58,175.08,170.895,175.02,1256642,0.0
2020-09-15,175.47,178.21,175.005,176.62,1074229,0.0
2020-09-16,173.57,176.28,172.51,175.96,922442,0.0
2020-09-17,177.32,181.4,172.12,180.97,2614037,0.0
2020-09-20,178.74,181.19,177.37,178.855,1110252,0.0
2020-09-21,180.18,182.36,177.3001,181.96,627285,0.0
2020-09-22,181.11,181.25,178.35,179.32,663336,0.0
2020-09-23,177.99,179.81,174.48,179.18,717285,0.0
2020-09-24,179,186.31,178.87,184.95,724042,0.0
2020-09-27,186.32,190.7,185.42,190.56,726874,0.0
2020-09-28,190.5,192.3,187,191.01,1141566,0.0
2020-09-29,192,198,191.32,195.79,1276138,0.0
2020-09-30,197.18,200.42,196.78,197.71,1053519,0.0
2020-10-01,194.87,199,191.57,193.08,628111,0.0
2020-10-04,194.43,204.3717,194.195,202.46,841295,0.0
2020-10-05,201.41,203.73,199.17,199.76,614956,0.0
2020-10-06,201.91,202.84,200.63,200.76,326638,0.0
2020-10-07,201.83,201.83,197.26,198.51,725799,0.0
2020-10-08,199.62,202.23,198,201.21,572557,0.0
2020-10-11,204.11,207.92,202.03,205.87,721432,0.0
2020-10-12,206.84,213.94,206.55,212.19,906293,0.0
2020-10-13,212.82,212.82,206.975,209.13,440380,0.0
2020-10-14,206.93,208.3408,203.01,204.66,508582,0.0
2020-10-15,204.49,207.17,200.51,200.91,645178,0.0
2020-10-18,200.24,202.14,194.48,198.04,562054,0.0
2020-10-19,197.85,200.75,197.85,198.02,387906,0.0
2020-10-20,198.23,201.39,197.39,197.84,274960,0.0
2020-10-21,198.42,202.92,196.58,200.44,468632,0.0
2020-10-22,201.6,202.255,196.23,197.14,415218,0.0
2020-10-25,195,201.315,193.97,195.82,341816,0.0
2020-10-26,197.46,199.278,195.82,196.92,215233,0.0
2020-10-27,193.7,198,191.76,194.85,315137,0.0
2020-10-28,194.96,196.105,189.02,192.105,619049,0.0
2020-10-29,179,180,164.631,166.8,2804303,0.0
2020-11-01,166.14,169.24,163.56,168.51,1527411,0.0
2020-11-02,168.33,173.32,166.04,168.07,1253978,0.0
2020-11-03,175.81,185.88,174.005,180,2005881,0.0
2020-11-04,181.9872,182.03,176,181.75,898145,0.0
2020-11-05,181.65,181.65,171.72,173.49,1002618,0.0
2020-11-08,176.56,177.645,168.01,168.46,929105,0.0
2020-11-09,166.55,174.4689,165.18,172.08,779640,0.0
2020-11-10,173.99,175.425,167.79,170.75,562755,0.0
2020-11-11,171.79,173.48,166.79,168.8,799683,0.0
2020-11-12,170.38,177.14,170.13,175.35,621991,0.0
2020-11-15,173.04,177.5,173.04,177.17,685127,0.0
2020-11-16,177.25,177.25,172.57,173.18,509998,0.0
2020-11-17,172.73,176.5,171.6,173.95,727656,0.0
2020-11-18,173.9579,174.99,171.44,174.39,650828,0.0
2020-11-19,174.04,176.75,172.54,173.42,682973,0.0
2020-11-22,173.95,174.36,166.88,168.07,984275,0.0
2020-11-23,167.82,168.38,164.4,164.61,586151,0.0
2020-11-24,166.64,168.16,165.18,165.45,652307,0.0
2020-11-26,167.65,169.8,166.03,169.12,447047,0.0
2020-11-29,169.25,170.49,167.51,170.46,735156,0.0
2020-11-30,171.87,179.65,171.48,177.32,789067,0.0
2020-12-01,176.74,177.7,174.045,176.89,532838,0.0
2020-12-02,176.54,181,175.58,180.37,540773,0.0
2020-12-03,178.56,182.03,178.46,179.01,523825,0.0
2020-12-06,179.9,183.6,177.88,179.25,609025,0.0
2020-12-07,179.66,185.44,177.3584,184.5,560412,0.0
2020-12-08,184,185.75,179.38,181.36,497324,0.0
2020-12-09,181.78,187.705,180.77,186.42,745925,0.0
2020-12-10,187.19,192.05,185.01,191.18,652116,0.0
2020-12-13,193.31,198.59,191.75,193.58,1033670,0.0
2020-12-14,195.02,197.395,193.16,196.02,628748,0.0
2020-12-15,196.44,198.9,196.03,197.57,616552,0.0
2020-12-16,198,198.07,193.1,197.93,809967,0.0
2020-12-17,200,202.6,198.45,201.32,986844,0.0
2020-12-20,199.12,201.61,194.8719,197.84,685676,0.0
2020-12-21,196.43,198.255,195.48,196.91,418551,0.0
2020-12-22,197.05,197.05,188.7888,191.25,792454,0.0
2020-12-23,191.19,192.05,189.96,190.61,219959,0.0
2020-12-27,191.05,192.58,185.32,185.87,629005,0.0
2020-12-28,187.33,188.255,184.14,186.04,380205,0.0
2020-12-29,185.42,185.42,178.55,183.55,616205,0.0
2020-12-30,182.75,183.66,173.31,175.32,1294789,0.0
2021-01-03,174.7,174.86,166.91,168.44,1475730,0.0
2021-01-04,170.93,172.015,167.4,169,1112744,0.0
2021-01-05,167.47,169.47,165.69,166.68,766526,0.0
2021-01-06,168.26,176.91,166.91,176.36,933305,0.0
2021-01-07,176.27,180.46,174.8101,177.66,697098,0.0
2021-01-10,177.75,181.57,177.31,179.04,423238,0.0
2021-01-11,179.57,182.65,178.3,180.38,700227,0.0
2021-01-12,179.76,180.125,176.12,176.52,532480,0.0
2021-01-13,175.83,177.24,174.01,175.87,530226,0.0
2021-01-14,179.74,186.6,177.15,185.79,1107048,0.0
2021-01-18,187.86,190.58,186.37,188.78,587239,0.0
2021-01-19,189.22,193.43,188.07,190.79,603462,0.0
2021-01-20,190.42,191.77,184.15,185.79,507489,0.0
2021-01-21,185.47,186.96,181.83,182.75,1020915,0.0
2021-01-24,184.58,187.89,178.1,180.01,1410673,0.0
2021-01-25,180.3,180.3,171.25,172.63,1187640,0.0
2021-01-26,170,170.39,162.4,162.69,1120632,0.0
2021-01-27,163.39,166.835,161.5,162.51,1504181,0.0
2021-01-28,160.505,165.52,160.2,164.16,1156340,0.0
2021-01-31,162.75,164.08,159.13,162.86,948255,0.0
2021-02-01,163.97,169.29,163.74,166.13,786297,0.0
2021-02-02,164.81,166.71,162.56,163.11,474369,0.0
2021-02-03,164.23,167.49,162.39,165.37,835226,0.0
2021-02-04,166.26,199,163.76,190.61,3115573,0.0
2021-02-07,180,184.76,175.76,177.22,2109162,0.0
2021-02-08,177.9,178.17,174.09,175.75,759855,0.0
2021-02-09,176.74,176.78,169.01,169.36,1114950,0.0
2021-02-10,172.15,173.89,168.425,172.42,1013517,0.0
2021-02-11,162,169.69,158.5968,165.93,2920317,0.0
2021-02-15,166,168.12,157.4,159.34,1558738,0.0
2021-02-16,158.89,161.55,155.93,158.79,753893,0.0
2021-02-17,158.66,160.04,156.24,158.62,743467,0.0
2021-02-18,159.3,161.55,155.82,157.75,1049315,0.0
2021-02-21,155.86,159.3499,153.82,157.67,758281,0.0
2021-02-22,156.86,158.61,153.66,157.02,1139589,0.0
2021-02-23,155.92,157.53,152.94,155.11,1093804,0.0
2021-02-24,154.21,156.31,148.36,150.2,834585,0.0
2021-02-25,151.79,152.4,148.16,151.19,1424906,0.0
2021-02-28,152.21,153.55,150.58,152.63,1196103,0.0
2021-03-01,153.31,154.98,151.29,153.33,1487670,0.0
2021-03-02,153.33,153.33,146.9,147.95,1292811,0.0
2021-03-03,147.51,148.54,144.02,145.1,868035,0.0
2021-03-04,146,150.275,141.5,149.29,1690478,0.0
2021-03-07,147.46,150.84,147.19,148.78,975511,0.0
2021-03-08,151.36,154.51,149.17,150.56,1630799,0.0
2021-03-09,154.18,156.15,148.51,149.56,996385,0.0
2021-03-10,150.44,154.4,149.55,153.09,667279,0.0
2021-03-11,150.4,151.57,146.7,150.73,634747,0.0
2021-03-14,151.42,151.77,148.02,151.67,480195,0.0
2021-03-15,152.45,153,146.62,147.44,890055,0.0
2021-03-16,146.07,151.21,143.65,149.78,1212272,0.0
2021-03-17,146.73,148.66,144.86,144.95,795489,0.0
2021-03-18,146.84,147.47,144.29,146.62,1005381,0.0
2021-03-21,146.65,150.28,146.65,148.13,895548,0.0
2021-03-22,148.81,148.81,143.03,143.65,734654,0.0
2021-03-23,143.12,143.61,138.55,140.16,971260,0.0
2021-03-24,140.9,140.9,134.51,139.25,1498814,0.0
2021-03-25,137.54,139.87,136.63,139.65,990257,0.0
2021-03-28,139.64,141.31,137.38,139.95,644790,0.0
2021-03-29,138.76,140.69,136.42,137.5,951612,0.0
2021-03-30,137.84,141.04,137.02,138.86,1223215,0.0
2021-03-31,140.8,145.5,139.34,143.53,839555,0.0
2021-04-04,142.91,144.32,142.1201,143.81,424764,0.0
2021-04-05,143.95,148.21,142.92,145.24,691054,0.0
2021-04-06,145.44,147.46,144.18,144.62,652772,0.0
2021-04-07,148.31,147.92,143.8098,144.47,435442,0.0
2021-04-08,143.95,144.325,140.83,142.85,428481,0.0
2021-04-11,142.31,142.35,139.46,140.69,752404,0.0
2021-04-12,141.02,142.29,138.73,140.89,764311,0.0
2021-04-13,142,147.5,141.02,144.19,703928,0.0
2021-04-14,145.19,151.905,144.94,149.57,1014828,0.0
2021-04-15,149.54,148.85,143.49,145.49,950135,0.0
2021-04-18,147.26,146.5,143,144.05,396436,0.0
2021-04-19,144.89,146.935,143.96,144.76,541420,0.0
2021-04-20,144.04,147.52,143.69,147.42,712714,0.0
2021-04-21,147.14,147.14,143,143.85,621717,0.0
2021-04-22,143.9,148.0263,143.07,147.05,573540,0.0
2021-04-25,147.36,148.53,145.77,147.41,379712,0.0
2021-04-26,147.51,148.55,143.4,144.29,598785,0.0
2021-04-27,144,145.23,141.17,144.52,1073480,0.0
2021-04-28,144.64,145.45,138.13,139.23,1019560,0.0
2021-04-29,136.44,146.24,134.1,143.71,1313130,0.0
2021-05-02,142.65,146.95,141.38,142.24,592287,0.0
2021-05-03,141.44,141.44,133.2,136.16,1372298,0.0
2021-05-04,136.92,137.945,134.01,135.12,687619,0.0
2021-05-05,134.19,136.12,133.68,136.06,1020439,0.0
2021-05-06,138,141.99,136.86,139.48,428953,0.0
2021-05-09,138.53,138.87,134.97,136.15,489792,0.0
2021-05-10,134.25,140.01,133.51,139.13,740787,0.0
2021-05-11,137.6,147.64,136.53,144.77,1409264,0.0
2021-05-12,145.82,147.05,142.16,144.73,759838,0.0
2021-05-13,144.97,148.86,142.4,147.51,628051,0.0
2021-05-16,145.94,150.69,144.91,148.01,1240670,0.0
2021-05-17,148.06,152.36,146.95,148.44,777272,0.0
2021-05-18,148.67,148.88,145.52,148.73,628422,0.0
2021-05-19,150.25,156.47,148.94,155.32,956545,0.0
2021-05-20,155.71,156.91,152.96,153.39,569395,0.0
