Date,Open,High,Low,Close,Volume,OpenInterest
2017-06-01,75.13,75.99,74.99,75.83,988798,0.0
2017-06-04,75.61,76.25,75.61,75.77,688360,0.0
2017-06-05,75.71,76.43,75.41,75.81,649261,0.0
2017-06-06,76.23,76.33,75.58,76.07,644668,0.0
2017-06-07,76.12,76.45,75.72,76.12,593928,0.0
2017-06-08,75.95,76.57,74.43,74.93,948525,0.0
2017-06-11,74.39,74.76,73.05,73.88,1198748,0.0
2017-06-12,74.12,74.67,73.95,74.66,930270,0.0
2017-06-13,74.95,74.96,73.71,74.34,743531,0.0
2017-06-14,74.11,74.11,73.13,74.01,752993,0.0
2017-06-15,73.77,74.325,73.58,73.8,756511,0.0
2017-06-18,73.73,75.175,73.72,74.71,777379,0.0
2017-06-19,74.45,75.27,74.45,74.61,617528,0.0
2017-06-20,74.95,74.98,74.14,74.66,631478,0.0
2017-06-21,74.74,74.92,74.04,74.6,614635,0.0
2017-06-22,74.59,74.87,74.31,74.36,605586,0.0
2017-06-25,74.36,74.935,74.26,74.51,592558,0.0
2017-06-26,74.39,74.815,73.61,73.64,640343,0.0
2017-06-27,73.98,74.46,73.65,74.269,576470,0.0
2017-06-28,74.04,74.25,72.4,72.97,630580,0.0
2017-06-29,73.02,73.35,72.755,72.92,461190,0.0
2017-07-02,73.37,73.44,72.08,72.1,370026,0.0
2017-07-04,72.43,72.99,72.0501,72.74,763103,0.0
2017-07-05,72.48,72.655,71.94,72.53,701144,0.0
2017-07-06,72.67,73.53,72.26,73.17,450820,0.0
2017-07-09,73.22,73.841,73.04,73.52,532889,0.0
2017-07-10,73.51,73.89,73.0358,73.55,459529,0.0
2017-07-11,74,75.25,73.4257,75.16,666615,0.0
2017-07-12,75.16,75.43,74.71,74.9,460306,0.0
2017-07-13,75.04,75.41,74.67,75.26,354176,0.0
2017-07-16,75.3,75.83,75.02,75.64,351748,0.0
2017-07-17,75.49,75.69,75.16,75.66,255743,0.0
2017-07-18,75.85,76.51,75.74,76.41,375854,0.0
2017-07-19,76.48,76.56,75.49,75.84,386808,0.0
2017-07-20,75.59,76.18,75.59,75.9,299264,0.0
2017-07-23,75.95,76.36,75.7276,76.34,216379,0.0
2017-07-24,76.02,76.97,76.02,76.41,585670,0.0
2017-07-25,76.57,77.25,76.47,76.69,262858,0.0
2017-07-26,76.85,77.29,75.61,76.36,520998,0.0
2017-07-27,76.23,76.68,75.98,76.43,226034,0.0
2017-07-30,76.6,76.85,76.08,76.58,325521,0.0
2017-07-31,76.9,76.9,76.37,76.76,379714,0.0
2017-08-01,76.81,76.96,75.63,76.03,446247,0.0
2017-08-02,76.11,76.28,75.53,76.08,517081,0.0
2017-08-03,76.06,76.64,75.82,76.61,251464,0.0
2017-08-06,76.69,77.22,76.48,77.14,341250,0.0
2017-08-07,77.13,77.55,76.75,76.82,540000,0.0
2017-08-08,76.45,77.05,76.2288,76.85,413530,0.0
2017-08-09,76.56,76.6952,75.59,75.64,591999,0.0
2017-08-10,76,76.5,75.63,76.28,425769,0.0
2017-08-13,76.86,77.495,76.83,77.29,337144,0.0
2017-08-14,77.49,78.97,76.95,78.21,721980,0.0
2017-08-15,78.31,79.45,78.06,79.09,704999,0.0
2017-08-16,76.72,79.66,76.6125,76.76,1251831,0.0
2017-08-17,76.83,78.005,76.71,77.22,914489,0.0
2017-08-20,77.32,78.015,77.16,77.95,580231,0.0
2017-08-21,78.22,78.94,77.89,78.84,497099,0.0
2017-08-22,78.57,78.94,78.51,78.53,461829,0.0
2017-08-23,78.68,78.78,77.87,78.55,354724,0.0
2017-08-24,78.75,79.36,78.43,78.49,510363,0.0
2017-08-27,78.83,79.03,78.4454,78.8,594458,0.0
2017-08-28,78.14,78.9889,78,78.82,525082,0.0
2017-08-29,78.71,79.86,78.66,79.6,376553,0.0
2017-08-30,79.75,80.45,79.57,80.41,611274,0.0
2017-08-31,80.05,80.7,80.05,80.41,539163,0.0
2017-09-04,79.99,80.38,79.28,80,458754,0.0
2017-09-05,80.07,80.1901,79.52,80,490135,0.0
2017-09-06,80.12,80.55,79.78,79.79,554164,0.0
2017-09-07,79.78,79.96,79.33,79.54,415330,0.0
2017-09-10,79.93,80.49,79.34,79.6,560200,0.0
2017-09-11,79.62,79.685,78.66,79.57,660992,0.0
2017-09-12,79.37,79.37,78.88,79.11,235534,0.0
2017-09-13,79.01,80.46,78.73,80.2,504178,0.0
2017-09-14,80.13,80.48,79.52,79.8,574624,0.0
2017-09-17,79.94,80.59,79.88,80.43,395253,0.0
2017-09-18,80.6,81.57,80.47,81.15,556229,0.0
2017-09-19,81,81.23,80.1,80.68,449911,0.0
2017-09-20,80.73,80.8,79.76,80.07,276849,0.0
2017-09-21,79.72,80.65,79.72,80.37,282192,0.0
2017-09-24,80.19,80.3499,79.04,79.43,295841,0.0
2017-09-25,79.71,80.02,79,79.16,382382,0.0
2017-09-26,79.5,80.13,79.39,79.82,395226,0.0
2017-09-27,79.63,79.99,79.1501,79.87,246795,0.0
2017-09-28,79.94,80.55,79.69,80.54,520191,0.0
2017-10-01,80.67,81.54,80.67,81.17,777059,0.0
2017-10-02,81.27,81.53,81.04,81.27,416789,0.0
2017-10-03,81.13,81.93,80.94,81.89,300610,0.0
2017-10-04,82,82.16,81.52,82.07,306557,0.0
2017-10-05,82.03,82.545,81.52,82.48,283577,0.0
2017-10-08,82.48,82.84,82.401,82.71,242031,0.0
2017-10-09,82.57,82.74,82.18,82.66,418487,0.0
2017-10-10,82.66,83.41,82.65,82.86,1127335,0.0
2017-10-11,83.1,84.93,83,84.74,761039,0.0
2017-10-12,84.96,85,84.3,84.62,595219,0.0
2017-10-15,84.6,84.995,84.05,84.07,331980,0.0
2017-10-16,83.77,84,83.47,83.74,320705,0.0
2017-10-17,83.7,83.725,82.72,83.18,307287,0.0
2017-10-18,82.69,83.39,82.44,83.38,469871,0.0
2017-10-19,83.72,84.55,83.64,84.32,418094,0.0
2017-10-22,84.53,84.98,84.18,84.28,334252,0.0
2017-10-23,84.31,84.95,83.92,84.79,466884,0.0
2017-10-24,85.45,86.81,85.22,85.69,910782,0.0
2017-10-25,85.99,87,85.74,86.8,750872,0.0
2017-10-26,87.45,87.9,86.13,87.19,517335,0.0
2017-10-29,86.87,87.18,86.05,86.27,586543,0.0
2017-10-30,86.58,86.69,86.14,86.52,376948,0.0
2017-10-31,87.07,87.21,85.71,86.13,479001,0.0
2017-11-01,86.16,87.01,86.05,86.95,439351,0.0
2017-11-02,86.9,87.52,86.56,86.92,432857,0.0
2017-11-05,86.96,87.47,86.02,87.23,455437,0.0
2017-11-06,87.4,87.91,86.75,86.9,774516,0.0
2017-11-07,86.89,87.24,86.8,87.05,636388,0.0
2017-11-08,86.48,86.955,85.68,86.89,452490,0.0
2017-11-09,86.41,87.34,86.28,87.29,1029623,0.0
2017-11-12,87.08,87.94,87.05,87.81,534532,0.0
2017-11-13,87.54,88.08,87.27,87.76,675474,0.0
2017-11-14,87.36,88.08,87.08,87.63,468318,0.0
2017-11-15,88.06,89.23,87.912,89.04,792137,0.0
2017-11-16,88.89,89.4,88.35,88.37,590646,0.0
2017-11-19,88.51,89.03,88.42,88.88,515354,0.0
2017-11-20,89.28,89.81,89.05,89.37,410352,0.0
2017-11-21,89.29,89.56,88.88,89.34,359150,0.0
2017-11-23,89.55,90.33,89.46,90.14,226291,0.0
2017-11-26,90.08,90.08,89.08,89.23,675252,0.0
2017-11-27,89.82,90.31,89.3,89.82,674100,0.0
2017-11-28,89.7,89.74,86.4701,86.66,1159486,0.0
2017-11-29,94.7,94.8,90.36,90.38,1966309,0.0
2017-11-30,90.44,91.19,88.29,90.32,1353054,0.0
2017-12-03,90.62,91.4453,87.71,87.72,843132,0.0
2017-12-04,87.46,89.01,87.01,87.36,761274,0.0
2017-12-05,87.27,88.79,86.77,88.64,733130,0.0
2017-12-06,89.05,90.54,88.55,90.33,848819,0.0
2017-12-07,90.67,91.32,90.32,90.53,755783,0.0
2017-12-10,90.42,91,89.43,89.56,692868,0.0
2017-12-11,87.39,88.53,86.7792,87.59,1037367,0.0
2017-12-12,88.05,89.2,87.88,88.25,750840,0.0
2017-12-13,88.5,89.03,87.53,87.99,654823,0.0
2017-12-14,88.16,88.84,87.51,87.86,1513761,0.0
2017-12-17,88.7,89.54,87.7183,87.93,1037209,0.0
2017-12-18,87.87,88.55,87.41,88.36,896559,0.0
2017-12-19,88.46,88.46,86.94,87.1,491752,0.0
2017-12-20,87.58,87.81,86.23,86.49,418573,0.0
2017-12-21,86.4,86.42,85.34,85.81,625998,0.0
2017-12-25,85.65,85.91,85.225,85.35,625807,0.0
2017-12-26,85.5,86.23,85.05,85.7,734413,0.0
2017-12-27,86,86.24,85.17,85.65,426110,0.0
2017-12-28,85.57,86.16,85.22,85.25,383789,0.0
2018-01-01,85.9,86.13,85.08,86.03,717631,0.0
2018-01-02,85.94,87.25,85.74,87.05,629618,0.0
2018-01-03,87.25,88.7,87.05,87.89,732784,0.0
2018-01-04,88.28,89.4,87.9,88.93,642780,0.0
2018-01-07,88.74,89.92,88.56,89.77,508725,0.0
2018-01-08,89.91,90.47,89.36,89.72,549474,0.0
2018-01-09,89.28,89.6,88.84,89.33,476493,0.0
2018-01-10,89.41,90.41,89.06,89.71,484220,0.0
2018-01-11,89.89,90.6,89.55,90.37,300370,0.0
2018-01-15,90.41,91.29,89.03,89.27,684844,0.0
2018-01-16,89.94,91.29,89.82,91,401875,0.0
2018-01-17,90.75,92.02,90.75,91.47,631633,0.0
2018-01-18,91.88,92.69,91.365,92.6,648167,0.0
2018-01-21,92.47,93.49,92.04,92.95,483377,0.0
2018-01-22,93.02,93.46,92.5,93.38,348541,0.0
2018-01-23,93.83,94.14,92.72,92.84,417032,0.0
2018-01-24,93.16,93.69,91.71,91.91,440429,0.0
2018-01-25,92.43,93.08,92.16,92.95,481715,0.0
2018-01-28,92.52,92.985,91.2,91.26,562426,0.0
2018-01-29,91.23,91.92,90.99,91.34,521933,0.0
2018-01-30,91.51,92.91,91.275,92.61,675904,0.0
2018-01-31,91.89,92.94,90.89,91.38,704784,0.0
2018-02-01,90.83,91.57,90.14,90.17,627868,0.0
2018-02-04,89.92,91.37,87.62,87.62,997727,0.0
2018-02-05,86.6,87.92,83.83,87.45,1240737,0.0
2018-02-06,86.89,87.68,85.82,85.86,1043371,0.0
2018-02-07,85.85,86.25,82.56,82.62,1293598,0.0
2018-02-08,83.32,85.16,82.1,84.35,1201514,0.0
2018-02-11,84.77,85.79,84.38,85.33,672229,0.0
2018-02-12,84.76,85.77,84.36,85.52,532614,0.0
2018-02-13,84.77,86.68,84.56,86.62,1020896,0.0
2018-02-14,87.03,89.13,86.39,88.98,811505,0.0
2018-02-15,88.86,89.76,88.771,89.06,840005,0.0
2018-02-19,88.84,89.99,88.52,89.77,767679,0.0
2018-02-20,89.9,90.39,88.42,88.53,981658,0.0
2018-02-21,91.15,92.88,84.35,84.37,2777581,0.0
2018-02-22,85.2,85.58,84.22,85.25,1152566,0.0
2018-02-25,85.79,86.225,84.89,85.47,634449,0.0
2018-02-26,85.9,86.37,84.87,84.92,724256,0.0
2018-02-27,85.27,86.14,84.67,84.67,614380,0.0
2018-02-28,84.67,85.19,83.62,84.53,1263731,0.0
2018-03-01,83.81,85.95,83.09,85.77,700877,0.0
2018-03-04,85.44,86.39,84.5,86.06,444997,0.0
2018-03-05,86.21,86.8,86.03,86.27,533218,0.0
2018-03-06,85.96,86.82,85.78,86.74,425676,0.0
2018-03-07,87,88.75,86.79,88.64,1099986,0.0
2018-03-08,88.96,89.86,88.14,89.73,603260,0.0
2018-03-11,89.9,89.99,89.06,89.09,369886,0.0
2018-03-12,89.58,90.1,88.17,88.49,488814,0.0
2018-03-13,88.92,89.09,87.29,87.83,372848,0.0
2018-03-14,88.04,88.59,87.415,87.81,376226,0.0
2018-03-15,88.11,88.44,87.49,88.06,525085,0.0
2018-03-18,87.72,87.91,85.76,86.64,520046,0.0
2018-03-19,86.71,87.25,86.52,86.71,319702,0.0
2018-03-20,86.6,87.51,86.14,86.6,439131,0.0
2018-03-21,85.72,86.44,84.74,84.82,557610,0.0
2018-03-22,84.74,85,82.34,82.36,486139,0.0
2018-03-25,83.43,84.32,82.66,84.23,532520,0.0
2018-03-26,84.69,85.41,82.5,82.9,673019,0.0
2018-03-27,82.81,84.01,82.15,82.3,816859,0.0
2018-03-28,82.7,84.49,82.46,83.24,609119,0.0
2018-04-01,83.01,83.4,80.13,80.78,778043,0.0
2018-04-02,81.04,81.86,80.51,81.64,530385,0.0
2018-04-03,80.67,82.94,80.26,82.74,640307,0.0
2018-04-04,83.4,83.78,82.81,82.96,515663,0.0
2018-04-05,82.55,83.03,80.91,81.39,867651,0.0
2018-04-08,81.76,83.41,81.6284,81.76,444996,0.0
2018-04-09,82.53,83.26,81.96,82.63,778007,0.0
2018-04-10,82.22,83.9,82.15,83.15,570537,0.0
2018-04-11,83.28,84.93,82.5828,84.47,374197,0.0
2018-04-12,84.84,84.94,83.55,83.82,518151,0.0
2018-04-15,84.06,84.56,83.37,84.48,623720,0.0
2018-04-16,85,86.27,84.42,86.2,576392,0.0
2018-04-17,85.89,86.2699,85.34,85.69,367727,0.0
2018-04-18,85.42,85.745,83.82,84.14,571483,0.0
2018-04-19,84,84.1684,82.64,83,1124585,0.0
2018-04-22,83.32,83.88,82.555,82.6,639689,0.0
2018-04-23,83.48,85.12,83.02,84.04,1298744,0.0
2018-04-24,83.94,85.27,82.38,83.75,1040924,0.0
2018-04-25,84.08,85.62,83.67,85.41,691930,0.0
2018-04-26,85.47,85.78,84.69,85.2,482921,0.0
2018-04-29,85.5,85.9,85.2443,85.48,700039,0.0
2018-04-30,85.4,86.15,85.17,86.06,446464,0.0
2018-05-01,85.84,86.49,85.4,86.03,651797,0.0
2018-05-02,85.87,86.53,85.14,86.49,842056,0.0
2018-05-03,86.13,88.03,85.55,87.73,328302,0.0
2018-05-06,88.1,89.31,88.02,89,737234,0.0
2018-05-07,88.89,89.62,88.3911,89.06,570573,0.0
2018-05-08,89.26,90.975,88.96,90.83,503019,0.0
2018-05-09,91.03,91.39,90.71,91.19,700695,0.0
2018-05-10,91.05,91.64,90.66,91.01,538933,0.0
2018-05-13,91.15,91.4,89.79,89.81,521781,0.0
2018-05-14,89.18,89.435,88.45,88.69,698769,0.0
2018-05-15,88.71,89.17,88.17,88.97,586461,0.0
2018-05-16,88.76,89.35,88.3144,88.9,334488,0.0
2018-05-17,88.89,89.5,88.67,89.26,653775,0.0
2018-05-20,89.58,89.96,89.04,89.44,474221,0.0
2018-05-21,89.62,90.1599,89.14,89.27,507225,0.0
2018-05-22,88.75,90.34,88.21,90.32,726468,0.0
2018-05-23,88.1,90.33,86.51,88.53,1712643,0.0
2018-05-24,88.81,88.81,87.69,88.35,620833,0.0
2018-05-28,87.98,88.24,87.26,87.77,552951,0.0
2018-05-29,88.11,88.49,87.49,87.49,429785,0.0
2018-05-30,88.07,88.86,87.61,88.09,718690,0.0
2018-05-31,88.49,89.54,88,89.46,551155,0.0
2018-06-03,89.38,89.95,88.77,89.66,385389,0.0
2018-06-04,90,90.43,89.67,90.32,562345,0.0
2018-06-05,90.97,91.53,90.65,91.48,635546,0.0
2018-06-06,91.31,91.67,89.47,90.13,525185,0.0
2018-06-07,89.93,90.54,89.5,90.51,454260,0.0
2018-06-10,90.5,90.66,90.12,90.59,364824,0.0
2018-06-11,90.65,91.05,90.2501,90.79,267978,0.0
2018-06-12,90.79,91.39,90.32,90.5,357712,0.0
2018-06-13,90.86,91.36,90.34,90.87,299223,0.0
2018-06-14,90.9,90.92,89.83,90.56,592224,0.0
2018-06-17,89.56,90.57,89.1874,90.48,635898,0.0
2018-06-18,89.6,89.93,88.945,89.19,765228,0.0
2018-06-19,89.7,90.99,89.38,90.3,709481,0.0
2018-06-20,90.29,90.72,89.14,89.23,429529,0.0
2018-06-21,89.52,89.7,88.05,88.12,468743,0.0
2018-06-24,87.69,88.09,85.97,86.52,722058,0.0
2018-06-25,86.67,87.25,86.31,86.39,531285,0.0
2018-06-26,86.6,87.44,84.45,84.58,817234,0.0
2018-06-27,84.56,85.26,84.01,84.99,474016,0.0
2018-06-28,85.27,86.13,85.157,85.59,814858,0.0
2018-07-01,85.13,86.46,84.75,86.42,483865,0.0
2018-07-02,86.89,87.085,85.87,86.27,332006,0.0
2018-07-04,86.86,87.41,86.4,87.17,424444,0.0
2018-07-05,87.14,88.27,87.13,88.19,517740,0.0
2018-07-08,88.52,88.75,87.75,88.5,510032,0.0
2018-07-09,88.82,89.05,88.26,88.98,716597,0.0
2018-07-10,88.23,89.29,88.23,89.19,618874,0.0
2018-07-11,89.68,91.56,89.17,91.47,635078,0.0
2018-07-12,91.22,91.67,91.09,91.42,411080,0.0
2018-07-15,91.58,91.79,91.21,91.5,605827,0.0
2018-07-16,91,92.449,90.785,92.12,751213,0.0
2018-07-17,92.11,92.62,91.6,91.94,930051,0.0
2018-07-18,91.75,92.34,91.55,91.78,511751,0.0
2018-07-19,91.73,92.5,91.6,91.69,788355,0.0
2018-07-22,91.69,92,91.22,91.83,387650,0.0
2018-07-23,92.25,92.7,91.675,91.97,722882,0.0
2018-07-24,91.84,93.17,91.84,93.17,792598,0.0
2018-07-25,93.1,93.58,92.83,93.15,454407,0.0
2018-07-26,93.23,93.66,91.91,92.58,1389406,0.0
2018-07-29,92.39,92.75,89.27,89.3,1469083,0.0
2018-07-30,89.61,90.04,88.48,89.43,670209,0.0
2018-07-31,89.23,90.44,89.23,89.76,473653,0.0
2018-08-01,89.02,90.7,89.02,90.66,761264,0.0
2018-08-02,90.9,91.23,90.3,91.12,334285,0.0
2018-08-05,91.04,92.38,90.7,92.33,502809,0.0
2018-08-06,92.42,92.89,91.98,92.65,999602,0.0
2018-08-07,92.67,92.99,92.17,92.86,474136,0.0
2018-08-08,92.99,93.74,92.96,93.41,709004,0.0
2018-08-09,92.77,93.87,92.77,93.54,784232,0.0
2018-08-12,93.65,94.105,92.39,92.85,596278,0.0
2018-08-13,92.9,93.47,92.65,93.2,386750,0.0
2018-08-14,92.59,93.1,91.63,92.63,507295,0.0
2018-08-15,93.31,93.54,92.7,93.44,544355,0.0
2018-08-16,93.05,93.5,92.535,93.34,536384,0.0
2018-08-19,93.7,93.98,92.88,93.55,517297,0.0
2018-08-20,93.63,94.22,93.63,93.92,450932,0.0
2018-08-21,93.76,94.8,93.76,94.7,726237,0.0
2018-08-22,98.57,101.76,96.57,100.73,3447066,0.0
2018-08-23,101.1,102.41,100.69,102.13,1264470,0.0
2018-08-26,102.5,102.91,102.02,102.13,815498,0.0
2018-08-27,102.03,102.66,101.36,101.87,531484,0.0
2018-08-28,102.03,102.83,101.58,102.16,547657,0.0
2018-08-29,101.88,102.29,101.65,102.04,495902,0.0
2018-08-30,101.94,102.66,101.88,102.14,420214,0.0
2018-09-03,101.54,102.14,101.19,101.83,496957,0.0
2018-09-04,101.32,101.76,99.8684,100.68,858998,0.0
2018-09-05,100.71,101.95,100.54,101.78,702316,0.0
2018-09-06,101.28,102.23,101,102.07,752226,0.0
2018-09-09,102.5,103,102.19,102.57,991532,0.0
2018-09-10,102.61,102.88,102.11,102.44,992601,0.0
2018-09-11,101.325,102.5,101.325,102.09,687666,0.0
2018-09-12,102.54,103,102.21,102.79,513419,0.0
2018-09-13,103,103.4,102.2562,102.73,462332,0.0
2018-09-16,102.5,102.5,99.92,100.07,841468,0.0
2018-09-17,100.16,100.95,99.56,99.59,604876,0.0
2018-09-18,99.93,99.93,98.16,98.94,671436,0.0
2018-09-19,99.86,100.01,99.2692,99.78,952317,0.0
2018-09-20,100.2,100.5,99.02,99.23,1033020,0.0
2018-09-23,98.6,99.63,98.01,99.42,945661,0.0
2018-09-24,99.32,99.95,98.7,98.82,1123891,0.0
2018-09-25,98.72,99.39,97.9,98.02,987976,0.0
2018-09-26,98.03,99.14,97.98,98.66,762490,0.0
2018-09-27,98.64,98.94,98.12,98.6,808432,0.0
2018-09-30,99.16,99.305,97.68,97.85,680917,0.0
2018-10-01,97.85,98.56,96.65,96.97,801237,0.0
2018-10-02,97.29,97.74,96.75,97.33,584048,0.0
2018-10-03,97.13,97.87,93.9,94.62,1042509,0.0
2018-10-04,94.63,95.22,92.65,93.2,1229196,0.0
2018-10-07,92.97,93.47,89.48,91.29,1338566,0.0
2018-10-08,91.09,92.1594,90.45,90.9,948537,0.0
2018-10-09,90.4,90.73,86.765,86.81,1085215,0.0
2018-10-10,86.7,88.46,85.57,85.76,1013799,0.0
2018-10-11,87.11,88.41,86.12,88.11,1075091,0.0
2018-10-14,87.67,87.8,86.41,86.87,707015,0.0
2018-10-15,87.85,89.44,87.52,89.23,731946,0.0
2018-10-16,89.47,89.72,88.44,89.58,602930,0.0
2018-10-17,89.23,89.29,88.27,88.55,1369769,0.0
2018-10-18,89.11,89.88,87.82,88.1,1264108,0.0
2018-10-21,88.46,89.42,87.83,88.82,666428,0.0
2018-10-22,88.73,92.72,88.27,92.41,1503829,0.0
2018-10-23,91.71,92.39,87.7,87.76,1101775,0.0
2018-10-24,88.56,90.26,87.69,89.64,865539,0.0
2018-10-25,87.3,89.07,86.42,87.5,811580,0.0
2018-10-28,88.9,89.77,85,86.92,949307,0.0
2018-10-29,87.17,88.1899,86.53,87.81,471181,0.0
2018-10-30,88.69,90.33,88.39,89.52,470037,0.0
2018-10-31,89.55,90.29,88.08,90.14,617107,0.0
2018-11-01,90.36,90.83,88.685,89.56,409565,0.0
2018-11-04,89.79,90.12,88.5203,89.98,474724,0.0
2018-11-05,89.84,90.5,88.66,90.27,794003,0.0
2018-11-06,91.22,93.44,91.13,93.21,857491,0.0
2018-11-07,92.96,94.35,92.8,94.35,549012,0.0
2018-11-08,93.86,94.44,92.5,93.35,514193,0.0
2018-11-11,93.09,93.09,89.53,89.73,614023,0.0
2018-11-12,90.07,91.03,89.37,89.9,547708,0.0
2018-11-13,90.69,91.172,89.395,89.59,798573,0.0
2018-11-14,88.535,91.9,88.535,91.56,769546,0.0
2018-11-15,90.63,90.89,89.77,90.05,1362835,0.0
2018-11-18,90.22,90.22,85.44,85.73,1105310,0.0
2018-11-19,84.94,86.01,82.76,85.16,1507382,0.0
2018-11-20,86.39,87.615,84.66,86.65,1341142,0.0
2018-11-22,85.77,86.23,84.9,85.55,479760,0.0
2018-11-25,86.67,88.42,85.84,88.32,1122709,0.0
2018-11-26,88.09,88.87,86.33,86.95,1179612,0.0
2018-11-27,87.33,90.45,86.7,90.45,1308455,0.0
2018-11-28,89.77,90.5,88.58,89.52,838424,0.0
2018-11-29,89.85,91.96,89.235,91.83,1232878,0.0
2018-12-02,92.96,93.85,91.79,92.929,1186238,0.0
2018-12-03,92.27,92.84,89.1,89.46,1123310,0.0
2018-12-05,91.06,93.15,86.99,91.17,2015803,0.0
2018-12-06,90.37,90.4841,87.1,87.81,1209309,0.0
2018-12-09,87.66,89.73,87.1,89.32,1048983,0.0
2018-12-10,90.6,90.97,88.69,89.07,1087326,0.0
2018-12-11,90.93,91.255,89.72,89.76,1110554,0.0
2018-12-12,90.39,90.59,88.5625,89.29,972743,0.0
2018-12-13,88.27,89.2,87.25,87.69,872743,0.0
2018-12-16,87.66,87.85,85.18,85.64,774749,0.0
2018-12-17,86.32,87.23,84.97,85.65,852961,0.0
2018-12-18,85.36,86.5,83.18,84.11,1246758,0.0
2018-12-19,84.17,85.07,82.5,83.71,1094721,0.0
2018-12-20,83.92,85,80.85,80.9,1402826,0.0
2018-12-23,80.47,81.38,79.14,79.23,458481,0.0
2018-12-25,79.8,82.84,79.4,82.78,2772261,0.0
2018-12-26,81.56,83.68,80.72,83.25,899291,0.0
2018-12-27,84.04,84.65,82.44,83.59,666726,0.0
2018-12-30,84.01,84.47,83.43,83.78,559801,0.0
2019-01-01,82.37,84.73,82.31,83.965,736358,0.0
2019-01-02,82.94,83.26,81.08,81.17,634760,0.0
2019-01-03,82.32,84.71,81.97,83.93,842329,0.0
2019-01-06,83.88,86.17,83.59,85.86,642896,0.0
2019-01-07,86.79,87.34,85.65,86.03,856367,0.0
2019-01-08,86.21,87.7,85.9,86.865,887332,0.0
2019-01-09,86.54,88.07,86.2,87.81,680209,0.0
2019-01-10,87.28,87.99,86.76,87.72,914989,0.0
2019-01-13,87.15,87.84,86.53,87.46,771641,0.0
2019-01-14,87.66,88.54,87.55,88.395,996868,0.0
2019-01-15,88.22,89.33,88.22,88.93,563639,0.0
2019-01-16,88.31,89.71,88.3,89.13,660294,0.0
2019-01-17,90.05,91.8424,89.35,91.39,997296,0.0
2019-01-21,90.76,91.39,89.39,89.56,753421,0.0
2019-01-22,89.95,91.22,89.38,89.96,767439,0.0
2019-01-23,90.02,91.46,90,91.45,998961,0.0
2019-01-24,92.44,93.8372,92.12,93.51,1045912,0.0
2019-01-27,92.39,92.39,90.89,91.61,534134,0.0
2019-01-28,91.45,91.53,89.77,90.33,491505,0.0
2019-01-29,90.69,92.5,90.26,92.44,624454,0.0
2019-01-30,92.47,93.81,92.17,93.36,570574,0.0
2019-01-31,93.51,94.88,92.9,94.85,650286,0.0
2019-02-03,95,97.59,94.87,97.53,1097126,0.0
2019-02-04,97.9,98.81,97.71,98.735,1235517,0.0
2019-02-05,98.75,99.82,98.25,99.75,910096,0.0
2019-02-06,98.7,99.1,97.7606,98.4,579335,0.0
2019-02-07,97.78,99.5,97.48,99.3332,424944,0.0
2019-02-10,99.68,99.86,98.72,98.94,577770,0.0
2019-02-11,99.71,101.71,99.1,101.67,794074,0.0
2019-02-12,102,102.28,100.63,100.66,725763,0.0
2019-02-13,100.28,101.33,100.09,100.8,727440,0.0
2019-02-14,101.57,101.74,100.82,101.59,465173,0.0
2019-02-18,101.24,101.88,100.63,101.87,623211,0.0
2019-02-19,102.36,103.73,102.36,103.02,1184217,0.0
2019-02-20,104.06,104.2,98.64,101.45,2876617,0.0
2019-02-21,101.71,102.83,101.03,102.3,1762561,0.0
2019-02-24,103,103.68,102.67,102.92,761203,0.0
2019-02-25,102.43,103.14,102.01,102.6,594771,0.0
2019-02-26,102.14,102.7,101.47,102.63,440400,0.0
2019-02-27,102.57,103.07,101.65,101.68,875219,0.0
2019-02-28,102.17,103.39,101.85,103.19,714267,0.0
2019-03-03,103.32,103.94,101.32,103,1013642,0.0
2019-03-04,102.95,103.52,102.58,103.39,724344,0.0
2019-03-05,103.38,104.18,102.81,103.7,794194,0.0
2019-03-06,103.54,103.8,102.55,103.27,904388,0.0
2019-03-07,100.65,103.3,100.65,103.21,943936,0.0
2019-03-10,103.52,105.5,103.52,105.39,895490,0.0
2019-03-11,105.82,107.26,105.79,106.92,1271781,0.0
2019-03-12,107.35,108.33,107.35,107.625,898791,0.0
2019-03-13,107.5,108.23,107.11,108.01,734163,0.0
2019-03-14,108.05,110.15,108,109.18,1371178,0.0
2019-03-17,109.03,109.69,108.74,109.31,1067971,0.0
2019-03-18,109.97,110.14,108.741,109.2,872176,0.0
2019-03-19,109.17,110.01,108.34,109.26,745601,0.0
2019-03-20,109.13,112.93,109.045,112.91,1166688,0.0
2019-03-21,112.4,112.5,110.29,110.31,1249020,0.0
2019-03-24,109.94,111.38,109.11,111.36,978116,0.0
2019-03-25,112.36,113.07,111.84,112.43,1099413,0.0
2019-03-26,112.52,113,110.9,112.47,1247607,0.0
2019-03-27,112.74,114.08,112.2383,113.92,771338,0.0
2019-03-28,114.71,115.2058,114,115.15,909196,0.0
2019-03-31,116.49,117.78,115.84,117.58,538411,0.0
2019-04-01,117.57,117.66,115.74,117.53,1372401,0.0
2019-04-02,118.45,119.23,116.94,117.45,1143580,0.0
2019-04-03,117.49,117.77,114.48,115.26,1114145,0.0
2019-04-04,115.88,116.74,115.02,116.61,799977,0.0
2019-04-07,116.22,116.67,114.83,116.43,530324,0.0
2019-04-08,116.12,117.01,116.06,116.7,571861,0.0
2019-04-09,116.8,117.73,116.6901,117.27,651072,0.0
2019-04-10,117.58,118.27,116.86,117.76,737387,0.0
2019-04-11,118.69,119.21,117.39,118.14,549072,0.0
2019-04-14,118.31,118.94,117.03,117.57,589997,0.0
2019-04-15,118.08,118.51,116.12,116.7,670948,0.0
2019-04-16,117.45,117.57,115.97,116.02,817759,0.0
2019-04-17,116.55,116.55,113.81,115.98,1014932,0.0
2019-04-21,115.7,117.46,115.01,116.98,421538,0.0
2019-04-22,118.42,120.745,118.03,119.9,1236461,0.0
2019-04-23,120.25,121.37,119.78,119.89,844748,0.0
2019-04-24,119.95,120.43,118.41,119.69,632519,0.0
2019-04-25,119.61,120.12,118.19,120.1,668600,0.0
2019-04-28,120.18,120.98,119.84,119.86,492267,0.0
2019-04-29,119.88,121.18,119.66,121.11,552251,0.0
2019-04-30,121.32,121.45,120.05,120.1,544617,0.0
2019-05-01,120,121,119.19,120.74,687726,0.0
2019-05-02,120.5,122.36,120.26,121.65,601643,0.0
2019-05-05,119.18,121.83,118.37,121.51,600963,0.0
2019-05-06,120.27,120.89,118.59,119.7,689057,0.0
2019-05-07,119.32,120.15,118.3,119.34,537578,0.0
2019-05-08,117.73,119.25,116.89,118.89,621121,0.0
2019-05-09,118.18,120.26,116.61,119.83,568964,0.0
2019-05-12,117.06,118.47,115.66,115.85,735348,0.0
2019-05-13,116.49,118.38,116.37,117.75,643790,0.0
2019-05-14,117.51,120.33,117.17,120.22,561256,0.0
2019-05-15,120.53,124.12,120.53,123.18,1938973,0.0
2019-05-16,123.5,123.8,121.1,121.39,1287354,0.0
2019-05-19,121.51,121.51,113.94,115.01,2043305,0.0
2019-05-20,116.39,117.13,115.05,115.71,1570034,0.0
2019-05-21,114.85,115.42,113.95,115.08,2269244,0.0
2019-05-22,116.4,119.87,115.51,117,2266932,0.0
2019-05-23,117.36,118.47,116.4,116.7,1739944,0.0
2019-05-27,117.1,119.38,117.1,117.84,1215899,0.0
2019-05-28,116.91,117.57,115.84,116.2,782541,0.0
2019-05-29,116.61,117.99,116.605,117,918490,0.0
2019-05-30,115.72,117.1962,115.5526,116.39,879807,0.0
2019-06-02,116.55,117.03,112.7566,113.4,1056990,0.0
2019-06-03,114.51,118.12,113.52,118.02,1399929,0.0
2019-06-04,119.35,120.99,119.01,120.99,1054124,0.0
2019-06-05,121.6,122.23,120.35,122.16,1142847,0.0
2019-06-06,122.9,124.13,122.47,123.97,786889,0.0
2019-06-09,124.86,126.87,124.52,126.25,953321,0.0
2019-06-10,127.45,127.91,124.59,126.14,1019941,0.0
2019-06-11,125.88,127.43,125.44,126.75,574010,0.0
2019-06-12,127.22,127.39,125.5,125.98,1336542,0.0
2019-06-13,126.07,126.145,123.4,124.8,1590412,0.0
2019-06-16,124.82,125.79,124.18,124.53,924473,0.0
2019-06-17,126.11,126.51,125.41,125.9,1053929,0.0
2019-06-18,126.39,128,126,127.65,895208,0.0
2019-06-19,128.58,130.36,128.3448,130.06,932647,0.0
2019-06-20,130.4,130.51,128.75,128.83,938274,0.0
2019-06-23,129.21,129.56,127.88,128.14,498006,0.0
2019-06-24,128.36,128.36,124.56,124.66,937174,0.0
2019-06-25,125.97,126.77,123.58,123.96,1294263,0.0
2019-06-26,124.03,125.86,124.03,125.6,843133,0.0
2019-06-27,126.42,128.84,125.67,128.83,1587076,0.0
2019-06-30,131.4,132.09,130.14,131.43,1295671,0.0
2019-07-01,131.99,133.5,131.6763,133.49,1027926,0.0
2019-07-02,133.07,135.25,133.07,134.88,745346,0.0
2019-07-04,133.78,135.54,132.37,135.42,861440,0.0
2019-07-07,134.66,135.68,134.445,135.63,1137485,0.0
2019-07-08,134.91,135.97,134.555,135.86,925334,0.0
2019-07-09,136.35,137.88,136.11,137.55,900048,0.0
2019-07-10,137.64,137.85,136.33,136.44,1018506,0.0
2019-07-11,137.61,137.73,135.58,137.4,592794,0.0
2019-07-14,137.64,137.69,135.81,137.46,572351,0.0
2019-07-15,137.44,137.52,135.78,135.92,657127,0.0
2019-07-16,136.53,137.1,135.67,135.7,493413,0.0
2019-07-17,135.27,136.52,134.66,136.04,818997,0.0
2019-07-18,136.69,136.86,134.86,134.97,672869,0.0
2019-07-21,135.58,136.41,135.07,135.39,488964,0.0
2019-07-22,135.15,136.29,134.19,136.2,807131,0.0
2019-07-23,135.98,137.78,135.05,137.61,536085,0.0
2019-07-24,136.93,138.25,136.43,137.56,636671,0.0
2019-07-25,138.28,138.72,137.02,137.09,469341,0.0
2019-07-28,137.39,137.39,133.85,136.18,548441,0.0
2019-07-29,135.13,136.36,134.85,135.36,467936,0.0
2019-07-30,135.65,135.65,131.07,132.79,631989,0.0
2019-07-31,133.35,135.67,131.78,132.52,629539,0.0
2019-08-01,132.07,132.07,128.06,129.35,816376,0.0
2019-08-04,125,126.75,123.85,124.73,1143324,0.0
2019-08-05,125.87,127.1974,125.04,126.22,753303,0.0
2019-08-06,126.71,127.575,124.1,127.03,557963,0.0
2019-08-07,127.81,132.36,127.81,132.05,783763,0.0
2019-08-08,131.05,131.71,129.31,130.94,571792,0.0
2019-08-11,129.88,130.5,127.32,128.17,686715,0.0
2019-08-12,127.97,132.86,127,132.15,969030,0.0
2019-08-13,129.18,129.81,125.99,126.71,1020861,0.0
2019-08-14,127.42,128.04,126.18,127.27,485022,0.0
2019-08-15,128.94,130,128.35,128.98,627352,0.0
2019-08-18,130.58,131.37,128.68,129.94,589318,0.0
2019-08-19,129.81,130.98,128.62,129.96,627664,0.0
2019-08-20,131.32,132.43,130.5737,131.76,1045281,0.0
2019-08-21,135,142,134.25,139,2638120,0.0
2019-08-22,137.47,140.82,134.51,135.04,1391860,0.0
2019-08-25,136.63,136.96,134.85,136.62,1158109,0.0
2019-08-26,137.29,137.8,135.7,136.69,986047,0.0
2019-08-27,136.21,137.22,134.79,136.71,936840,0.0
2019-08-28,138.5,142.37,138.5,141.31,950195,0.0
2019-08-29,142.28,142.94,140.69,141.79,631237,0.0
2019-09-02,140.08,141.29,138.47,139.28,787305,0.0
2019-09-03,141.17,143,140.4866,141.51,710972,0.0
2019-09-04,143.4,146.27,143.23,145.96,1085284,0.0
2019-09-05,146,146.66,145.32,145.5,774661,0.0
2019-09-08,146.2,146.5,140.6273,141.29,1152469,0.0
2019-09-09,140.54,140.54,134.39,135.28,1486630,0.0
2019-09-10,134.82,136.77,133.75,134.65,1433271,0.0
2019-09-11,135.13,138.62,135.13,137.4,1115907,0.0
2019-09-12,137.32,138.08,134.13,134.6,907938,0.0
2019-09-15,133.62,134.15,132.53,133.24,1022184,0.0
2019-09-16,133.05,136.88,132.51,136.72,911716,0.0
2019-09-17,136.66,137.07,133.64,136.53,693577,0.0
2019-09-18,136.67,138.73,136.46,137.14,557548,0.0
2019-09-19,137.11,137.9899,135.63,135.69,914930,0.0
2019-09-22,134.92,137.41,133.1175,137.11,561207,0.0
2019-09-23,137.96,139.37,135.15,136.55,843942,0.0
2019-09-24,136.06,139.68,134.55,139.33,815680,0.0
2019-09-25,139.46,141.45,139.03,140.75,660292,0.0
2019-09-26,141,141.31,134.4422,136.28,805971,0.0
2019-09-29,136.54,138.27,136.11,137.26,496859,0.0
2019-09-30,137.53,138.23,135.5101,135.97,562580,0.0
2019-10-01,134.9,135.35,131.59,133.31,865703,0.0
2019-10-02,133.71,136.07,131.5753,135.95,683662,0.0
2019-10-03,136.51,139.2,136.28,138.77,1236524,0.0
2019-10-06,139.96,139.96,137.7,137.89,866047,0.0
2019-10-07,137,137.6,133.79,133.94,1351701,0.0
2019-10-08,135.09,136.615,134.97,135.79,1419047,0.0
2019-10-09,136.35,138.38,135.19,138.22,1620211,0.0
2019-10-10,139.49,141.06,138.51,138.61,1221332,0.0
2019-10-13,139.13,139.765,138.07,138.85,678122,0.0
2019-10-14,139.21,141.9,139.1133,140.67,1246734,0.0
2019-10-15,139.87,140,136.63,138.78,1197884,0.0
2019-10-16,139.08,139.87,136.57,136.84,1299916,0.0
2019-10-17,136.83,137.52,133.49,134.96,1992101,0.0
2019-10-20,135.62,137.36,134.81,136.67,565047,0.0
2019-10-21,138.18,138.25,131.6,132.12,1273771,0.0
2019-10-22,131.73,134.79,131.62,133.96,550860,0.0
2019-10-23,134.45,137.84,134.04,137.72,771511,0.0
2019-10-24,136.65,138.47,136.23,137.14,465279,0.0
2019-10-27,138.48,138.685,136.94,137.33,446209,0.0
2019-10-28,137.48,138.4125,136.6,136.68,646507,0.0
2019-10-29,136.69,137.92,135.89,137.55,904165,0.0
2019-10-30,137.66,137.835,135.13,135.78,855301,0.0
2019-10-31,136.4,138.255,135.6846,136.08,780385,0.0
2019-11-03,137.33,137.58,135.15,135.8,833684,0.0
2019-11-04,135.81,136.41,133.84,135.58,573073,0.0
2019-11-05,135.29,137.05,135,136.57,431460,0.0
2019-11-06,137.06,138.08,134.89,135.22,656530,0.0
2019-11-07,134.83,136.8379,134.22,136.17,649092,0.0
2019-11-10,135.7,138.85,135.31,137.84,573708,0.0
2019-11-11,137.63,140.29,137.59,138.89,559914,0.0
2019-11-12,138.96,139.86,138.345,139.23,513488,0.0
2019-11-13,138.75,138.81,137,138.13,558251,0.0
2019-11-14,139.34,139.71,137.28,139.71,648830,0.0
2019-11-17,139.25,139.87,138.493,139.22,524035,0.0
2019-11-18,139.82,142.1,139.64,141.75,809232,0.0
2019-11-19,141.47,141.78,139.43,140.84,634850,0.0
2019-11-20,140.59,141.14,138.55,138.77,637204,0.0
2019-11-21,139.13,139.2449,134.79,135.38,931597,0.0
2019-11-24,135.95,138.44,135.81,138.19,926019,0.0
2019-11-25,138.57,140.54,138.41,139.84,1032632,0.0
2019-11-26,140.36,141.77,139.63,141.77,766458,0.0
2019-11-28,142.01,143,140.76,141.05,431550,0.0
2019-12-01,141.79,144.24,135.14,135.49,1202489,0.0
2019-12-02,133.91,135.65,132.52,135.21,793025,0.0
2019-12-03,136.4,137.2,135.32,135.96,824720,0.0
2019-12-04,133.5,135.5,131.51,131.88,1732822,0.0
2019-12-05,132.13,134.88,132.13,134.28,1171351,0.0
2019-12-08,134.24,134.93,132.1,132.23,877070,0.0
2019-12-09,132.58,133.29,131.27,131.61,1358972,0.0
2019-12-10,132.21,132.25,130.72,132.05,1053619,0.0
2019-12-11,134.26,136.33,132.09,135.8,1585127,0.0
2019-12-12,135.95,137.55,135.51,136.7,637045,0.0
2019-12-15,137.63,138.86,136.6,136.64,654370,0.0
2019-12-16,137.02,137.38,134.64,136.91,893991,0.0
2019-12-17,137.55,139.24,137.55,138.17,708777,0.0
2019-12-18,138.27,140.22,137.5,139.5,1425203,0.0
2019-12-19,141.01,141.01,138.98,139.92,1567965,0.0
2019-12-22,140,141.28,139.21,139.87,908075,0.0
2019-12-23,139.69,140.26,137.5,138.22,394658,0.0
2019-12-25,138.88,140.3,138.606,140.07,418992,0.0
2019-12-26,140.42,140.795,139.23,140.62,450749,0.0
2019-12-29,140.12,140.29,137.815,139.1,480830,0.0
2019-12-30,138.81,140.235,138.45,139.19,537999,0.0
2020-01-01,140.31,142.93,139.84,142.86,889991,0.0
2020-01-02,141.1,142.09,140.05,141.68,732075,0.0
2020-01-05,140.52,142.16,139.7,141.9,583143,0.0
2020-01-06,141.18,143.48,140.32,142.92,563143,0.0
2020-01-07,143.2,146.6,142.5627,145.86,994876,0.0
2020-01-08,147.04,149.3,146.52,148.71,966670,0.0
2020-01-09,149.77,150.53,147.22,148.46,620594,0.0
2020-01-12,148.96,150.43,148.65,149.93,560490,0.0
2020-01-13,149.59,149.59,147.26,148.18,642184,0.0
2020-01-14,148.78,150.03,147.46,147.98,721608,0.0
2020-01-15,148.49,149.75,148.23,149.66,633195,0.0
2020-01-16,150.31,151.99,149.1138,151.85,1166078,0.0
2020-01-20,151.1,154.07,151,153.59,1660418,0.0
2020-01-21,154.16,155.7,153.31,153.41,1122536,0.0
2020-01-22,153,155.359,152.11,154.96,1236378,0.0
2020-01-23,156.29,156.97,153.3,154.07,1474864,0.0
2020-01-26,150.74,151.45,149.27,150.4,696902,0.0
2020-01-27,151.67,152.71,150.855,152.04,546576,0.0
2020-01-28,153,153.37,150.34,150.46,663426,0.0
2020-01-29,149.66,150.87,148.64,150.79,1239055,0.0
2020-01-30,150.22,150.5,147.2,147.51,774029,0.0
2020-02-02,148.77,150.85,148.5,150.26,706071,0.0
2020-02-03,152.58,155.92,152.02,155.84,913815,0.0
2020-02-04,157.44,158,153.57,154.21,819978,0.0
2020-02-05,154.8,156.13,154.2,154.81,386075,0.0
2020-02-06,154.5,155.18,153.345,154.28,446785,0.0
2020-02-09,153.64,157.11,153.56,156.92,591961,0.0
2020-02-10,157.88,159.53,157.15,158.24,695578,0.0
2020-02-11,158.2,160.02,156.95,159.51,533637,0.0
2020-02-12,158.78,161.93,158.2758,161.4,556745,0.0
2020-02-13,162.01,164.1,162.01,163.37,686107,0.0
2020-02-17,164.01,164.49,162.38,162.9,793986,0.0
2020-02-18,165.24,166.87,164.52,165.12,1517003,0.0
2020-02-19,159.06,160.5,151.05,155.15,4435598,0.0
2020-02-20,153.52,154.24,148.16,149.34,2566328,0.0
2020-02-23,144.97,146.93,141.3,145.97,2283168,0.0
2020-02-24,147.35,148.03,141.56,142.17,1920572,0.0
2020-02-25,142.96,145.83,141.1,142.03,1676276,0.0
2020-02-26,139.84,141.765,136.12,136.81,1665026,0.0
2020-02-27,131.51,138.07,131.51,137.93,2496361,0.0
2020-03-01,137.96,141.73,135.41,141.73,1384829,0.0
2020-03-02,141.22,144.33,138.19,140.09,1822075,0.0
2020-03-03,142.58,146.96,141.62,146.82,1302878,0.0
2020-03-04,142.91,145.32,141.31,142.64,1119254,0.0
2020-03-05,136.88,139.76,133.71,137.85,1263079,0.0
2020-03-08,128.11,132.67,126,127.48,3233052,0.0
2020-03-09,131.39,135.29,128.07,135.27,1434830,0.0
2020-03-10,131.55,135.33,128.82,131.73,3371008,0.0
2020-03-11,123.12,129.04,119.06,119.14,4174466,0.0
2020-03-12,124.91,129.97,116.465,129.89,3550532,0.0
2020-03-15,112.45,125.38,109.13,112.75,3601386,0.0
2020-03-16,115.02,120.65,111.1,119.62,1569450,0.0
2020-03-17,112.89,115.68,108.71,114.23,3070142,0.0
2020-03-18,113.85,117.295,108.79,114.99,1220375,0.0
2020-03-19,116.6,119.56,109.21,109.72,1616017,0.0
2020-03-22,110.35,112.48,104.9,108.14,2660911,0.0
2020-03-23,114.28,121.47,114.01,120.6,1491785,0.0
2020-03-24,119.99,125.63,117.9092,121.14,1297849,0.0
2020-03-25,122.24,128.34,121.56,127.96,2109168,0.0
2020-03-26,123.93,128.35,120.17,124.37,1081218,0.0
2020-03-29,125.7,130.46,124.425,129.23,1170768,0.0
2020-03-30,128.23,131,126.725,129,3017960,0.0
2020-03-31,122.88,127.81,122.5134,125.98,1342193,0.0
2020-04-01,124.68,128.79,124,128.65,1630578,0.0
2020-04-02,127.81,128.64,123.94,124.67,846162,0.0
2020-04-05,130.36,136.56,129.11,135.855,2109412,0.0
2020-04-06,138.195,140.77,135.34,135.51,1877398,0.0
2020-04-07,138.6512,139.63,135.28,138.64,1036738,0.0
2020-04-08,139.68,141.03,136.1,136.56,1933110,0.0
2020-04-12,133.85,140.52,133.268,140.11,802577,0.0
2020-04-13,142.2,147.83,142.0314,147.43,911263,0.0
2020-04-14,145.17,147.89,144.28,146.28,3014440,0.0
2020-04-15,147.09,152.05,147.03,151.95,2191293,0.0
2020-04-16,155.53,156.09,153.07,154.98,3856476,0.0
2020-04-19,151.91,154.67,150.99,151.11,2627997,0.0
2020-04-20,149.43,149.92,142.86,144.96,2944429,0.0
2020-04-21,148.52,151.165,147.01,150.88,2616766,0.0
2020-04-22,149.74,152.78,149.36,151.99,1519995,0.0
2020-04-23,152.99,153.435,150.1489,152.98,1966011,0.0
2020-04-26,155.6048,155.6048,153.53,154.13,1770701,0.0
2020-04-27,155,155.9,151.45,151.83,876224,0.0
2020-04-28,153.44,158.14,152.42,158.01,1085799,0.0
2020-04-29,157.58,158.96,156.64,157.12,2100768,0.0
2020-04-30,153.68,155.49,148.2,149.64,991899,0.0
2020-05-03,148.9,151.85,147.98,151.08,1329181,0.0
2020-05-04,151.88,155.16,151.61,154.25,566417,0.0
2020-05-05,155.01,157.97,154.59,156.78,493968,0.0
2020-05-06,158,160.065,157.28,158.95,706725,0.0
2020-05-07,160.42,161.99,158.685,160.17,1212538,0.0
2020-05-10,158.6285,163.3028,158.34,161.58,554022,0.0
2020-05-11,162.68,162.85,158.51,158.63,530511,0.0
2020-05-12,158.01,160.89,153.98,156.2,1283054,0.0
2020-05-13,155.17,158,153.67,157.83,1494736,0.0
2020-05-14,151.59,159.58,151.52,158.76,1240865,0.0
2020-05-17,159.95,161.9,158.6,159.77,1457917,0.0
2020-05-18,160.67,164.34,160.525,162.07,932540,0.0
2020-05-19,164.26,167.2,164.2,165.75,1042606,0.0
2020-05-20,167,169.44,164.86,168.49,1440755,0.0
2020-05-21,169.68,171.47,167.06,171.21,856056,0.0
2020-05-25,172.08,172.7,168.33,168.61,1764878,0.0
2020-05-26,169.31,170.55,163,170.52,1020816,0.0
2020-05-27,170.56,178.33,169.4366,174.05,1087776,0.0
2020-05-28,175.95,181.97,175.23,180.94,1732800,0.0
2020-05-31,180.91,184.08,180.1,182.71,1791524,0.0
2020-06-01,183.06,183.73,179.83,183.12,706174,0.0
2020-06-02,184,184.54,181.88,184.11,1325312,0.0
2020-06-03,183.31,184.485,180.2,182.46,555830,0.0
2020-06-04,182.09,184.4141,179.01,182.98,2630236,0.0
2020-06-07,180.71,187.59,179.81,186.81,1727832,0.0
2020-06-08,186.91,192.38,186.18,189.66,1472212,0.0
2020-06-09,191.05,192,187.31,189.46,1784074,0.0
2020-06-10,189.1,189.1,179.281,179.66,963252,0.0
2020-06-11,183.35,185.65,182.09,182.09,140914,0.0
2020-06-14,177.24,184.38,176.15,184.05,530562,0.0
2020-06-15,186.77,189.39,184.22,186.2,1724514,0.0
2020-06-16,188,190.5,187.12,188.97,1249068,0.0
2020-06-17,188.73,190.95,188.13,189.88,497368,0.0
2020-06-18,192.38,193.36,184.8,184.9,979024,0.0
2020-06-21,185.69,193.27,184.52,193.27,833229,0.0
2020-06-22,193.35,197.6559,192.27,192.87,939706,0.0
2020-06-23,192.3,193.87,187.35,189.04,870415,0.0
2020-06-24,191.4332,191.4332,185.6,189.78,607293,0.0
2020-06-25,190.31,192.08,187.33,190.44,733030,0.0
2020-06-28,190.63,192.845,186.32,189.87,599518,0.0
2020-06-29,188.83,195.98,188.36,195.02,819548,0.0
2020-06-30,194.74,198.09,193.195,196.83,781088,0.0
2020-07-01,198.55,199.579,196.67,197.66,548654,0.0
2020-07-05,199.63,202.98,198.775,199.38,390671,0.0
2020-07-06,199.39,201.96,197.485,197.64,579814,0.0
2020-07-07,199.13,201.7699,198.94,201.6,408927,0.0
2020-07-08,203,204.9,200.79,204.68,653351,0.0
2020-07-09,203.26,204.46,196.8,198.01,1021399,0.0
2020-07-12,200,201.79,193.62,194.3,712480,0.0
2020-07-13,192.14,195.64,188.82,195.21,819498,0.0
2020-07-14,195.51,196.7,192.34,194.34,829443,0.0
2020-07-15,192.96,193.94,189.6258,193.36,601902,0.0
2020-07-16,194.63,197.11,192.64,196.28,519994,0.0
2020-07-19,196.02,202.76,196.02,201.9,664694,0.0
2020-07-20,203.5,203.82,198.9,199.69,487196,0.0
2020-07-21,201.22,202.45,198.39,200.62,438692,0.0
2020-07-22,201.38,204.22,196.921,197.83,262724,0.0
2020-07-23,195.82,196.275,190.92,193.38,1103823,0.0
2020-07-26,194.61,198.09,194.12,197.07,433367,0.0
2020-07-27,196.65,197.87,194.365,194.9,340546,0.0
2020-07-28,196,199.85,196,198.28,428237,0.0
2020-07-29,195.43,200.105,193.9,199.41,319081,0.0
2020-07-30,200.6,200.6,194.93,199.2,805894,0.0
2020-08-02,200.74,204.11,200.02,202.76,314683,0.0
2020-08-03,202,202.8,199.45,201.86,442271,0.0
2020-08-04,202.44,203.705,200.755,201.73,361775,0.0
2020-08-05,201.21,202.58,198.895,202.47,380134,0.0
2020-08-06,201.35,202.22,196.14,198.83,430070,0.0
2020-08-09,194.93,198.19,194.77,195.66,482026,0.0
2020-08-10,195.87,195.87,190.5,191.05,933510,0.0
2020-08-11,191.2,195.07,191.04,194.255,657626,0.0
2020-08-12,195.15,198.5,194.14,196.34,541216,0.0
2020-08-13,195.77,198.28,195.46,196.17,370212,0.0
2020-08-16,197.94,200.47,197.25,200.22,506207,0.0
2020-08-17,201.42,201.61,199.3069,200.07,783315,0.0
2020-08-18,200.66,201.8,197.47,198.22,604254,0.0
2020-08-19,206.5,216.192,202.1,214.84,2347380,0.0
2020-08-20,213.61,214.45,207.29,213.04,1769927,0.0
2020-08-23,214.9,216.64,210.56,213.72,644094,0.0
2020-08-24,212.71,216.21,211.77,216.07,536532,0.0
2020-08-25,216.89,221.32,216.665,219.85,572487,0.0
2020-08-26,220.47,221,215.31,217.27,639954,0.0
2020-08-27,217.16,219.89,216.79,219.36,491609,0.0
2020-08-30,219.17,222.03,218.355,221.51,716517,0.0
2020-08-31,221.18,226.21,220.24,225.18,567314,0.0
2020-09-01,226.66,230.07,223.23,229.32,598891,0.0
2020-09-02,226.75,226.76,212.76,214.79,941428,0.0
2020-09-03,213.5,215.2227,202.85,208.98,963511,0.0
2020-09-07,202.95,206.13,198.47,199.04,1293892,0.0
2020-09-08,203.23,206.805,199.16,205.33,587354,0.0
2020-09-09,208.65,209.11,202.13,203.28,528019,0.0
2020-09-10,205.55,207.055,198.5201,200.24,633408,0.0
2020-09-13,202.24,206.68,201.8,205.49,480515,0.0
2020-09-14,208.13,211.83,205.9815,210.95,512420,0.0
2020-09-15,212.47,213.1952,206.715,207.02,530735,0.0
2020-09-16,201.04,203.805,198.19,201.87,702085,0.0
2020-09-17,202.04,203.215,194.2,197.93,933464,0.0
2020-09-20,195.9,202.18,193.55,202.11,480172,0.0
2020-09-21,203.41,205.065,198.91,204.99,621269,0.0
2020-09-22,203.61,203.83,196.82,197.79,420171,0.0
2020-09-23,196.46,202.83,196.46,201.51,700319,0.0
2020-09-24,201.27,209.27,200.06,208.55,680075,0.0
2020-09-27,210.51,212.84,209.26,212.75,528432,0.0
2020-09-28,213.12,215.4,211.8,212.32,492354,0.0
2020-09-29,211.21,216.86,210.8,213.89,422218,0.0
2020-09-30,216.37,219.69,216.01,217.09,548078,0.0
2020-10-01,212.86,216.01,210.331,212.11,539680,0.0
2020-10-04,213.12,216.66,213,216.6,388867,0.0
2020-10-05,215.6,218.66,213.08,214.41,487275,0.0
2020-10-06,215.71,220.39,214.78,219.37,351421,0.0
2020-10-07,221.43,221.6,218.45,219.1,267534,0.0
2020-10-08,220.99,224.5,220.86,222.8,391796,0.0
2020-10-11,225.65,231.6,223.58,229,655838,0.0
2020-10-12,232.74,232.74,227.89,228.17,418658,0.0
2020-10-13,229.15,229.71,224.2601,226.7,450920,0.0
2020-10-14,224.24,228.17,222.24,228.1,447427,0.0
2020-10-15,228.61,231.0816,226.34,226.5,404931,0.0
2020-10-18,226.29,230.12,223.67,224.51,289346,0.0
2020-10-19,225.95,228.605,223.56,226.61,435079,0.0
2020-10-20,225.83,229.94,225.43,227.46,426619,0.0
2020-10-21,228.41,228.41,222.215,225.17,510690,0.0
2020-10-22,226.15,226.87,222.815,226.835,525490,0.0
2020-10-25,223.9,226.25,217.85,220.64,421883,0.0
2020-10-26,222.64,225,221.42,222.91,351770,0.0
2020-10-27,220.07,224.92,216.1,217.84,473195,0.0
2020-10-28,218.06,221.935,217.77,219.36,345180,0.0
2020-10-29,217.1,219.41,212.21,214.15,569775,0.0
2020-11-01,215.52,218.48,212.33,215.76,561092,0.0
2020-11-02,218.93,223.47,217.38,221.74,387636,0.0
2020-11-03,229.72,234.97,227.75,233.38,822735,0.0
2020-11-04,239.53,241.8199,237.17,240.63,451467,0.0
2020-11-05,240.88,243.66,237.75,241.77,507779,0.0
2020-11-08,243.39,246.69,233.79,233.79,687136,0.0
2020-11-09,229.67,229.67,218.58,219.34,1010330,0.0
2020-11-10,222.44,227.78,222.07,224.84,701844,0.0
2020-11-11,227.66,229.01,222.81,223.76,350313,0.0
2020-11-12,226.02,227.5,223.88,227.05,215933,0.0
2020-11-15,224.58,226.17,220.6584,222.35,510230,0.0
2020-11-16,221.82,222.96,219.04,221.07,725389,0.0
2020-11-17,220.27,221,216.16,218.19,893344,0.0
2020-11-18,218.12,223.16,216.295,221.28,731070,0.0
2020-11-19,221.6,224.25,218.07,218.4,621480,0.0
2020-11-22,218.88,220.49,213.25,216.23,536249,0.0
2020-11-23,215.55,217.16,211.2,215.37,629844,0.0
2020-11-24,216.98,220.76,216.4,217.02,449003,0.0
2020-11-26,219.83,225.79,219.33,225.39,317978,0.0
2020-11-29,225.72,228.2,222.79,227.51,617706,0.0
2020-11-30,226.36,231.12,224.07,230.05,574817,0.0
2020-12-01,228.35,228.505,223.92,224.95,592449,0.0
2020-12-02,225.34,237.92,222,234.14,1376531,0.0
2020-12-03,235.28,240.12,234.57,236.96,793901,0.0
2020-12-06,238.38,241,236.825,239.16,503981,0.0
2020-12-07,241.3,241.3,236.64,238.74,595809,0.0
2020-12-08,238.65,238.65,231.255,232.78,598372,0.0
2020-12-09,231.62,235.08,229.21,234.13,574864,0.0
2020-12-10,234.01,236.58,232.3,236.52,581752,0.0
2020-12-13,236.91,242.73,235.88,238.97,531495,0.0
2020-12-14,241.11,243.14,239.49,242.74,415225,0.0
2020-12-15,244.38,249.101,243.51,248.06,711006,0.0
2020-12-16,249.79,253.1,246.385,250.29,698584,0.0
2020-12-17,250.83,255.72,248.2,255.06,778030,0.0
2020-12-20,251.83,255.8,247,254.27,777518,0.0
2020-12-21,255.08,258.48,254.51,258.06,578542,0.0
2020-12-22,259.03,260.26,254.59,254.67,466952,0.0
2020-12-23,255,257.4768,253.81,256.06,170961,0.0
2020-12-27,261.1347,261.1347,254.4226,256.16,361452,0.0
2020-12-28,257.77,258.34,252.78,253.87,375903,0.0
2020-12-29,255.37,258.34,254.855,256.86,304738,0.0
2020-12-30,257.95,259.52,256.5,259.24,248225,0.0
2021-01-03,260,263,251.35,254.7,764038,0.0
2021-01-04,254.76,259.51,253.79,258.69,564563,0.0
2021-01-05,253.29,255.0375,249.26,249.64,678082,0.0
2021-01-06,252.68,259.44,252.23,258.76,564751,0.0
2021-01-07,259.99,264.33,259.29,262.76,499261,0.0
2021-01-10,258.16,264.62,258.16,260.66,412666,0.0
2021-01-11,261.48,261.84,255.82,258.46,424779,0.0
2021-01-12,258.95,259.88,253.46,257.15,550140,0.0
2021-01-13,257.12,260.48,257,257.91,474450,0.0
2021-01-14,258.68,260.8575,255,258.95,473558,0.0
2021-01-18,261.66,268.64,261.1,268.22,667113,0.0
2021-01-19,270.83,280.11,270.83,273.21,820664,0.0
2021-01-20,276.2,276.2,271.265,272.945,493404,0.0
2021-01-21,273.23,277.22,269.75,270.14,474804,0.0
2021-01-24,273.25,274.49,265.035,269.7,377866,0.0
2021-01-25,269.83,270.17,265.31,265.9,424287,0.0
2021-01-26,262.59,266.51,252.1,254.53,686698,0.0
2021-01-27,257.5,264.18,256.025,259.16,715104,0.0
2021-01-28,257.075,260.61,253.72,255.44,606797,0.0
2021-01-31,259.9602,264.82,257.41,263.56,508087,0.0
2021-02-01,264.01,270.16,264.01,269.76,576794,0.0
2021-02-02,270,270.37,263.52,265.22,608263,0.0
2021-02-03,266.12,270.27,264.72,270.17,423053,0.0
2021-02-04,271.86,276.97,271.61,272.92,501942,0.0
2021-02-07,275.3,278.39,274.19,276.41,414845,0.0
2021-02-08,276.48,279.93,275.41,277.97,279889,0.0
2021-02-09,278.03,280.236,275.5,276.67,609390,0.0
2021-02-10,279.08,287.11,278.38,286.83,581535,0.0
2021-02-11,286.71,293.31,285.09,292.07,517351,0.0
2021-02-15,299.62,300.91,289.965,290.67,926227,0.0
2021-02-16,286.91,287.94,278.86,284.05,815827,0.0
2021-02-17,278.1,279.06,269.285,270.94,1052559,0.0
2021-02-18,272.61,274.8319,267.35,268.07,1018793,0.0
2021-02-21,265.83,266.8,253.87,254.85,1017047,0.0
2021-02-22,251.74,254.67,246.09,253.21,1437745,0.0
2021-02-23,248.89,260.89,247,260.68,1144417,0.0
2021-02-24,258.85,259.73,242.1276,244.09,1682435,0.0
2021-02-25,246.97,250.1236,243.09,245.21,1564856,0.0
2021-02-28,249.34,254.31,248.34,253.95,1104644,0.0
2021-03-01,256,257.23,246.2001,247.84,859995,0.0
2021-03-02,245.74,246.035,235.945,236.86,1333657,0.0
2021-03-03,235.61,238,225.55,229.92,1323217,0.0
2021-03-04,230.1,231.63,217.8154,227.8,1357041,0.0
2021-03-07,226.63,226.77,217.69,218.52,1186720,0.0
2021-03-08,226.29,232.9449,226.135,228.52,1133178,0.0
2021-03-09,231.38,237.9145,228.1,228.84,1086768,0.0
2021-03-10,234.5,237.93,233.18,234.26,932188,0.0
2021-03-11,230.77,230.84,226.8,229.31,1210781,0.0
2021-03-14,229.48,235,228.02,234.87,753384,0.0
2021-03-15,239.75,239.75,232.41,234.05,666520,0.0
2021-03-16,230.93,237.35,228.23,235.58,684165,0.0
2021-03-17,231.415,233.44,227.15,227.38,990333,0.0
2021-03-18,227.43,230.78,225.58,227.76,731076,0.0
2021-03-21,230.78,237.19,230.78,234.52,686486,0.0
2021-03-22,235.5,238.335,234.08,235.05,591094,0.0
2021-03-23,237.3,238.82,233.01,233.09,688046,0.0
2021-03-24,230.865,232.7,226.7,231.66,634970,0.0
2021-03-25,231.22,243.23,229.365,242.86,946685,0.0
2021-03-28,241.72,243.15,237.605,240.46,905644,0.0
2021-03-29,237.68,240.465,233.21,239.81,713529,0.0
2021-03-30,241.96,249.28,241.78,247.78,945135,0.0
2021-03-31,251.79,257.4354,250.08,254.23,839987,0.0
2021-04-04,255.18,260.43,255.18,259.98,858535,0.0
2021-04-05,260.54,261.5,256.68,257.49,602748,0.0
2021-04-06,257.62,257.66,254.6,257,478534,0.0
2021-04-07,261.2,263.33,258.84,261.14,744544,0.0
2021-04-08,259.85,262.58,258.34,261.94,446714,0.0
2021-04-11,259.66,260.325,257.03,257.97,688627,0.0
2021-04-12,261.1,263.7,259.55,261.93,552118,0.0
2021-04-13,263.44,264.31,257.63,258.45,549470,0.0
2021-04-14,262.32,263.85,260.09,262.12,745485,0.0
2021-04-15,261.89,262.02,257.71,260.84,502623,0.0
2021-04-18,258.62,258.855,247.4,250.82,961687,0.0
2021-04-19,249.77,252.29,247.67,250.17,502769,0.0
2021-04-20,250.14,253.46,250,252.6,605823,0.0
2021-04-21,250.72,251.865,246.42,248.23,487669,0.0
2021-04-22,248.54,252.31,248.44,251.35,507127,0.0
2021-04-25,252.44,256.94,249.915,256.835,572799,0.0
2021-04-26,254.73,256.86,249.03,251.71,890017,0.0
2021-04-27,251,252.5899,247.41,251.51,555534,0.0
2021-04-28,254.39,254.94,249.58,252.58,465781,0.0
2021-04-29,251.82,252.47,246,247.02,491753,0.0
2021-05-02,248.69,249.83,243.98,244.96,389038,0.0
2021-05-03,240.72,242.33,234.555,237.07,852911,0.0
2021-05-04,240.69,241.82,236.59,237.52,648825,0.0
2021-05-05,235.79,239.08,232.75,237.46,736048,0.0
2021-05-06,240.23,245.22,239.62,241.72,512814,0.0
2021-05-09,239.43,239.88,230.71,232.47,801639,0.0
2021-05-10,228.28,236.4,225.02,234.93,1203753,0.0
2021-05-11,231.52,235.19,227.8,228.42,1422683,0.0
2021-05-12,229.42,233.585,228.6,230.81,643945,0.0
2021-05-13,234.76,240.76,232.84,239.73,714657,0.0
2021-05-16,236.5,238.9,233.5,236.06,1138410,0.0
2021-05-17,237.33,239.97,234.63,234.99,844223,0.0
2021-05-18,229.73,237.74,229.04,237.25,800046,0.0
2021-05-19,238.5,246.38,238.5,244.71,1369561,0.0
2021-05-20,246.66,248.29,240.76,242.09,918302,0.0
