Date,Open,High,Low,Close,Volume,OpenInterest
2019-11-04,35,35.95,34.92,35.92,2114358,0.0
2019-11-05,35.75,35.86,34.85,35.045,3022214,0.0
2019-11-06,35.82,35.85,34.7,34.92,2754514,0.0
2019-11-07,35.21,35.24,33.71,34.17,2528746,0.0
2019-11-10,33.24,33.89,33.07,33.88,2236548,0.0
2019-11-11,34,34.08,33.5629,33.77,1247628,0.0
2019-11-12,33.7,33.7,32.36,32.74,4333447,0.0
2019-11-13,32.49,32.5,30.86,31.28,5851873,0.0
2019-11-14,31.65,32.07,31.04,31.13,3249022,0.0
2019-11-17,31.11,31.77,30.98,31.45,2685044,0.0
2019-11-18,31.87,32.03,31.44,31.61,2507135,0.0
2019-11-19,31.66,31.71,30.73,31.01,3004909,0.0
2019-11-20,30.9,31.09,30.29,31,2556143,0.0
2019-11-21,31.33,32.41,31.25,32.335,2839152,0.0
2019-11-24,32.68,33.17,32.46,32.82,2620895,0.0
2019-11-25,32.71,32.99,32.34,32.89,1963040,0.0
2019-11-26,33,33.495,32.86,33.12,1477431,0.0
2019-11-28,32.89,33.25,32.68,33.24,1718822,0.0
2019-12-01,33.15,33.38,31.725,31.88,4174859,0.0
2019-12-02,31.45,31.67,31,31.48,3413903,0.0
2019-12-03,31.64,31.92,31.25,31.67,1858622,0.0
2019-12-04,31.68,32.47,31.55,32.23,2169683,0.0
2019-12-05,32.66,33.41,32.57,32.87,2203893,0.0
2019-12-08,32.57,32.945,32.05,32.06,1850649,0.0
2019-12-09,32.24,32.295,31.67,31.85,1974000,0.0
2019-12-10,32,32.2,31.88,31.98,1014176,0.0
2019-12-11,32.2,33.325,31.985,33.22,2436899,0.0
2019-12-12,33.52,34.28,33.47,33.78,3064881,0.0
2019-12-15,33.95,34.49,33.92,34.1,2332519,0.0
2019-12-16,34.13,34.515,33.83,33.99,2353334,0.0
2019-12-17,33.9,34.37,33.77,34.31,2156086,0.0
2019-12-18,34.2,34.3,33.83,34.16,2122772,0.0
2019-12-19,34.16,34.8,34.065,34.58,2831147,0.0
2019-12-22,34.81,35,34.58,34.64,2142698,0.0
2019-12-23,34.35,34.64,34.18,34.47,475665,0.0
2019-12-25,34.49,34.76,34.35,34.55,661127,0.0
2019-12-26,34.75,34.85,34.48,34.605,1171997,0.0
2019-12-29,34.68,34.72,34.1,34.2,1468153,0.0
2019-12-30,34,34.0556,33.48,33.54,1544489,0.0
2020-01-01,34.94,37.27,34.5,36.96,6606649,0.0
2020-01-02,36.09,36.7,35.945,36.18,2400691,0.0
2020-01-05,35.76,35.9075,35.15,35.7,2296079,0.0
2020-01-06,35.75,37.835,35.44,37.355,8086260,0.0
2020-01-07,37.09,37.46,36.71,36.86,3967095,0.0
2020-01-08,37.49,37.95,36.84,37.13,2887525,0.0
2020-01-09,37.96,37.99,36.49,36.71,3302760,0.0
2020-01-12,37.24,38,37.01,37.63,5745394,0.0
2020-01-13,37.28,38.51,36.91,38.51,4685340,0.0
2020-01-14,38.39,38.51,37.425,37.56,5100883,0.0
2020-01-15,38.15,38.45,37.53,38.45,4901540,0.0
2020-01-16,38.6,38.95,38.12,38.94,6659373,0.0
2020-01-20,34.56,35.91,33.57,35.86,46671118,0.0
2020-01-21,35.71,36.29,34.43,34.45,30649476,0.0
2020-01-22,33.66,34.38,33.13,34.25,18447952,0.0
2020-01-23,33.125,33.35,31.5,31.9,26109314,0.0
2020-01-26,28.97,32.76,28.92,31.44,20365465,0.0
2020-01-27,32.06,33.32,31.485,32.95,10966095,0.0
2020-01-28,33.6,33.6,32.4,32.85,6623492,0.0
2020-01-29,31.89,33.23,31.6,33.22,8069475,0.0
2020-01-30,32.52,32.95,31.82,32.13,8676331,0.0
2020-02-02,32.12,33.26,31.52,32.34,7849964,0.0
2020-02-03,33.02,34.27,32.83,34.11,8050152,0.0
2020-02-04,35,35.1,33.14,33.92,6270904,0.0
2020-02-05,34.05,34.41,33.15,34.06,6471285,0.0
2020-02-06,33.59,33.97,33.015,33.87,5187090,0.0
2020-02-09,33.5,33.56,32.41,32.66,6593153,0.0
2020-02-10,33.01,34.16,33.01,33.8,5907310,0.0
2020-02-11,34.13,34.6899,33.84,34.3,5618586,0.0
2020-02-12,33.6,33.8,33.285,33.69,3545394,0.0
2020-02-13,33.81,33.835,33.26,33.42,1745189,0.0
2020-02-17,33.23,33.69,32.785,33.65,3842932,0.0
2020-02-18,34,35.05,33.9,34.79,4834054,0.0
2020-02-19,34.95,35.55,33.85,33.85,4252921,0.0
2020-02-20,33.71,33.78,32.7,33.06,5317214,0.0
2020-02-23,31.38,31.865,31,31.26,7644579,0.0
2020-02-24,31.88,31.99,29.96,30.15,8681284,0.0
2020-02-25,30.56,31.255,30.23,30.24,4656151,0.0
2020-02-26,29.99,30.91,29.42,30.02,7662395,0.0
2020-02-27,29.325,30.38,29.31,30.36,6182476,0.0
2020-03-01,30.63,30.7,29.78,30.48,4683839,0.0
2020-03-02,30.5,30.96,29.705,29.91,8571273,0.0
2020-03-03,30.38,30.775,30.07,30.54,3976055,0.0
2020-03-04,29.87,30.79,29.65,29.96,7289225,0.0
2020-03-05,28.71,30.11,28.6,29.62,15342696,0.0
2020-03-08,27.77,28.67,26.85,26.89,11823453,0.0
2020-03-09,28.15,29.1,27.48,29.03,7303340,0.0
2020-03-10,27.54,28.32,27.42,27.51,7293290,0.0
2020-03-11,25.35,26.87,25.25,25.91,11906907,0.0
2020-03-12,27,27.12,23.58,25.07,15641552,0.0
2020-03-15,22.21,24.24,20.305,22.53,18727374,0.0
2020-03-16,22.71,23.99,22.53,23.06,6336516,0.0
2020-03-17,21.78,22.88,20.1,21.63,23987596,0.0
2020-03-18,21.4,24.11,21.02,23.05,8860151,0.0
2020-03-19,24.16,25.42,22.72,22.78,10685562,0.0
2020-03-22,22.62,23.26,21.49,22.09,7792754,0.0
2020-03-23,23.11,24.44,22.91,23.52,8735078,0.0
2020-03-24,23.76,25.09,23.26,24.08,9343192,0.0
2020-03-25,24.25,25.89,23.92,25.03,8398655,0.0
2020-03-26,24.26,24.39,23.4,23.46,4983869,0.0
2020-03-29,23.65,23.65,21.57,22.51,7793150,0.0
2020-03-30,22.09,23.8,22,23.49,6748062,0.0
2020-03-31,22.61,22.97,21.87,22.15,5276499,0.0
2020-04-01,22.09,22.94,21.88,22.36,3507859,0.0
2020-04-02,22.15,22.47,21.53,22,3696731,0.0
2020-04-05,22.99,23.59,22.82,23.46,9957278,0.0
2020-04-06,24.5,25.16,24,24.44,8023288,0.0
2020-04-07,24.55,24.96,24.07,24.515,8291894,0.0
2020-04-08,24.95,25.275,24.31,24.82,8762905,0.0
2020-04-12,24.67,24.73,23.91,24.045,3287290,0.0
2020-04-13,24.5,24.595,23.785,23.87,13613622,0.0
2020-04-14,23.05,23.5,23,23.47,8492502,0.0
2020-04-15,24,24,23.05,23.25,14435202,0.0
2020-04-16,24,24.01,23.36,23.84,11670016,0.0
2020-04-19,23.1,23.92,22.865,23.66,13745087,0.0
2020-04-20,23.33,23.66,23.1,23.25,15047910,0.0
2020-04-21,23.59,23.78,22.92,22.985,15753078,0.0
2020-04-22,23.22,24.12,23.02,23.72,16670283,0.0
2020-04-23,24,24.29,23.45,23.78,9474262,0.0
2020-04-26,24.04,24.72,24.03,24.44,12795113,0.0
2020-04-27,24.92,25.15,24.18,24.47,4957610,0.0
2020-04-28,26.01,26.54,25.8998,25.9,25124105,0.0
2020-04-29,26.03,26.73,25.505,25.77,15903236,0.0
2020-04-30,25.01,25.16,23.9,24.17,5805759,0.0
2020-05-03,24.16,24.6,23.68,24.03,10379756,0.0
2020-05-04,24.5,25.105,24.19,24.24,2850701,0.0
2020-05-05,24.5,24.67,23.96,24.26,4792080,0.0
2020-05-06,24.61,24.83,24.37,24.82,3131447,0.0
2020-05-07,25.11,25.65,24.92,25.13,8901066,0.0
2020-05-10,25.1,25.1,24.5,24.61,6047062,0.0
2020-05-11,24.92,24.92,24.065,24.11,4059996,0.0
2020-05-12,24.02,24.15,23.175,23.33,5977199,0.0
2020-05-13,23,23.66,22.35,23.66,4705061,0.0
2020-05-14,23.4,24.26,23.12,23.98,8107652,0.0
2020-05-17,24.6,25.625,24.52,25.53,9620495,0.0
2020-05-18,25.73,26.53,25.65,25.8,4217859,0.0
2020-05-19,26,26.52,25.045,25.71,12966316,0.0
2020-05-20,25.35,25.82,24.835,24.99,8754778,0.0
2020-05-21,24.5,24.775,23.53,23.8,12311788,0.0
2020-05-25,24.78,26.29,24.72,26.06,7179608,0.0
2020-05-26,26.28,26.58,25.3,25.82,4699042,0.0
2020-05-27,25.57,25.59,25.035,25.33,4856999,0.0
2020-05-28,25.19,26.68,24.21,26.6,11558403,0.0
2020-05-31,26.44,26.73,25.89,25.9,5239928,0.0
2020-06-01,26.05,26.82,25.9,26.66,4783661,0.0
2020-06-02,26.9965,28.2,26.95,27.97,11546020,0.0
2020-06-03,28.05,28.53,27.75,28.1,5519894,0.0
2020-06-04,29,29.65,29,29.1,5548544,0.0
2020-06-07,29.31,30,29.19,29.535,6723828,0.0
2020-06-08,29.01,29.37,28.76,29.0301,6082010,0.0
2020-06-09,29.1,29.12,27.98,28.0018,4232358,0.0
2020-06-10,27.04,27.4,26.45,26.545,11221054,0.0
2020-06-11,27.3,27.49,26.64,26.645,945477,0.0
2020-06-14,26,27.05,25.93,26.83,4713472,0.0
2020-06-15,27.67,27.95,25.86,25.96,15154026,0.0
2020-06-16,26.04,26.255,25.82,25.96,4431959,0.0
2020-06-17,26.33,26.58,26.005,26.09,6373647,0.0
2020-06-18,26.43,26.75,25.84,26,3840352,0.0
2020-06-21,26.2,26.32,25.62,26.29,3930739,0.0
2020-06-22,26.79,26.94,26.45,26.67,2865595,0.0
2020-06-23,26.3,26.47,25.64,25.8,4454116,0.0
2020-06-24,25.6,26.18,25.47,26.16,2768160,0.0
2020-06-25,26,26.13,25.8,26.03,2743687,0.0
2020-06-28,25.47,26.29,25.13,26.09,4130403,0.0
2020-06-29,26,26.19,25.79,25.9,3186434,0.0
2020-06-30,25.93,26.56,25.49,25.65,3476711,0.0
2020-07-01,26.36,27.32,26.19,26.58,4823435,0.0
2020-07-05,28.2,28.64,27.88,28.07,6132393,0.0
2020-07-06,27.25,27.48,26.95,27.03,3190964,0.0
2020-07-07,27.57,27.59,26.555,27.2,4530394,0.0
2020-07-08,27.685,27.89,26.84,26.89,5620857,0.0
2020-07-09,26.5,27.03,26.035,26.73,4482890,0.0
2020-07-12,27,27.41,26.665,26.85,5018851,0.0
2020-07-13,26.85,26.86,25.86,26.09,5638923,0.0
2020-07-14,26.795,28.19,26.795,28.02,5869930,0.0
2020-07-15,26.89,27.07,26.43,26.9225,4360226,0.0
2020-07-16,27.11,27.2,26.87,27.08,2222273,0.0
2020-07-19,27.2,27.675,26.8,26.92,2935309,0.0
2020-07-20,27.32,28.05,27.28,27.525,2733499,0.0
2020-07-21,27.32,27.38,26.67,27.285,3832243,0.0
2020-07-22,27.01,27.38,26.745,26.85,1825796,0.0
2020-07-23,26.38,27.17,26.3495,27.14,3341523,0.0
2020-07-26,26.9,27.92,26.82,27.85,4038672,0.0
2020-07-27,30.85,30.9,27.36,27.73,15116011,0.0
2020-07-28,28,28.245,27.5701,27.95,4842949,0.0
2020-07-29,27.54,27.675,27.25,27.455,3348388,0.0
2020-07-30,27.32,27.44,26.75,27.2,3071695,0.0
2020-08-02,27.455,27.995,27.29,27.87,3627299,0.0
2020-08-03,27.93,28.035,27.345,27.78,4449454,0.0
2020-08-04,27.88,28.16,27.76,28.04,3564860,0.0
2020-08-05,28,28.02,27.585,28,2324101,0.0
2020-08-06,27.66,28.08,27.38,27.82,3181214,0.0
2020-08-09,28.315,28.71,28.2,28.4,5325702,0.0
2020-08-10,28.63,29.345,28.608,28.66,4977550,0.0
2020-08-11,28.89,29.39,28.88,29.36,4520920,0.0
2020-08-12,29.49,29.625,28.51,28.7,3200051,0.0
2020-08-13,28.8,28.81,28.35,28.55,3046848,0.0
2020-08-16,28.81,28.81,28.27,28.3,2319759,0.0
2020-08-17,28.24,28.52,28,28.07,2453138,0.0
2020-08-18,28,28.25,27.585,27.81,2409835,0.0
2020-08-19,27.79,28.165,27.72,28.01,2121451,0.0
2020-08-20,27.79,28.22,27.79,28.13,2737594,0.0
2020-08-23,28.51,28.955,28.39,28.58,4131470,0.0
2020-08-24,28.49,28.83,28.41,28.74,4373009,0.0
2020-08-25,28.7,28.76,28.255,28.6,7931604,0.0
2020-08-26,28.96,29.135,28.4188,29.03,4043628,0.0
2020-08-27,29.1,30.95,29,30.64,5723280,0.0
2020-08-30,29.66,30.94,29.65,30.22,5204841,0.0
2020-08-31,30.76,30.76,29.71,30.65,4028951,0.0
2020-09-01,30.66,31.015,30.16,30.59,4102930,0.0
2020-09-02,30.19,30.77,29.4,30.12,4277107,0.0
2020-09-03,29.89,30.77,29.89,30.67,4351793,0.0
2020-09-07,29.87,30.66,29.52,30.19,3955110,0.0
2020-09-08,30.17,30.25,29.53,29.64,3008060,0.0
2020-09-09,29.65,29.865,28.57,28.89,3028209,0.0
2020-09-10,28.98,29.055,28.48,28.76,3327268,0.0
2020-09-13,29.39,29.82,29.02,29.41,3158146,0.0
2020-09-14,29.51,29.68,28.88,29.03,2002347,0.0
2020-09-15,29.24,29.445,28.9001,29.36,2394548,0.0
2020-09-16,28.8,29.68,28.62,29.67,3242616,0.0
2020-09-17,29.96,29.96,29,29.42,3165241,0.0
2020-09-20,28.98,29.035,27.99,28.23,2920655,0.0
2020-09-21,28.01,28.2,27.565,27.96,3173364,0.0
2020-09-22,28.17,28.71,27.65,27.68,3647476,0.0
2020-09-23,27.55,28.145,27.3201,27.76,4986153,0.0
2020-09-24,29.05,30.59,29,30.15,7871721,0.0
2020-09-27,30.5,32.11,30.495,32,6452648,0.0
2020-09-28,31.4,31.83,30.9,31.26,3950030,0.0
2020-09-29,31.4,31.735,30.895,31.12,3298137,0.0
2020-09-30,31.33,31.47,31.115,31.285,1780455,0.0
2020-10-01,30.49,31.25,30.39,31.02,1846238,0.0
2020-10-04,31.27,31.6,30.94,31.23,2079527,0.0
2020-10-05,31.39,32.515,31.29,32.04,4103678,0.0
2020-10-06,32.2,33.23,32.14,32.47,2625560,0.0
2020-10-07,32.97,33.1,32.57,32.74,2286897,0.0
2020-10-08,32.91,32.94,32.15,32.18,2477008,0.0
2020-10-11,32.34,32.6748,32.0204,32.45,2945098,0.0
2020-10-12,32.48,32.49,30.205,30.23,5586419,0.0
2020-10-13,30.6458,30.653,29.54,29.86,2970290,0.0
2020-10-14,29.5,29.8,29.335,29.76,2171094,0.0
2020-10-15,29.99,30.12,29.67,29.92,2647730,0.0
2020-10-18,30.24,30.35,29.77,30.21,2027486,0.0
2020-10-19,30.22,30.665,29.93,30.09,2113159,0.0
2020-10-20,30.12,30.16,29.27,30.04,2898770,0.0
2020-10-21,30.02,30.79,29.84,30.73,2037052,0.0
2020-10-22,30.99,31.46,30.52,31.23,2026124,0.0
2020-10-25,31.04,31.09,30.07,30.37,2520804,0.0
2020-10-26,30.42,30.53,29.465,29.49,2680222,0.0
2020-10-27,29.21,29.78,28.83,29.33,2273473,0.0
2020-10-28,29.68,30.23,29.26,29.46,2664602,0.0
2020-10-29,29.09,29.36,28.505,28.77,2986144,0.0
2020-11-01,29.37,29.44,28.69,29.32,2698622,0.0
2020-11-02,29.11,29.32,28.91,29.14,2108358,0.0
2020-11-03,29.7,30.755,29.46,30.53,2666479,0.0
2020-11-04,30.81,32.6,30.8,32.27,3816589,0.0
2020-11-05,31.43,32.24,31.42,32.12,2028786,0.0
2020-11-08,35.8,37.45,35.66,36.58,11041109,0.0
2020-11-09,35.48,36.56,35.13,36.13,5958240,0.0
2020-11-10,35.43,36.09,33.04,35.5,6205904,0.0
2020-11-11,35.66,35.66,33.87,33.95,3300342,0.0
2020-11-12,34.06,34.55,33.29,34.45,3758046,0.0
2020-11-15,35.33,35.42,33.91,34.52,3078230,0.0
2020-11-16,34.91,35.18,34.41,34.97,3035609,0.0
2020-11-17,35,35,33.6,33.69,4597601,0.0
2020-11-18,33.59,34.1,33.34,33.675,3410669,0.0
2020-11-19,34.16,34.16,33.42,33.72,2688512,0.0
2020-11-22,34.08,34.1,33.28,33.65,3967823,0.0
2020-11-23,34.4,34.48,33.44,33.84,2605203,0.0
2020-11-24,33.9,34.14,32.96,33.32,2925479,0.0
2020-11-26,33.49,34.23,33.34,34.22,1714963,0.0
2020-11-29,33.68,34.49,33.53,33.6,3940258,0.0
2020-11-30,33.83,34.75,33.4,34.4,3375249,0.0
2020-12-01,34.12,34.2,32.5,33.18,6105937,0.0
2020-12-02,33.78,35.575,33.47,35.22,5159581,0.0
2020-12-03,35.14,35.4,33.79,35.05,3199382,0.0
2020-12-06,35.15,35.52,34.25,34.49,1928737,0.0
2020-12-07,34.33,34.49,33.74,34.48,2496743,0.0
2020-12-08,34.46,34.9,33.81,33.95,1711765,0.0
2020-12-09,33.7,34.45,33.42,34.19,1642610,0.0
2020-12-10,34.28,34.28,32.83,32.96,2349551,0.0
2020-12-13,33.2,34.09,33.01,33.86,3039767,0.0
2020-12-14,34.13,34.38,33.68,34.16,1721561,0.0
2020-12-15,34.49,35.27,34.435,35.17,3351411,0.0
2020-12-16,35.04,35.19,34.365,34.91,1893461,0.0
2020-12-17,35.04,35.07,34.135,34.63,2374146,0.0
2020-12-20,33.34,33.74,33.07,33.62,2247366,0.0
2020-12-21,33.73,33.75,32.85,32.95,1567375,0.0
2020-12-22,32.96,33.06,32.39,32.63,2612875,0.0
2020-12-23,32.215,32.3,31.58,31.99,3284635,0.0
2020-12-27,32.34,32.36,31.19,31.9,3278378,0.0
2020-12-28,32,32.16,31.74,32.03,2381543,0.0
2020-12-29,32.06,33.52,32.05,33.23,1984602,0.0
2020-12-30,33.45,33.77,32.88,33.73,2216901,0.0
2021-01-03,33.84,34.38,32.95,33.51,5652631,0.0
2021-01-04,33.45,34.84,33.35,34.25,3414880,0.0
2021-01-05,33.63,34.2,33.28,33.59,4570400,0.0
2021-01-06,33.41,33.58,32.42,33.2,2513027,0.0
2021-01-07,33.6,34.08,33.34,33.76,3467406,0.0
2021-01-10,33.97,34.17,32.98,33.13,2046378,0.0
2021-01-11,33.15,33.34,32.31,32.65,2567938,0.0
2021-01-12,32.64,33.38,32.51,32.97,1597544,0.0
2021-01-13,33.13,33.53,32.87,33.01,1773374,0.0
2021-01-14,33.29,33.44,32.7,33.13,2531351,0.0
2021-01-18,33,33.75,32.96,33.67,3845495,0.0
2021-01-19,33.82,34.59,33.56,34.57,3569248,0.0
2021-01-20,33.69,34.07,33.15,33.69,5040790,0.0
2021-01-21,33.5,33.615,32.61,33.58,3081588,0.0
2021-01-24,33.49,33.88,32.44,32.76,2171992,0.0
2021-01-25,32.73,32.76,31.85,31.98,3876022,0.0
2021-01-26,31.6,32.56,31,31.835,4548199,0.0
2021-01-27,32.35,33.095,31.53,32.6,4091623,0.0
2021-01-28,32.12,32.34,31.36,31.83,2482381,0.0
2021-01-31,32.215,32.41,30.985,31.14,6536653,0.0
2021-02-01,31.76,32.35,31.25,31.999,6447669,0.0
2021-02-02,31.69,32.1,31.24,31.86,6453532,0.0
2021-02-03,32.21,32.84,31.95,32.78,3331192,0.0
2021-02-04,33.0456,35.14,33,34.92,5689988,0.0
2021-02-07,34.9,35.78,34.58,35.39,2922782,0.0
2021-02-08,34.8,35.74,34.62,35.46,2085715,0.0
2021-02-09,36,37.08,35.78,36.5,2562790,0.0
2021-02-10,36.68,37.7,36.565,37.58,2797849,0.0
2021-02-11,37.27,37.76,36.87,37,1502806,0.0
2021-02-15,37.99,38.79,37.785,38.61,3167819,0.0
2021-02-16,39.1,39.1,37.62,38.16,2628598,0.0
2021-02-17,37.53,38.23,36.9,37.99,3074187,0.0
2021-02-18,38.51,41.04,38.46,38.95,6574109,0.0
2021-02-21,39.71,40.27,38.9,40.02,4182364,0.0
2021-02-22,41.7,41.85,39.92,40.92,9147722,0.0
2021-02-23,41.39,41.39,39.91,40.69,3182579,0.0
2021-02-24,41,41.145,39.31,39.55,5745673,0.0
2021-02-25,39,40.03,38.72,39.41,4115180,0.0
2021-02-28,40.49,40.495,39.3,39.77,3870390,0.0
2021-03-01,39.75,40.39,39.645,39.78,5531679,0.0
2021-03-02,39.91,40.4771,39.51,39.8,7361162,0.0
2021-03-03,40.9785,41,38.6,39.07,8744615,0.0
2021-03-04,39.55,40.08,38.87,39.73,6359576,0.0
2021-03-07,39.28,39.74,38.63,39.17,4416560,0.0
2021-03-08,39.72,41,39.615,40.18,9409759,0.0
2021-03-09,40.75,40.75,38.91,39.6,5845327,0.0
2021-03-10,40,41.47,39.83,41.4,6171932,0.0
2021-03-11,40.75,43.98,40.75,43.37,9743596,0.0
2021-03-14,43.8,44.66,43.38,43.87,5536782,0.0
2021-03-15,44.19,45.08,43.91,44.55,4184855,0.0
2021-03-16,44.02,45.19,43.5,44.11,5697865,0.0
2021-03-17,43.68,43.97,41.99,42.13,4188652,0.0
2021-03-18,41.5797,42.06,41.08,42.02,3259509,0.0
2021-03-21,42.4,42.63,41.125,41.22,2645900,0.0
2021-03-22,40.97,40.97,39.6508,39.74,3280673,0.0
2021-03-23,39.31,39.52,37.69,37.88,3271229,0.0
2021-03-24,37.75,38.58,37.25,37.89,3775351,0.0
2021-03-25,38.14,39.15,36.15,37.27,4630335,0.0
2021-03-28,37.5,38.315,36.79,38.151,5456840,0.0
2021-03-29,37.93,39.725,37.93,39.59,4509165,0.0
2021-03-30,39.92,40,39.17,39.62,4165638,0.0
2021-03-31,40.72,40.76,39.62,40.14,3767697,0.0
2021-04-04,40.79,40.79,39.41,39.69,1876076,0.0
2021-04-05,40.27,40.89,40.01,40.19,2475780,0.0
2021-04-06,39.81,40.1,38.185,38.81,5719108,0.0
2021-04-07,38.71,39,37.97,38.55,3477634,0.0
2021-04-08,38.5,38.5,37.06,37.17,3595125,0.0
2021-04-11,37.1,37.06,35.09,35.18,9073762,0.0
2021-04-12,35.12,35.445,34.84,35.15,4688416,0.0
2021-04-13,35.52,36.435,35.27,35.67,5048330,0.0
2021-04-14,35.85,36.22,35.35,36.11,4136414,0.0
2021-04-15,36.31,36.86,36.22,36.51,5644509,0.0
2021-04-18,36.51,37.55,36.49,37,6573205,0.0
2021-04-19,37.26,37.62,35.7867,36.61,4006421,0.0
2021-04-20,36.61,38.12,36.52,38.04,4220472,0.0
2021-04-21,38.5,39.02,38.27,38.33,2865591,0.0
2021-04-22,39.18,39.2967,38.325,38.54,2437320,0.0
2021-04-25,38.55,39.22,38.37,39.17,1649418,0.0
2021-04-26,39.12,39.435,38.87,39.26,1489926,0.0
2021-04-27,39.59,40.84,39.57,40.73,3806250,0.0
2021-04-28,41,41.5,39.73,40.02,2226111,0.0
2021-04-29,39.13,39.5,38.85,39.09,2040356,0.0
2021-05-02,39.61,39.6562,38.51,38.56,4246914,0.0
2021-05-03,38.35,38.56,37.4,38.4,3193875,0.0
2021-05-04,37.69,38.89,37.59,38.47,3782144,0.0
2021-05-05,39.09,40.025,38.93,39.28,3369228,0.0
2021-05-06,39.15,39.88,38.9,39.22,2742764,0.0
2021-05-09,38.6,38.67,36.64,36.81,4007391,0.0
2021-05-10,36.09,37.265,35.93,37.15,4032330,0.0
2021-05-11,37,37.27,35.93,36.14,3043708,0.0
2021-05-12,36.21,37.02,35.73,36.01,2491929,0.0
2021-05-13,36.49,37.63,36.315,37.52,3530448,0.0
2021-05-16,38.63,39.29,37.53,38.92,5046207,0.0
2021-05-17,39.31,40,39.3,39.47,4708781,0.0
2021-05-18,39.22,41.3926,38.42,41.01,5647405,0.0
2021-05-19,40.76,41.71,40.52,41.3,3395754,0.0
2021-05-20,41.69,41.69,39.4,39.77,2902184,0.0
