Date,Open,High,Low,Close,Volume,OpenInterest
2017-06-01,36.61,36.8,36.26,36.74,223172,0.0
2017-06-04,36.7,37.148,36.63,36.88,374534,0.0
2017-06-05,36.77,37.83,36.6,37.73,741703,0.0
2017-06-06,37.78,37.9,36.57,36.87,698988,0.0
2017-06-07,37.05,37.27,36.59,37.21,642008,0.0
2017-06-08,37.39,37.5,34.3071,34.62,756515,0.0
2017-06-11,34.51,34.89,32.58,34.57,865217,0.0
2017-06-12,34.79,35.35,34.45,34.63,446168,0.0
2017-06-13,34.82,35.24,34.22,34.62,242017,0.0
2017-06-14,34.34,34.71,34.065,34.64,360964,0.0
2017-06-15,34.78,34.82,34.26,34.79,376406,0.0
2017-06-18,34.94,35.25,34.52,34.85,310385,0.0
2017-06-19,34.81,34.97,34.39,34.6,415466,0.0
2017-06-20,34.8,35.01,34.3302,34.8,340456,0.0
2017-06-21,34.72,35.45,34.64,35.31,426210,0.0
2017-06-22,35.3,36.27,35,36.01,705436,0.0
2017-06-25,36.01,36.39,35.58,35.94,511000,0.0
2017-06-26,35.91,36.48,35.54,35.67,453778,0.0
2017-06-27,35.85,36.25,35.45,36.12,269360,0.0
2017-06-28,36.01,36.01,34.75,35.19,477472,0.0
2017-06-29,35.27,35.67,34.91,35.18,212836,0.0
2017-07-02,35.25,35.3,33.34,34.16,450652,0.0
2017-07-04,34.2,34.79,34.075,34.68,442129,0.0
2017-07-05,34.4,35.02,34.245,34.62,362546,0.0
2017-07-06,34.73,35.82,34.61,35.31,374244,0.0
2017-07-09,35.31,35.5825,34.98,35.32,180025,0.0
2017-07-10,35.16,35.56,34.89,35.36,388086,0.0
2017-07-11,35.76,36.4,35.59,36.23,273213,0.0
2017-07-12,36.3,36.48,35.49,35.51,205553,0.0
2017-07-13,35.72,35.75,35.27,35.66,177300,0.0
2017-07-16,35.75,35.89,35.41,35.65,133833,0.0
2017-07-17,35.67,35.67,35.26,35.435,271056,0.0
2017-07-18,35.55,36.36,35.35,36.25,265395,0.0
2017-07-19,36.29,36.29,35.61,35.98,220975,0.0
2017-07-20,35.97,36.3,35.49,35.75,163647,0.0
2017-07-23,35.42,36.49,35.42,36.39,321187,0.0
2017-07-24,36.94,38.4999,36.94,37.99,981436,0.0
2017-07-25,38,38.99,37.42,38.86,588422,0.0
2017-07-26,39,39.25,37.1277,38.03,862447,0.0
2017-07-27,37.21,37.36,35.09,37.13,1419925,0.0
2017-07-30,36.93,36.9399,35.35,35.82,1020250,0.0
2017-07-31,35.82,36.32,35.33,36.29,582959,0.0
2017-08-01,36.37,36.5,34.44,34.5,737329,0.0
2017-08-02,34.65,35.23,34.51,35.06,642729,0.0
2017-08-03,35,35.36,34.76,35.35,252880,0.0
2017-08-06,35.51,35.51,34.91,35.4392,270141,0.0
2017-08-07,35.3,35.37,35.04,35.17,242740,0.0
2017-08-08,35,35.46,34.83,35.45,403125,0.0
2017-08-09,35.25,35.3,34.54,34.78,650362,0.0
2017-08-10,35.07,35.47,34.48,35.47,273550,0.0
2017-08-13,35.63,36,35.56,35.98,262799,0.0
2017-08-14,35.98,36.39,35.69,36.39,357796,0.0
2017-08-15,36.39,37.67,36.14,37.47,584195,0.0
2017-08-16,37.26,37.33,36.69,36.93,527046,0.0
2017-08-17,36.92,36.92,36.24,36.335,356308,0.0
2017-08-20,36.4,36.485,34.94,36.16,810329,0.0
2017-08-21,36.37,36.4079,35.39,35.92,341069,0.0
2017-08-22,35.57,36.22,35.45,35.75,233359,0.0
2017-08-23,35.75,35.82,34.68,35.24,442983,0.0
2017-08-24,35.19,35.2936,34.46,34.63,404413,0.0
2017-08-27,34.98,35.06,33.94,34.68,397350,0.0
2017-08-28,34.34,34.97,34.27,34.6292,357696,0.0
2017-08-29,34.53,35.56,34.34,35.54,374490,0.0
2017-08-30,35.43,35.66,34.93,35.63,360765,0.0
2017-08-31,35.53,35.66,34.84,34.89,295165,0.0
2017-09-04,34.82,34.96,34.25,34.9,232092,0.0
2017-09-05,34.81,35.07,34.32,34.38,201698,0.0
2017-09-06,34.59,34.78,34.41,34.46,219572,0.0
2017-09-07,34.55,34.64,34.19,34.37,223618,0.0
2017-09-10,36,36,34.48,35.02,248501,0.0
2017-09-11,34.83,34.86,33.66,33.81,485458,0.0
2017-09-12,33.88,34.03,33.16,33.82,651072,0.0
2017-09-13,33.93,36.62,33.82,36.56,1069644,0.0
2017-09-14,36.63,36.73,35.83,36.16,538756,0.0
2017-09-17,36.13,36.45,35.48,36.43,374013,0.0
2017-09-18,36.5,36.5,35.92,36.43,506569,0.0
2017-09-19,36.47,36.745,35.71,36.07,672414,0.0
2017-09-20,36.31,36.475,34.88,35.18,458408,0.0
2017-09-21,35.16,35.3425,34.85,35.16,342536,0.0
2017-09-24,35.11,35.45,33.83,34.27,585424,0.0
2017-09-25,34.53,34.64,33.61,33.94,713880,0.0
2017-09-26,34.16,34.4,33.92,34.32,202245,0.0
2017-09-27,34.31,34.72,34.23,34.49,274118,0.0
2017-09-28,34.52,35.16,34.4,35.14,395400,0.0
2017-10-01,35,36.29,35,36.28,622598,0.0
2017-10-02,36.41,36.93,36.09,36.66,714989,0.0
2017-10-03,36.58,38,36.52,37.89,877543,0.0
2017-10-04,37.87,38.34,37.72,38.15,654003,0.0
2017-10-05,38.12,38.87,37.47,38.68,806933,0.0
2017-10-08,38.8,40,38.63,39.59,1260169,0.0
2017-10-09,39.68,40.43,39.65,39.77,1598213,0.0
2017-10-10,39.89,40.95,39.87,40.41,1085146,0.0
2017-10-11,40.4,40.66,40.1014,40.33,602553,0.0
2017-10-12,40.46,40.48,39.24,39.63,552524,0.0
2017-10-15,39.82,40,39.21,39.57,638593,0.0
2017-10-16,39.61,39.97,39.33,39.74,738674,0.0
2017-10-17,39.75,39.94,39.47,39.8,444250,0.0
2017-10-18,39.49,40.3,39.06,40.27,1078199,0.0
2017-10-19,45.98,50.88,41.93,50.15,6491089,0.0
2017-10-22,48.66,49.07,47.47,49.01,2865881,0.0
2017-10-23,48.55,49.56,48,49.29,949283,0.0
2017-10-24,49.27,49.27,46.811,48.26,1259794,0.0
2017-10-25,48.08,48.74,47.58,47.92,652585,0.0
2017-10-26,48.02,48.3763,46.4,47.03,981396,0.0
2017-10-29,46.92,48.535,46.6,48.32,816180,0.0
2017-10-30,48.27,49.16,47.54,48.36,799262,0.0
2017-10-31,48.235,48.76,46.93,48.72,1000924,0.0
2017-11-01,48.61,50.48,48.18,49.43,1981118,0.0
2017-11-02,49.57,51.77,48.8,51,1739481,0.0
2017-11-05,50.98,52.09,49.86,52.075,1180235,0.0
2017-11-06,52.27,52.489,50.78,51.8,923888,0.0
2017-11-07,51.76,53.21,51.3,52.93,958668,0.0
2017-11-08,52.28,52.46,51.28,52.3436,734125,0.0
2017-11-09,52.29,52.8199,51.92,52.4,448426,0.0
2017-11-12,51.9,52.37,51.26,52.28,568592,0.0
2017-11-13,52.26,52.84,51.77,52.35,673700,0.0
2017-11-14,51.72,52.18,50.9,51.91,630825,0.0
2017-11-15,51.94,53.45,51.94,52.42,660155,0.0
2017-11-16,52.38,52.92,51.9,52.37,739446,0.0
2017-11-19,52.21,52.255,50.87,50.89,918161,0.0
2017-11-20,50.9,52.52,50.52,52.19,741706,0.0
2017-11-21,52.11,52.11,51.32,51.74,415393,0.0
2017-11-23,52.1,52.535,51.42,52.23,252591,0.0
2017-11-26,52.29,52.31,51.22,51.54,675901,0.0
2017-11-27,51.81,51.9358,50.55,51.19,540160,0.0
2017-11-28,50.75,50.965,46.245,46.61,2043582,0.0
2017-11-29,47.09,47.47,46.031,46.72,896096,0.0
2017-11-30,46.79,47.46,46.0822,47,877684,0.0
2017-12-03,47.53,48,44.27,44.28,1507559,0.0
2017-12-04,43.88,46.0303,43.11,44.95,787908,0.0
2017-12-05,44.82,45.46,44.52,45.18,476018,0.0
2017-12-06,45.42,45.81,45.01,45.51,479454,0.0
2017-12-07,45.79,46.55,45.74,46.45,639313,0.0
2017-12-10,46.83,47.67,46.535,47.12,599382,0.0
2017-12-11,47,47.2,45.42,45.46,506203,0.0
2017-12-12,45.51,46.44,45.5,45.98,372551,0.0
2017-12-13,46.04,46.62,45.28,45.42,335509,0.0
2017-12-14,45.44,47.06,45.055,47.06,646620,0.0
2017-12-17,47.5,47.51,46,46.81,968665,0.0
2017-12-18,46.87,46.97,46.14,46.905,549213,0.0
2017-12-19,47.05,47.18,45.53,46.69,485263,0.0
2017-12-20,46.61,46.94,46.08,46.43,460726,0.0
2017-12-21,46.5,46.5,45.53,46.27,371480,0.0
2017-12-25,46.05,46.74,45.385,46.51,284470,0.0
2017-12-26,46.4,46.67,46.1,46.14,294503,0.0
2017-12-27,46.35,46.35,45.47,46.06,367907,0.0
2017-12-28,46.2,46.37,45.46,45.5,359632,0.0
2018-01-01,45.94,47.36,45.61,47.03,649696,0.0
2018-01-02,47.32,50.7105,47.32,50.4,1716725,0.0
2018-01-03,51.06,52.04,50.63,51.6,1295343,0.0
2018-01-04,51.62,52.43,51.6,51.89,946592,0.0
2018-01-07,51.89,52.6,51.27,51.9,516066,0.0
2018-01-08,52.31,52.85,51.08,52.7,629816,0.0
2018-01-09,52.22,52.47,50.54,51.05,881401,0.0
2018-01-10,51.15,52.07,50.66,52.06,303330,0.0
2018-01-11,52.04,52.74,51.32,52.58,435566,0.0
2018-01-15,53.38,55.25,51.77,52.82,1626596,0.0
2018-01-16,53.31,55.21,53.04,54.88,1401266,0.0
2018-01-17,55.91,55.91,53.56,55.62,1659467,0.0
2018-01-18,53.31,55.1766,51.55,53.06,3180718,0.0
2018-01-21,52.6,53,50.93,52.2699,1372946,0.0
2018-01-22,51.92,54.06,51.2601,53.94,1075954,0.0
2018-01-23,53.93,54,52.11,52.8,780061,0.0
2018-01-24,52.85,53.42,52.24,53.1,730119,0.0
2018-01-25,53.64,53.93,53.2,53.86,643854,0.0
2018-01-28,53.65,55.05,53.16,54.74,881110,0.0
2018-01-29,53.81,54.66,53.101,53.39,584899,0.0
2018-01-30,53.78,54.53,53.36,54,471322,0.0
2018-01-31,53.47,54.35,52.43,53.27,574522,0.0
2018-02-01,53.06,53.125,52.24,52.71,749266,0.0
2018-02-04,51.93,53.06,48.78,51.25,826526,0.0
2018-02-05,49.79,52.112,49.01,52,833684,0.0
2018-02-06,51.78,52.94,51.75,51.789,391551,0.0
2018-02-07,51.8,52.0053,48.71,48.82,825375,0.0
2018-02-08,49.57,50.67,47.74,50.19,711974,0.0
2018-02-11,50.29,51.529,50.06,51.21,469694,0.0
2018-02-12,51.13,51.99,50.9,51.81,313901,0.0
2018-02-13,51.29,52.32,50.1104,52.1,554105,0.0
2018-02-14,52.24,52.95,51.9,52.93,347196,0.0
2018-02-15,52.97,54.69,52.73,53.22,573330,0.0
2018-02-19,52.45,54.49,52.01,54.25,1276538,0.0
2018-02-20,54.22,57.47,54.1,55.47,1801593,0.0
2018-02-21,55.32,55.45,51.76,52.4,1134274,0.0
2018-02-22,52.35,53.34,50.58,53.29,744113,0.0
2018-02-25,53.29,53.76,52.61,52.74,491171,0.0
2018-02-26,52.53,53.46,52.001,52.9,425153,0.0
2018-02-27,52.81,55.42,52.81,54.31,1052246,0.0
2018-02-28,54.57,54.909,52.6,54.22,783498,0.0
2018-03-01,53.78,58.45,53.01,58.16,1587537,0.0
2018-03-04,58.3,59.1,56.95,58.59,1050351,0.0
2018-03-05,59.13,59.81,58.51,59.15,646447,0.0
2018-03-06,58.5,60.32,58.325,59.76,863596,0.0
2018-03-07,60.28,60.86,59.68,59.81,477774,0.0
2018-03-08,60.04,61.44,60.04,61.25,598081,0.0
2018-03-11,61.64,62.1713,60.47,61.78,563513,0.0
2018-03-12,62.14,62.25,59.58,59.83,583116,0.0
2018-03-13,60.27,60.66,58.34,59.97,755172,0.0
2018-03-14,60.07,60.19,59.06,59.58,561843,0.0
2018-03-15,59.53,59.7256,58.84,59.26,380898,0.0
2018-03-18,59.18,59.74,58.08,58.57,486024,0.0
2018-03-19,58.6,59.45,58.54,59.16,660735,0.0
2018-03-20,59.42,59.94,58.11,58.33,846063,0.0
2018-03-21,57.35,58.86,56,57.52,734608,0.0
2018-03-22,57.53,58.06,55.33,55.35,816889,0.0
2018-03-25,56.5,56.991,55.141,56.6,813397,0.0
2018-03-26,57.2,57.62,53.68,54.015,597930,0.0
2018-03-27,53.5,53.5,50.84,52.16,1709480,0.0
2018-03-28,52.55,54.49,52.07,53.91,815225,0.0
2018-04-01,53.54,54.24,53.011,53.78,737847,0.0
2018-04-02,54.47,54.85,52.94,53.21,746808,0.0
2018-04-03,52,56.23,51.76,56.12,2076374,0.0
2018-04-04,56.91,57.3399,55.6637,55.98,681527,0.0
2018-04-05,55.48,56.26,53.96,54.59,706535,0.0
2018-04-08,55.48,56.91,55.24,55.9,640840,0.0
2018-04-09,57.04,57.43,55.3,56.99,512688,0.0
2018-04-10,56.58,59.82,56.355,58.65,1214893,0.0
2018-04-11,58.91,60.84,58.32,60.64,999025,0.0
2018-04-12,61.09,61.255,59.95,60.26,998381,0.0
2018-04-15,60.87,61.58,60.01,60.68,653457,0.0
2018-04-16,61,62.75,60.96,62.06,773989,0.0
2018-04-17,61.15,62.78,60.54,62.07,923469,0.0
2018-04-18,62.19,62.6,61,62.27,1132124,0.0
2018-04-19,54.61,59.6163,54.54,58.21,8628494,0.0
2018-04-22,58.19,59.0249,56.7868,58.99,2141713,0.0
2018-04-23,59.4,59.49,56.7,57.28,3464662,0.0
2018-04-24,56.52,56.8484,54.92,55.18,2333248,0.0
2018-04-25,55.98,56.39,55.46,56.04,1341387,0.0
2018-04-26,56.35,56.38,54.57,55.42,738735,0.0
2018-04-29,55.48,56.35,55.15,56,823065,0.0
2018-04-30,55.6,56.26,55.11,56.24,537922,0.0
2018-05-01,56.37,57,55.93,56.48,481383,0.0
2018-05-02,56.46,58.49,56.28,58.4001,1071798,0.0
2018-05-03,58.01,60.025,57.6,59.99,1161187,0.0
2018-05-06,60.4,62.825,60.185,62.58,1295887,0.0
2018-05-07,62.14,63.59,62.11,63.2,1044660,0.0
2018-05-08,63.1,64.49,62.87,64.32,1298302,0.0
2018-05-09,64.29,65.67,64.02,65.29,1221104,0.0
2018-05-10,65.43,66,64.715,64.87,1150170,0.0
2018-05-13,64.88,64.95,62.33,62.47,1178289,0.0
2018-05-14,61.88,62.25,60.32,61.8,856835,0.0
2018-05-15,61.55,62.72,60.67,61.77,561597,0.0
2018-05-16,61.76,62.19,61.19,61.64,442566,0.0
2018-05-17,61.84,63.56,61.66,63.42,625863,0.0
2018-05-20,63.4,64,60.82,61.48,1158147,0.0
2018-05-21,61.58,62.2,61.43,61.67,759451,0.0
2018-05-22,60.88,63.04,60.88,62.95,877759,0.0
2018-05-23,62.8,64.47,62.12,63.92,662678,0.0
2018-05-24,63.8,63.86,62.85,62.94,582478,0.0
2018-05-28,62.31,62.81,60.54,62.71,1704184,0.0
2018-05-29,62.68,63.79,62.14,63.43,800155,0.0
2018-05-30,63.45,64.8,63.04,63.79,1088897,0.0
2018-05-31,64.05,65.43,63.26,63.98,1364474,0.0
2018-06-03,64,64.48,62.55,64.42,1796508,0.0
2018-06-04,64.51,66.895,64.51,66.66,1456206,0.0
2018-06-05,67.1,68.749,66.56,67.82,1547135,0.0
2018-06-06,68,68,62.45,63.79,1679362,0.0
2018-06-07,64,64.73,63.01,64.28,529290,0.0
2018-06-10,64.54,64.7239,63.83,64.36,523473,0.0
2018-06-11,64.4,66.29,64.35,66.21,967482,0.0
2018-06-12,66.3,67.47,65.521,66.15,648228,0.0
2018-06-13,66.64,67.6,66.08,66.49,811055,0.0
2018-06-14,66.28,66.29,65.22,66.12,906117,0.0
2018-06-17,65.8,67.63,65.4252,66.59,593196,0.0
2018-06-18,65.59,65.59,63.22,65.03,1073388,0.0
2018-06-19,65.63,66.1271,64.94,65.54,616413,0.0
2018-06-20,65.8,65.97,64.39,65.6,749653,0.0
2018-06-21,65.51,65.51,62.61,64.19,1336859,0.0
2018-06-24,63.55,63.94,61.18,62.38,759639,0.0
2018-06-25,62.87,63.59,62.4,63.26,846325,0.0
2018-06-26,63.37,63.53,60.75,60.75,541780,0.0
2018-06-27,60.69,62.46,60.39,62.13,539504,0.0
2018-06-28,62.42,63.21,62.09,62.53,354172,0.0
2018-07-01,62.03,63.52,61.6601,63.32,376065,0.0
2018-07-02,63.37,64.25,62.59,63.02,404831,0.0
2018-07-04,63.02,63.87,62.5,63.55,579140,0.0
2018-07-05,63.3,65.4,63.205,65.24,454272,0.0
2018-07-08,65.74,66.37,63.61,64.78,551363,0.0
2018-07-09,64.89,65.25,64.102,64.725,405092,0.0
2018-07-10,64.01,65.6,64,65.31,350519,0.0
2018-07-11,65.61,68.77,65.34,68.26,1188933,0.0
2018-07-12,68.57,68.675,67.09,67.18,855424,0.0
2018-07-15,67.52,68.4,66.74,66.81,468495,0.0
2018-07-16,66.09,68.1,65.15,67.87,525182,0.0
2018-07-17,67.96,68.5,67.29,68.22,442770,0.0
2018-07-18,68.23,68.98,67.81,67.84,510905,0.0
2018-07-19,67.85,68.66,67.5,67.86,986627,0.0
2018-07-22,67.49,67.98,65.511,66.39,1082403,0.0
2018-07-23,67.11,67.11,64.43,64.48,730769,0.0
2018-07-24,64.78,67.12,64.78,67.05,616680,0.0
2018-07-25,66.09,67.77,65.33,66.83,864598,0.0
2018-07-26,77.93,79.82,72.5,73.84,6158437,0.0
2018-07-29,73,75,69.13,71.09,2037005,0.0
2018-07-30,70.78,73.81,70.5,72.41,1393523,0.0
2018-07-31,72.5,74.555,72.41,73.29,1100634,0.0
2018-08-01,73,75.555,72.8652,74.87,865584,0.0
2018-08-02,75.2,75.2,73.3135,74.12,657528,0.0
2018-08-05,74.35,76.13,74.31,75.54,1317975,0.0
2018-08-06,75.91,76.61,75.51,75.99,904738,0.0
2018-08-07,75.62,76.6999,75.2465,76.19,519770,0.0
2018-08-08,76.2,78.74,75.66,78.35,964957,0.0
2018-08-09,77.52,78.7,77.101,78.03,579377,0.0
2018-08-12,78.07,79.52,77.98,78.24,599682,0.0
2018-08-13,78.06,78.91,76.81,78.69,719678,0.0
2018-08-14,77.31,78.64,77.15,77.64,860687,0.0
2018-08-15,78,78.5,77.42,78.1,340429,0.0
2018-08-16,78,78.335,77.02,77.98,459918,0.0
2018-08-19,77.63,78.68,76.79,78.24,799330,0.0
2018-08-20,78.05,80.68,78.05,79.26,803339,0.0
2018-08-21,79.25,80.5,78.7,80,466018,0.0
2018-08-22,79.52,82.98,79.25,82.63,1544855,0.0
2018-08-23,82.52,86.13,82.52,86.12,1709122,0.0
2018-08-26,87.07,87.48,85.06,86.54,2100565,0.0
2018-08-27,86.76,88.05,86.54,87.66,1021417,0.0
2018-08-28,87.85,89.76,87.85,89.45,1437356,0.0
2018-08-29,89.02,90.31,88.67,89.29,1002168,0.0
2018-08-30,89,91.42,88.365,90.02,1006514,0.0
2018-09-03,90.2,92.24,89.601,91.89,1164643,0.0
2018-09-04,92.26,92.26,86.74,87.61,1769485,0.0
2018-09-05,87.98,88.49,86.55,86.68,1537190,0.0
2018-09-06,86.46,88.65,84.4619,87.01,1465044,0.0
2018-09-09,87.96,88.5483,85.435,87.94,960514,0.0
2018-09-10,88.09,90.77,87.25,90.49,676505,0.0
2018-09-11,90.13,90.92,86.95,89.59,790837,0.0
2018-09-12,91.75,94.72,91.33,93.43,1574023,0.0
2018-09-13,93.58,95,92.85,94.18,893711,0.0
2018-09-16,94.49,94.5,90.64,91.16,1104255,0.0
2018-09-17,91.07,93.22,90.49,92.4,1237254,0.0
2018-09-18,92.41,92.95,89.57,89.96,1238471,0.0
2018-09-19,90,91.5,89.47,91.33,849990,0.0
2018-09-20,91.48,91.73,89.73,90.62,746035,0.0
2018-09-23,89.78,93.16,88.5739,92.38,1131815,0.0
2018-09-24,92.9,94.61,92.6418,94.33,771906,0.0
2018-09-25,94.67,95.25,93.53,94.33,864067,0.0
2018-09-26,95.12,96.4494,94.8,95.92,911834,0.0
2018-09-27,95.78,97.06,95.03,96.13,1445478,0.0
2018-09-30,97.18,98.2125,94.845,95.72,946422,0.0
2018-10-01,94.68,95.87,93.56,93.595,1950001,0.0
2018-10-02,94,94.59,91.76,92.92,1390888,0.0
2018-10-03,90.22,90.83,85.42,85.66,2513226,0.0
2018-10-04,86.1,87.258,84.05,85.36,1415977,0.0
2018-10-07,84.35,84.712,79.77,81.1,2860435,0.0
2018-10-08,80.68,83.85,80.5124,81.23,1234635,0.0
2018-10-09,80.24,80.69,77.51,78.65,1758781,0.0
2018-10-10,76.62,81.22,76.12,78.41,1596792,0.0
2018-10-11,81.22,82.36,79.87,81.71,1341631,0.0
2018-10-14,81.71,82.14,78.6119,79.77,1095499,0.0
2018-10-15,80.87,83.2,80.66,82.77,1427025,0.0
2018-10-16,83.99,84.05,81.58,83.62,789180,0.0
2018-10-17,83.03,83.9,80.135,81.89,1674272,0.0
2018-10-18,78,80.86,69.56,70.13,7163899,0.0
2018-10-21,71.03,73.21,70.42,72.61,3044691,0.0
2018-10-22,71.2,72.63,69.68,72.62,1683752,0.0
2018-10-23,72.06,73.28,67.01,67.12,1599433,0.0
2018-10-24,68.23,70.655,68,70.47,1546483,0.0
2018-10-25,67.99,70.69,66.8,68.95,1228697,0.0
2018-10-28,71.82,72.415,67.37,68.96,1273847,0.0
2018-10-29,68.71,72.57,68.27,71.34,1890325,0.0
2018-10-30,72.5,76.66,72.06,75.91,1943121,0.0
2018-10-31,76.67,77.43,74.43,76.74,1105607,0.0
2018-11-01,77.07,78.565,75.2,76.47,721973,0.0
2018-11-04,76.2,77,73.32,74.59,733062,0.0
2018-11-05,74.15,75.64,71.55,72.12,1093006,0.0
2018-11-06,73.64,78,73.0949,77.59,1791717,0.0
2018-11-07,76.82,77.26,74.725,75.88,650047,0.0
2018-11-08,75.02,75.4565,71.91,73.31,530878,0.0
2018-11-11,72.07,72.83,69.63,70.8,1040189,0.0
2018-11-12,74.27,74.27,70.418,73.01,859010,0.0
2018-11-13,74.02,74.75,71.71,72.41,842493,0.0
2018-11-14,72.28,75.93,71.99,75.75,1143572,0.0
2018-11-15,75.27,76.68,74.5301,75.95,844594,0.0
2018-11-18,75.48,75.75,68.94,69.3,2096216,0.0
2018-11-19,66.04,70.57,65.17,70.245,1830617,0.0
2018-11-20,73.11,73.21,70.091,72.13,804864,0.0
2018-11-22,70.22,73.42,70.001,73.21,326294,0.0
2018-11-25,73.69,76.26,72.77,76.15,830158,0.0
2018-11-26,75.29,76.63,74.31,74.63,786276,0.0
2018-11-27,75.47,81.5,75.47,80.7,1500574,0.0
2018-11-28,80,85.83,79.89,83.911,2141664,0.0
2018-11-29,84.28,87,84.06,85.88,1221470,0.0
2018-12-02,89,89.81,87.07,89.59,1735957,0.0
2018-12-03,88.7,89.82,85.01,85.72,1513514,0.0
2018-12-05,82.3,85.76,81,85.14,1753548,0.0
2018-12-06,83.82,84.83,78.924,80.46,1774809,0.0
2018-12-09,80.2,84.28,79,83.06,1134437,0.0
2018-12-10,85.21,85.6,82.16,82.9666,620879,0.0
2018-12-11,84.83,86.75,83.8,84.03,1093050,0.0
2018-12-12,85,85.6801,82.81,84.15,692322,0.0
2018-12-13,82.87,84.92,82.0101,83.22,791685,0.0
2018-12-16,82.75,82.75,79.29,79.85,1074391,0.0
2018-12-17,81.2,81.35,78.73,79.12,1389954,0.0
2018-12-18,79.68,83.74,79.355,81.07,1652879,0.0
2018-12-19,80.24,83.85,75.55,82.26,2917529,0.0
2018-12-20,82.97,83,79.46,81.12,2724032,0.0
2018-12-23,79.79,81.85,77.34,78.67,613752,0.0
2018-12-25,79.36,85.5,79.33,85.32,1490189,0.0
2018-12-26,83.52,87.54,82.66,87.53,911168,0.0
2018-12-27,88.21,88.98,85.22,87.53,1331555,0.0
2018-12-30,89.23,90.88,88.2,88.58,1951517,0.0
2019-01-01,85.82,90.14,84.1802,88.913,1475697,0.0
2019-01-02,87.03,88.36,84.29,84.78,1152715,0.0
2019-01-03,86.65,88.82,85.4815,87.08,1479678,0.0
2019-01-06,89.05,95.8,87.7,92.94,3547633,0.0
2019-01-07,94.98,96,91.66,94.74,2177673,0.0
2019-01-08,95.27,96.97,94.6247,95.74,1422279,0.0
2019-01-09,95.06,95.99,93.75,95.52,1111931,0.0
2019-01-10,95.31,96.47,93.67,95.485,883886,0.0
2019-01-13,94.18,94.7177,92.851,93.64,1747746,0.0
2019-01-14,91.35,95.4,90.4,95.31,1679286,0.0
2019-01-15,95.63,96.6897,93.4,94.31,1570155,0.0
2019-01-16,94.33,94.75,91.657,92.92,2977775,0.0
2019-01-17,100,100,88.55,90.715,7313339,0.0
2019-01-21,88.77,92.47,87.1802,91.16,2632364,0.0
2019-01-22,92,94.4,90.85,93.69,2033412,0.0
2019-01-23,93.82,94.9,92.11,93.21,1049380,0.0
2019-01-24,94.5,95.99,93.7135,95.83,1098178,0.0
2019-01-27,94.42,95.12,92.53,94.6,879095,0.0
2019-01-28,94.39,94.8,92.4205,93.08,907827,0.0
2019-01-29,94.07,95.8432,94.07,95.07,1070850,0.0
2019-01-30,95,100,94.71,98.4,2158604,0.0
2019-01-31,98.21,101.76,97.86,98.86,1807015,0.0
2019-02-03,99.08,102.85,99.07,101.98,1725849,0.0
2019-02-04,102.47,103.775,101.625,102.61,1301804,0.0
2019-02-05,102.73,104.31,101.26,103.51,1304153,0.0
2019-02-06,102.22,103.7162,101.16,102.25,1082429,0.0
2019-02-07,101.32,104.9516,101.2,104.3145,1044862,0.0
2019-02-10,104.94,106.4,104.11,104.37,1173309,0.0
2019-02-11,104.85,106.59,104.3,106.25,1302852,0.0
2019-02-12,106.48,107.2,103.31,105.26,999834,0.0
2019-02-13,104.74,105.78,104.11,104.86,949828,0.0
2019-02-14,106.15,106.15,104.12,104.91,860361,0.0
2019-02-18,104.38,104.63,103.32,104.03,1752298,0.0
2019-02-19,104,105.67,102.58,104.14,1122921,0.0
2019-02-20,103.3,103.88,101.59,103.04,924527,0.0
2019-02-21,102.97,105.44,102.74,105.31,930186,0.0
2019-02-24,105.97,107.95,105.75,106.765,1359922,0.0
2019-02-25,106.02,107.01,105.45,105.63,1012432,0.0
2019-02-26,105.3,106.65,104.7908,106.34,993903,0.0
2019-02-27,105.63,107.96,105.3811,107.49,857681,0.0
2019-02-28,108.22,111.76,107.56,110.95,1896027,0.0
2019-03-03,111.58,111.58,99.77,104.71,3829331,0.0
2019-03-04,105.33,105.33,101.29,104.4299,1265903,0.0
2019-03-05,104.25,105,102.3,103.49,806615,0.0
2019-03-06,102.97,106.3441,102.56,104.24,1249161,0.0
2019-03-07,102.06,105.06,100.51,104.25,950580,0.0
2019-03-10,104.76,110.1,104.76,109.54,1451378,0.0
2019-03-11,110.06,112.45,109.05,110.99,1700838,0.0
2019-03-12,111.22,112.58,108.25,108.58,2484356,0.0
2019-03-13,109.46,112.49,109.3,110.49,1777560,0.0
2019-03-14,109.78,112.23,109.76,110.33,932303,0.0
2019-03-17,110.12,111.73,109.66,111.22,682557,0.0
2019-03-18,112.21,113.3999,110.31,112.42,1060147,0.0
2019-03-19,112.64,113.9,111.278,112.83,799947,0.0
2019-03-20,112.34,115.88,112.1,115.4419,1075775,0.0
2019-03-21,114.69,115.0538,109.73,109.74,1357548,0.0
2019-03-24,109.33,110.39,107.9,109.86,859082,0.0
2019-03-25,111.63,112.95,110.5,111.5,703900,0.0
2019-03-26,111.4,112,105.2001,106.98,1948379,0.0
2019-03-27,107.08,109.87,106.6,108.45,1026972,0.0
2019-03-28,110.2,112.51,108.68,112.38,1123487,0.0
2019-03-31,114.03,115.375,111.37,113.87,625439,0.0
2019-04-01,114.44,116.09,112.22,115.6,916260,0.0
2019-04-02,116.3,116.7,114.6701,115.38,967139,0.0
2019-04-03,115.6,115.6,106.75,110.22,2286127,0.0
2019-04-04,111.53,112.54,110.19,111.33,1070502,0.0
2019-04-07,111.28,112.14,108.2944,112.03,805942,0.0
2019-04-08,111,112.69,110.2,112.15,998315,0.0
2019-04-09,112.15,113.7,111.83,112.75,1382746,0.0
2019-04-10,113.64,114.69,111.57,114.44,1138304,0.0
2019-04-11,115.3,115.67,112.28,112.69,1490820,0.0
2019-04-14,114.01,117.06,113.56,114.39,2003364,0.0
2019-04-15,115.93,115.93,112.22,113.01,1938565,0.0
2019-04-16,113.39,114.1304,109.6737,111.19,2362332,0.0
2019-04-17,101.4,105.6,100.25,101.94,7060216,0.0
2019-04-21,100.72,104.25,100.2829,103.75,2430921,0.0
2019-04-22,104.25,107.1,103.87,106.72,2952821,0.0
2019-04-23,107.52,108.06,102.845,103.15,1938399,0.0
2019-04-24,103.7,106.07,102.61,106.01,1389265,0.0
2019-04-25,105.84,108.34,104.6014,108.26,1044919,0.0
2019-04-28,107.93,110.7,107.8001,110.06,1539255,0.0
2019-04-29,109.9,111.6623,109.1039,110.15,1581037,0.0
2019-04-30,110.23,110.99,108.57,108.6,1057232,0.0
2019-05-01,107.82,109.8,106.8,109.05,903702,0.0
2019-05-02,110.33,111.7,109.4577,110.4,814107,0.0
2019-05-05,107,110.9,106.11,110.56,815371,0.0
2019-05-06,109.65,112,109.63,110.67,2015479,0.0
2019-05-07,110.99,117.45,110.8635,117.2,3475589,0.0
2019-05-08,116.16,125.31,115.22,125.15,4680999,0.0
2019-05-09,123.11,129.97,121.5,128.88,3369138,0.0
2019-05-12,124.71,126.778,120.63,120.75,2627134,0.0
2019-05-13,121.6,124.62,121.11,123.7,1106480,0.0
2019-05-14,122.91,127.37,122.57,126.08,1166361,0.0
2019-05-15,126.09,131.03,126.09,129.75,1456160,0.0
2019-05-16,129,131.99,128,129.13,952513,0.0
2019-05-19,125.85,127.33,123.7983,124.55,1861354,0.0
2019-05-20,126.11,127,125.4,125.54,816500,0.0
2019-05-21,124.11,128.23,123.9928,126.31,1167474,0.0
2019-05-22,124.89,127.839,124.3307,127.24,1740777,0.0
2019-05-23,126.8,131,126.72,129.53,1660079,0.0
2019-05-27,129.56,132.87,127.76,128.49,1124176,0.0
2019-05-28,124.18,125.29,122.57,123.76,1474557,0.0
2019-05-29,124.01,126.29,124.01,126.19,856043,0.0
2019-05-30,123.82,127.3385,122.67,125.87,1000911,0.0
2019-06-02,126.24,127.21,115.87,117.31,2242176,0.0
2019-06-03,119.52,122.73,117.32,122.64,1189011,0.0
2019-06-04,124.59,126.62,121.78,126.58,1327174,0.0
2019-06-05,126.32,128.925,125.17,127.65,729250,0.0
2019-06-06,127.91,132.27,127.9,131.56,1114526,0.0
2019-06-09,133.45,137.78,132.6,132.97,1576534,0.0
2019-06-10,133.91,134.985,126.52,128.92,1680466,0.0
2019-06-11,129.24,130.7293,127.8525,128.89,1232920,0.0
2019-06-12,131.25,131.52,128.84,130.28,1643141,0.0
2019-06-13,129.87,131.48,129.07,129.96,1465580,0.0
2019-06-16,130.11,131.95,129.61,130.64,662084,0.0
2019-06-17,132.89,133,129.39,129.49,788761,0.0
2019-06-18,130.48,132.8,128.15,132.78,924295,0.0
2019-06-19,134.89,137.45,134.3,135.18,914382,0.0
2019-06-20,134.05,134.53,131.8,132.93,840464,0.0
2019-06-23,134,134,128.22,130.56,1383548,0.0
2019-06-24,130.54,130.91,123.43,125.65,1711389,0.0
2019-06-25,126.5,128.98,126.38,128.35,1350711,0.0
2019-06-26,129.01,131.24,127.99,131.05,1298270,0.0
2019-06-27,131.6,131.6,129.76,130.84,880466,0.0
2019-06-30,133.2,133.6562,129.6,131.81,1074183,0.0
2019-07-01,131.88,133.85,131.035,133.74,1038788,0.0
2019-07-02,134.49,135.16,133.22,133.33,622652,0.0
2019-07-04,133,135.25,130.53,135.1,535775,0.0
2019-07-07,134.45,138.48,133.61,137.96,1195474,0.0
2019-07-08,137.08,140.99,137.08,140.595,1047790,0.0
2019-07-09,141.14,143.6799,139.4489,140.32,950854,0.0
2019-07-10,141.56,142.3,139.7,140.97,655750,0.0
2019-07-11,140.59,141.33,137.23,138.53,869645,0.0
2019-07-14,139.46,140.48,138.1,139.51,575483,0.0
2019-07-15,140,140,135.63,137.13,839851,0.0
2019-07-16,137.87,140.3,136.3,136.37,1035023,0.0
2019-07-17,136.15,136.92,134.83,135.95,721745,0.0
2019-07-18,137,137.985,134.1025,134.185,924479,0.0
2019-07-21,134.3,136.7072,132.82,135.24,861308,0.0
2019-07-22,136.72,136.74,130.78,134.11,1179044,0.0
2019-07-23,134.06,136.91,133.81,135.27,968787,0.0
2019-07-24,134.82,136.36,130.9,134.51,1510816,0.0
2019-07-25,136.75,149.8,136.06,146.05,4239899,0.0
2019-07-28,144,144.64,134.11,139.05,2809586,0.0
2019-07-29,137.91,139.53,136.25,137,1095773,0.0
2019-07-30,136.81,141.98,136.64,140.11,1903732,0.0
2019-07-31,140,145.95,140,143.97,1582583,0.0
2019-08-01,142.98,142.98,138.76,141.12,1198968,0.0
2019-08-04,135.41,136.96,131.26,133.2,1788602,0.0
2019-08-05,135,139.47,134.7319,135.47,1249599,0.0
2019-08-06,133.03,142.815,132.32,141.87,2089517,0.0
2019-08-07,142.7,146.05,142.5001,145.01,1153352,0.0
2019-08-08,144.48,147.59,142.3,145.97,795745,0.0
2019-08-11,144.56,145.28,141.69,143.66,672115,0.0
2019-08-12,142.76,147.005,142.5,146.64,856467,0.0
2019-08-13,143.29,144.91,138.26,139.45,1057240,0.0
2019-08-14,139.44,140.75,136.89,139.5,864609,0.0
2019-08-15,140.99,143.71,140.43,142.63,778721,0.0
2019-08-18,143,143.39,138.54,141.27,1226111,0.0
2019-08-19,140.7,143,140.08,142.11,511793,0.0
2019-08-20,142.2,145,141.66,143.87,790101,0.0
2019-08-21,143.51,145.8011,141.17,143.44,731138,0.0
2019-08-22,141.81,146.7,140.692,141.01,852316,0.0
2019-08-25,141.79,143,140.5,142.86,536655,0.0
2019-08-26,144.32,145.055,140.48,142.65,838326,0.0
2019-08-27,141.75,141.75,136.65,138.23,1442173,0.0
2019-08-28,140,141.455,137.33,137.99,1148504,0.0
2019-08-29,138.43,139.175,130.84,134.5,1603384,0.0
2019-09-02,133.73,135.6863,130.35,131.93,1015203,0.0
2019-09-03,133.36,133.42,129.64,129.79,1341436,0.0
2019-09-04,130.77,133.46,126.15,133.43,2153693,0.0
2019-09-05,134.65,137.59,131.58,132.25,2145336,0.0
2019-09-08,132.31,134.045,119.6521,126.27,3322786,0.0
2019-09-09,124,125.64,120.21,122.25,2262034,0.0
2019-09-10,121.93,124.79,120.515,122.89,1009466,0.0
2019-09-11,123.91,128.49,123.91,125.49,1779417,0.0
2019-09-12,125.58,128.63,124.01,127.205,1766706,0.0
2019-09-15,126.71,130.65,125.17,130.42,1108885,0.0
2019-09-16,130.5,134,128.735,133.63,1160178,0.0
2019-09-17,132.87,134.87,130.51,134.31,1351786,0.0
2019-09-18,134.71,136.22,132.7,134.95,1019050,0.0
2019-09-19,136.08,138.47,134.84,136.9,1687851,0.0
2019-09-22,136.7,138.2,135.7673,136.47,1007006,0.0
2019-09-23,136.96,137.36,129.38,129.45,2756468,0.0
2019-09-24,130,130.055,122.5,128.08,1658421,0.0
2019-09-25,128.13,128.91,125.33,128.22,869505,0.0
2019-09-26,128.26,128.7,121.59,122.9,1691631,0.0
2019-09-29,122.66,126.2523,121.46,125.435,859658,0.0
2019-09-30,125.28,126.525,122.675,124.28,1114997,0.0
2019-10-01,123.16,124.4,120.84,122.77,1218129,0.0
2019-10-02,123.12,128.53,121.7,128,1405437,0.0
2019-10-03,129.83,132.17,129.21,131.9,3441925,0.0
2019-10-06,131.01,133.69,130.77,132.91,1959460,0.0
2019-10-07,132.69,133.5,123.86,124.11,4794761,0.0
2019-10-08,126.12,128.49,124.18,126.68,2482264,0.0
2019-10-09,127,128.91,125,125.87,2054640,0.0
2019-10-10,127.63,129.8578,127.21,127.39,1345487,0.0
2019-10-13,127.82,129.06,126.2,127.52,1784341,0.0
2019-10-14,128,130.26,128,128.75,3004300,0.0
2019-10-15,126.88,127.38,120.41,124.28,5418026,0.0
2019-10-16,125.52,126.075,121.31,122.4812,4921619,0.0
2019-10-17,121.12,121.56,109.42,116.88,20873640,0.0
2019-10-20,115.9403,117.71,115.04,116.3,2301875,0.0
2019-10-21,117.05,117.51,109.09,110.1,3370015,0.0
2019-10-22,109,114.175,107,107.75,3352258,0.0
2019-10-23,109.49,113.86,109,113.29,2335656,0.0
2019-10-24,113.17,116,112.95,113.83,1637985,0.0
2019-10-27,116.83,118.73,114.26,118.33,2142061,0.0
2019-10-28,117.85,120.19,116.5915,119.76,2318871,0.0
2019-10-29,120,126.09,119.17,124.8,2760996,0.0
2019-10-30,124.83,125.82,120.3,120.84,1869312,0.0
2019-10-31,121.19,122.68,119.8289,122.36,767706,0.0
2019-11-03,123.02,123.97,118.2602,118.36,1396272,0.0
2019-11-04,118.37,118.37,112.83,114.18,2168311,0.0
2019-11-05,114.67,116.14,112.83,115.24,941598,0.0
2019-11-06,115.37,117.12,114.07,114.7,620419,0.0
2019-11-07,114.82,119.2,114.22,118.94,1389342,0.0
2019-11-10,119.18,120.1984,117.522,119.47,966638,0.0
2019-11-11,119.5,121.63,118.91,119.91,708273,0.0
2019-11-12,120.51,123,120.11,121.52,937927,0.0
2019-11-13,121.47,122,118.8,120.81,752667,0.0
2019-11-14,121.39,122.8,119.89,122.71,765316,0.0
2019-11-17,122,125.86,121.6396,123.92,1269624,0.0
2019-11-18,124.03,126.36,122.89,125.96,1428991,0.0
2019-11-19,125.88,129.71,125.1063,127.49,1739932,0.0
2019-11-20,127.11,129.14,125.7,126.01,1308935,0.0
2019-11-21,125.97,127,123.6,126.04,851345,0.0
2019-11-24,125.59,128.48,125.55,126.42,864744,0.0
2019-11-25,125.95,130.98,125.66,129.66,1278454,0.0
2019-11-26,129.57,129.7968,127.06,127.41,931360,0.0
2019-11-28,126.18,127.71,125.57,127.22,465842,0.0
2019-12-01,126.75,126.865,118.18,120.81,2216798,0.0
2019-12-02,117.8,123.91,116.0942,123.5,1995456,0.0
2019-12-03,123.52,124.07,121.12,123.55,1127486,0.0
2019-12-04,124,124.71,123,124.05,760447,0.0
2019-12-05,123.24,124.55,122.25,123.31,635885,0.0
2019-12-08,122.89,123.89,121.1,122.83,812769,0.0
2019-12-09,122.7,124.75,120.34,120.78,866051,0.0
2019-12-10,120.35,120.45,113.91,118.22,2222422,0.0
2019-12-11,118.11,118.18,114.98,116.14,1680043,0.0
2019-12-12,116.38,120.81,115.58,119.76,2017712,0.0
2019-12-15,120,122.16,119.17,121.23,1199362,0.0
2019-12-16,122.28,122.28,119.06,119.68,826336,0.0
2019-12-17,119.61,120.7,117.84,118.13,1139428,0.0
2019-12-18,118.66,120.9,117.7903,120,1275819,0.0
2019-12-19,120.94,123.3,120.4001,121.1,862603,0.0
2019-12-22,121.32,122.7833,120.68,120.74,460862,0.0
2019-12-23,121.34,121.38,119.38,120.54,256391,0.0
2019-12-25,120.2,123.34,120.02,121.69,527932,0.0
2019-12-26,122.41,122.5,120.52,121.12,513493,0.0
2019-12-29,120.8,121.44,117.2079,119.34,669683,0.0
2019-12-30,118.75,120.43,117.81,120.34,581329,0.0
2020-01-01,121.15,123.84,119.84,122.94,1933209,0.0
2020-01-02,121.02,123.63,120.82,123.06,1124441,0.0
2020-01-05,122.56,128.03,122.0518,127.69,3316749,0.0
2020-01-06,128.23,129.2,127.325,128.24,1472511,0.0
2020-01-07,128.32,131.81,127.33,130.09,1421184,0.0
2020-01-08,131.82,135.6,131.7,135.43,1969892,0.0
2020-01-09,135.67,137.45,133.26,133.88,1082926,0.0
2020-01-12,138.59,140.49,135.15,136.08,1504855,0.0
2020-01-13,135.46,136.5,134.01,134.22,1002591,0.0
2020-01-14,134.31,137.22,134.31,134.91,924700,0.0
2020-01-15,135.72,135.98,134.31,134.73,611575,0.0
2020-01-16,134.89,134.98,132.42,132.86,2036841,0.0
2020-01-20,132.2,133.49,130.33,131.35,1918242,0.0
2020-01-21,132.6,133.8584,131.35,131.48,2425336,0.0
2020-01-22,131.56,133.39,130.53,132.79,2955010,0.0
2020-01-23,145,150.71,140.65,146.81,15503366,0.0
2020-01-26,143.5,146.49,141.99,143.83,2432506,0.0
2020-01-27,145.02,150,143.71,149.19,2301325,0.0
2020-01-28,149.16,151.52,147.93,149.16,1832487,0.0
2020-01-29,146.94,151.87,146.21,149.48,1276737,0.0
2020-01-30,149.52,149.79,146.27,146.92,887124,0.0
2020-02-02,146.9,149.48,144.72,149.41,877969,0.0
2020-02-03,149.71,152.685,148.55,152.03,1474532,0.0
2020-02-04,153.01,153.7,144.52,146.71,1558319,0.0
2020-02-05,146.58,149.12,144.71,147.92,1294169,0.0
2020-02-06,148.09,150.663,146.68,147.96,979864,0.0
2020-02-09,148.1,152.38,148.02,151.24,1319732,0.0
2020-02-10,152.48,153,147.19,149,938049,0.0
2020-02-11,149.46,151.59,146.61,151.55,1256981,0.0
2020-02-12,150.53,155,149.94,153.25,1923352,0.0
2020-02-13,153.24,154.49,151.6501,154.36,944672,0.0
2020-02-17,154.05,155.7784,152.615,153.84,1597506,0.0
2020-02-18,153.93,156.12,151.3,152.15,1962781,0.0
2020-02-19,152.09,152.18,144.45,148.98,1074730,0.0
2020-02-20,147.62,148.375,143.28,146.05,924303,0.0
2020-02-23,138.01,147.75,136,147.13,1874856,0.0
2020-02-24,147.93,149,142.57,144.48,1938349,0.0
2020-02-25,144.13,149.94,143.75,146.49,1490293,0.0
2020-02-26,140.68,147,137.34,143.02,2018453,0.0
2020-02-27,137.23,145,137.22,144.96,2127316,0.0
2020-03-01,147.57,149.8273,142.53,147.15,2132918,0.0
2020-03-02,147.54,151.57,141.16,145.56,2570794,0.0
2020-03-03,148,154.39,146.5,153.46,1626101,0.0
2020-03-04,151.99,155.3,149.53,152.19,1366215,0.0
2020-03-05,150.57,151.0896,139.4601,144.37,4585702,0.0
2020-03-08,134.58,136,128.53,133.01,3110672,0.0
2020-03-09,136.66,137.33,130.87,135.59,1982857,0.0
2020-03-10,132.77,133.96,122.82,130.53,3119590,0.0
2020-03-11,117.67,130.478,117.2263,125.02,2271726,0.0
2020-03-12,129.26,130.39,120.03,127.68,2637751,0.0
2020-03-15,118.48,127.79,110.0102,120.58,3624060,0.0
2020-03-16,123.32,128.48,119.631,124.2301,2174927,0.0
2020-03-17,116.63,124.98,111.91,122.04,3277726,0.0
2020-03-18,121.59,130.56,116.5101,121.68,2757780,0.0
2020-03-19,123.65,134.38,121.85,125.93,2456368,0.0
2020-03-22,125.9,134.43,120.91,128.08,1927246,0.0
2020-03-23,133.21,139.87,132.2001,138.22,2331135,0.0
2020-03-24,136.06,149.7,135.51,139.18,2595548,0.0
2020-03-25,138.56,148.515,138.56,148.165,1683368,0.0
2020-03-26,146,147.71,141.54,142.25,1353033,0.0
2020-03-29,144.85,148.4,140.89,141.16,2182325,0.0
2020-03-30,139.86,143,137.11,137.18,1440372,0.0
2020-03-31,132.96,134.67,129.61,134.05,1593845,0.0
2020-04-01,132.74,134.77,126.54,128.89,1435201,0.0
2020-04-02,128.5,132.48,128.5,130.03,1497617,0.0
2020-04-05,133.5,137.56,130.37,136.43,2837914,0.0
2020-04-06,139.1,139.7364,131.96,132.27,1496527,0.0
2020-04-07,133.62,141.93,129.75,140.68,5189000,0.0
2020-04-08,142,143.92,135.81,137.83,2179671,0.0
2020-04-12,140.01,140.1735,134.76,135.24,1780449,0.0
2020-04-13,138.42,146.53,137.55,144.49,4260016,0.0
2020-04-14,142.96,146.93,139.25,143.63,3400214,0.0
2020-04-15,146.85,152.15,145.26,146.53,5958731,0.0
2020-04-16,149.5,153.04,147.375,152.06,3273238,0.0
2020-04-19,151.43,155.9799,151.43,152.64,2958108,0.0
2020-04-20,152,154.1325,143.8663,148.52,3986813,0.0
2020-04-21,150.88,152,149.02,149.44,2246219,0.0
2020-04-22,149.01,153.12,148.63,149.36,3737968,0.0
2020-04-23,149.8,152.6239,148.31,152.32,1690714,0.0
2020-04-26,154.79,158.9793,150.8,151.81,4430004,0.0
2020-04-27,153.71,154.922,146.3776,148.47,1413916,0.0
2020-04-28,151.5,153.18,148.3366,152.81,1234258,0.0
2020-04-29,155.19,158.79,153.12,155.56,4587375,0.0
2020-04-30,150,157.25,146.0601,154.62,2225646,0.0
2020-05-03,151.72,163.69,151.4,163.16,6328817,0.0
2020-05-04,164.15,173.87,164.13,169.56,3279583,0.0
2020-05-05,170.58,176.15,168.54,172.83,3725020,0.0
2020-05-06,174.98,180.6441,174.405,180.07,1947119,0.0
2020-05-07,179.92,182.5965,175.05,176.09,3385558,0.0
2020-05-10,176.29,180.46,174,176.495,2414028,0.0
2020-05-11,177.8,181.18,172.092,176,1392199,0.0
2020-05-12,176.15,178.38,170.73,175.93,1357097,0.0
2020-05-13,173.3,180.4399,172.15,179.79,1319813,0.0
2020-05-14,180,190.2099,179.12,186.07,4033314,0.0
2020-05-17,187.77,189.5,180.21,182.16,1426594,0.0
2020-05-18,183.16,186.27,180.6,181.28,1291561,0.0
2020-05-19,182.33,185.79,181.5,183.84,1631738,0.0
2020-05-20,182.05,185.28,179.55,180.16,2107586,0.0
2020-05-21,181.29,185.45,179.2001,182.67,2847248,0.0
2020-05-25,182.62,184.62,172.19,173.22,2079206,0.0
2020-05-26,170.05,175.72,160.2,175.31,3692249,0.0
2020-05-27,174.08,180.46,174.08,178.308,1497103,0.0
2020-05-28,179.59,185.89,178.94,185.22,1748813,0.0
2020-05-31,184.02,191.72,183.7225,188.42,1796436,0.0
2020-06-01,189.01,189.99,180.62,183.67,1279011,0.0
2020-06-02,182.91,184.19,178.44,183.45,5042538,0.0
2020-06-03,181.48,182.69,170.18,172.2,2485320,0.0
2020-06-04,168.005,174.535,163.72,174.25,2058815,0.0
2020-06-07,173.57,176.05,170.7,175.25,2728086,0.0
2020-06-08,176.05,178.56,173.12,173.69,1686036,0.0
2020-06-09,175.45,180.53,174.745,180.03,1525418,0.0
2020-06-10,177.85,178.69,170.21,173,2489846,0.0
2020-06-11,177.13,179.53,173.65,173.9714,591551,0.0
2020-06-14,170.91,173.04,168.97,170.91,2266681,0.0
2020-06-15,173.34,173.44,167.19,172.55,4728413,0.0
2020-06-16,173.76,178.38,173.06,176.82,1724955,0.0
2020-06-17,177.48,179.83,176.325,177.81,2789478,0.0
2020-06-18,180.23,180.8142,172.55,172.66,1178060,0.0
2020-06-21,174.53,184.92,174.04,184.46,1752457,0.0
2020-06-22,186.11,187.71,181.04,182.24,1735528,0.0
2020-06-23,182,184.49,174.39,176.905,1239548,0.0
2020-06-24,177.1,181.33,173.8,180.36,1304631,0.0
2020-06-25,181.01,182.77,177.2627,180.9,1177384,0.0
2020-06-28,180.02,180.8,172.27,175.13,1044958,0.0
2020-06-29,176.04,180.79,175.09,180.27,872040,0.0
2020-06-30,180.99,186.62,178.61,185.61,1139859,0.0
2020-07-01,186.51,191.3229,185.02,190.23,2220345,0.0
2020-07-05,193,196.3499,189.805,190.47,1466530,0.0
2020-07-06,191,194.16,189.05,190.44,970838,0.0
2020-07-07,192.49,197.06,191.1901,195.88,1420943,0.0
2020-07-08,198.41,198.41,191.93,195.59,1743828,0.0
2020-07-09,195.63,196,190.36,192,897811,0.0
2020-07-12,194.06,194.5,179.23,179.32,2425628,0.0
2020-07-13,179.69,180.95,169.11,174.15,3945344,0.0
2020-07-14,175.08,176.65,171.22,175.21,1761069,0.0
2020-07-15,173.82,175,170.05,171.07,1845406,0.0
2020-07-16,172,173.49,169.54,172.86,842438,0.0
2020-07-19,174.9,191.55,174.3,190.32,2614373,0.0
2020-07-20,190.79,195.31,187.0868,192.52,2234905,0.0
2020-07-21,193.31,195.29,188.82,191.32,728708,0.0
2020-07-22,190.76,196.33,187.11,188.66,1394296,0.0
2020-07-23,184.67,187.63,181.22,184.23,1371209,0.0
2020-07-26,185.8,187.34,180.63,184.52,2125830,0.0
2020-07-27,184.5,187.7968,182.71,183.47,1067551,0.0
2020-07-28,185.64,189.5,184.86,187.11,830729,0.0
2020-07-29,185.5,190.69,183.64,188.0038,1666590,0.0
2020-07-30,176.95,177.8275,170.14,176.65,6730279,0.0
2020-08-02,176.345,178.87,172.33,177.96,1955703,0.0
2020-08-03,178.5,180.9,176.55,177.54,2012498,0.0
2020-08-04,177.17,180.51,175.59,180.51,1970136,0.0
2020-08-05,181.37,181.46,175.02,177.955,1828207,0.0
2020-08-06,177.54,178.41,169.36,171.02,2109692,0.0
2020-08-09,166.78,169,164.06,165.95,1542166,0.0
2020-08-10,165,166.08,160.06,160.67,2327383,0.0
2020-08-11,161.86,165.77,160.0134,161.06,1588989,0.0
2020-08-12,163,167.31,162.46,164.37,1266214,0.0
2020-08-13,166.11,166.42,161.3,162.68,798306,0.0
2020-08-16,163.16,167,163.16,164.3,1123334,0.0
2020-08-17,165.43,167.81,164.57,166.82,1000821,0.0
2020-08-18,166.62,167.9,162.51,163.14,1379311,0.0
2020-08-19,163.02,169.03,162.2,167.715,1297819,0.0
2020-08-20,166.57,167.71,164.29,166.77,1237078,0.0
2020-08-23,167.32,170.45,166.81,168.93,1741076,0.0
2020-08-24,168.4,172.62,167.14,172.61,1132230,0.0
2020-08-25,175.01,184.88,174.505,182.94,2309979,0.0
2020-08-26,181.69,188.495,180.295,188.31,1984095,0.0
2020-08-27,188.66,193.3008,188.32,192.44,1602855,0.0
2020-08-30,190.25,193.08,188.22,191.77,1255110,0.0
2020-08-31,192.61,199.4999,192.61,196.4076,1216719,0.0
2020-09-01,197.99,199.46,190.2,192.07,2011562,0.0
2020-09-02,188.94,188.94,178.29,181.8,1975100,0.0
2020-09-03,180.63,182.22,170.5,175.35,1528481,0.0
2020-09-07,170,173.1,167.72,168.86,2221943,0.0
2020-09-08,172.52,173.47,168.26,171.17,1089365,0.0
2020-09-09,173.575,175.12,168.13,169.69,979837,0.0
2020-09-10,172.17,172.75,164.87,167.86,1102754,0.0
2020-09-13,169.1366,171.75,168.38,168.77,865610,0.0
2020-09-14,170.63,172.62,168.6139,171.04,909349,0.0
2020-09-15,172.61,173.57,170,171.01,1394038,0.0
2020-09-16,167.94,169.925,164.16,168.25,1026364,0.0
2020-09-17,169.3,172.16,167.57,171.15,950081,0.0
2020-09-20,168.91,178.1,168.5937,177.4,756635,0.0
2020-09-21,178.32,180.73,173.72,180.16,723088,0.0
2020-09-22,180.42,183.3299,175.91,177.03,686918,0.0
2020-09-23,178.13,178.605,172.8,175.82,1277730,0.0
2020-09-24,176,181.96,175.78,181.29,656401,0.0
2020-09-27,182.02,184.035,178.7,181,1213012,0.0
2020-09-28,181.63,183.38,179.56,182.36,783647,0.0
2020-09-29,180.54,185.15,179.21,181.73,2497284,0.0
2020-09-30,183.22,188.0601,180.57,186.34,920896,0.0
2020-10-01,182.31,189,182.31,184.6,1442922,0.0
2020-10-04,186,191.63,185.27,186.85,1183708,0.0
2020-10-05,186.79,194.61,186.59,189.85,1309205,0.0
2020-10-06,191.21,195.5,190.055,193.03,794668,0.0
2020-10-07,194.52,194.754,188.25,188.89,1166575,0.0
2020-10-08,190.35,199.87,190,198.84,1285375,0.0
2020-10-11,199.95,199.95,192.21,194.27,2025561,0.0
2020-10-12,195.62,196.64,192.6,193.02,1257540,0.0
2020-10-13,194.9,194.9,188.61,191.97,1399576,0.0
2020-10-14,188.08,191.17,185.16,190.93,2065124,0.0
2020-10-15,191.9,212.97,191,207.45,5000658,0.0
2020-10-18,208.4524,215.425,205.8,212.92,2901832,0.0
2020-10-19,213.73,216.295,210.2,211.15,1512869,0.0
2020-10-20,210.03,213.21,205.14,207.2,968300,0.0
2020-10-21,207.57,209.8,202.19,203.045,1874221,0.0
2020-10-22,204.06,208.57,201.44,208.57,981351,0.0
2020-10-25,207.5,210.27,203.61,207.5,670216,0.0
2020-10-26,209.43,213.3,208.005,213.02,892840,0.0
2020-10-27,209.33,211.51,206.79,208.86,1756265,0.0
2020-10-28,210.91,212.67,208.7,210.69,1667210,0.0
2020-10-29,199,199.99,187.25,191.93,5428216,0.0
2020-11-01,191.62,192.41,180.88,184.3,2876233,0.0
2020-11-02,183.85,185.81,180.11,182.06,1977551,0.0
2020-11-03,189.78,193.95,188.55,189,1903176,0.0
2020-11-04,195,203.18,193.535,199.99,2068168,0.0
2020-11-05,200.1,201.28,194.895,198.32,1059967,0.0
2020-11-08,194.64,199.16,187.4,187.4,1423384,0.0
2020-11-09,185.4068,186.99,176.42,185.87,2047294,0.0
2020-11-10,188.47,196.19,187.625,191.77,1604549,0.0
2020-11-11,192.59,195.91,191.68,192.99,1101128,0.0
2020-11-12,194.48,194.82,184.905,192.43,1407087,0.0
2020-11-15,191.52,194.9,187.71,189.44,2000395,0.0
2020-11-16,192.06,198.28,190.98,196.49,1813552,0.0
2020-11-17,201.28,203,191.18,193.6837,3099590,0.0
2020-11-18,194.32,202,193.34,199.37,2729835,0.0
2020-11-19,199.22,211.55,198.94,208.44,2669225,0.0
2020-11-22,209.49,212.06,205.67,211.05,2203627,0.0
2020-11-23,210,214.34,210,213.58,1586586,0.0
2020-11-24,211.3,217.54,211.3,216.53,1657232,0.0
2020-11-26,216.07,224,216.07,224,798215,0.0
2020-11-29,224,228.97,219.66,225.13,1431418,0.0
2020-11-30,226,226,220.71,224.07,1306340,0.0
2020-12-01,220.71,228.28,218.9,228.23,1366787,0.0
2020-12-02,228.1,234.44,225.95,226.2,1919729,0.0
2020-12-03,227.11,229.58,224.68,225.01,1237893,0.0
2020-12-06,224.11,228.86,223.76,227.78,1260381,0.0
2020-12-07,227.76,235.17,227.76,229.66,1073972,0.0
2020-12-08,228.94,229.97,220.36,223.7,1419903,0.0
2020-12-09,222.6183,228.41,220.45,227.33,689396,0.0
2020-12-10,229.11,232.24,224.72,231.61,1201538,0.0
2020-12-13,233.77,240.7,233.4308,234.72,1961747,0.0
2020-12-14,234.83,238.1599,229.44,237.92,1628265,0.0
2020-12-15,237.63,245.28,236.62,243.84,2687090,0.0
2020-12-16,246.44,250.03,245.79,247.93,1090955,0.0
2020-12-17,248.67,249.99,244.62,247.78,1954840,0.0
2020-12-20,246.69,249.3,241.1505,248.19,1354478,0.0
2020-12-21,250,250.01,244.89,246.94,1076845,0.0
2020-12-22,247,247.85,239.02,240.88,1364510,0.0
2020-12-23,240.55,243.73,239.85,241.45,634850,0.0
2020-12-27,245.59,246.615,230.54,231.75,1212984,0.0
2020-12-28,233.55,234.9899,229.8637,233.28,597704,0.0
2020-12-29,236.84,236.84,232.43,234.05,505247,0.0
2020-12-30,233.79,235.27,231.97,233.87,575369,0.0
2021-01-03,234.5,234.5,224.905,231.71,937709,0.0
2021-01-04,232,235.35,229.01,234.25,961063,0.0
2021-01-05,228.92,230.2,223.93,224.48,1442259,0.0
2021-01-06,228.03,233.89,228.02,233.38,1240293,0.0
2021-01-07,236,238,231.83,235.55,725975,0.0
2021-01-10,234.79,234.85,230.01,230.78,655932,0.0
2021-01-11,233.38,235.8,231.58,234.2,804200,0.0
2021-01-12,234.81,234.86,227.11,230,1190514,0.0
2021-01-13,228.88,230.8199,221.76,223.06,1491306,0.0
2021-01-14,224.64,229.38,220.63,223.03,1529644,0.0
2021-01-18,225.0066,229.41,225.0066,226.501,1525512,0.0
2021-01-19,228,232.37,227.54,231.61,1356728,0.0
2021-01-20,233.05,237.555,230.26,234.15,1149636,0.0
2021-01-21,234.34,236.73,230.7719,235.29,620991,0.0
2021-01-24,238.99,240.26,224.66,231.02,1091116,0.0
2021-01-25,232.69,232.69,222.19,223.88,1485454,0.0
2021-01-26,220.67,222.49,208.62,217.3,1866990,0.0
2021-01-27,216.6,235,216.18,227.875,2751018,0.0
2021-01-28,225,234.27,217.75,231.3,2209100,0.0
2021-01-31,231.21,238.529,229.02,235.35,1808084,0.0
2021-02-01,238.49,249.5,237.82,248.86,1345219,0.0
2021-02-02,248,248.25,240.03,243.99,981732,0.0
2021-02-03,245,247,240.29,241,731442,0.0
2021-02-04,240.04,244.35,240.02,243.72,889027,0.0
2021-02-07,245,251.28,242,244.46,910175,0.0
2021-02-08,244.54,248.23,243.69,248.04,1038498,0.0
2021-02-09,249.33,256.05,246.02,252.7,1364396,0.0
2021-02-10,256.57,257.01,250.4,252.53,555952,0.0
2021-02-11,252.6,255.345,247.31,253.06,640299,0.0
2021-02-15,253.59,255.136,245.04,249.11,877493,0.0
2021-02-16,248.88,251.27,243.45,250.501,1038038,0.0
2021-02-17,245.72,258.77,244.42,256.74,1229419,0.0
2021-02-18,256.44,262.4,254.01,258.42,1804557,0.0
2021-02-21,251.33,254.49,241.01,241.01,1309568,0.0
2021-02-22,230.16,242.36,224.09,241.45,1720137,0.0
2021-02-23,240,240.69,233,240.21,1031102,0.0
2021-02-24,234.4,241.99,230.16,232.4,1099899,0.0
2021-02-25,233.73,239.7,230.7,237.79,1194956,0.0
2021-02-28,242.48,252.18,242.4,251.61,1321233,0.0
2021-03-01,253.16,254.18,243.915,244.48,1170317,0.0
2021-03-02,244.27,245.43,224.95,227.37,2002848,0.0
2021-03-03,226.59,234.98,221.01,225.44,2134407,0.0
2021-03-04,226.97,231.43,218.63,228.36,2031952,0.0
2021-03-07,226,235.5,222.48,223.42,1357622,0.0
2021-03-08,233.08,238.27,231.515,233.04,1404277,0.0
2021-03-09,238,238.25,225.29,225.57,1333090,0.0
2021-03-10,233.2,237.34,230.235,235.74,1211348,0.0
2021-03-11,231.74,231.74,222.505,229.16,1259626,0.0
2021-03-14,228.15,237.11,225.95,236.56,1029451,0.0
2021-03-15,237.35,241.04,233.18,236.07,749612,0.0
2021-03-16,233.73,236.51,226.1,234.35,715587,0.0
2021-03-17,229,229,219.145,219.25,1417537,0.0
2021-03-18,221.21,222.255,215.22,219.09,1971978,0.0
2021-03-21,220.62,225.3,220.185,221.73,1104872,0.0
2021-03-22,224.24,225.69,221.1862,223.2,771997,0.0
2021-03-23,222.93,223.06,209.01,210.44,1190550,0.0
2021-03-24,206.58,207.35,200.42,206.84,2650564,0.0
2021-03-25,207.44,212.96,204.03,212.96,1127913,0.0
2021-03-28,210.75,211.015,198.8,204.21,1838802,0.0
2021-03-29,199.315,205.79,198.9,204.47,823370,0.0
2021-03-30,208.57,216.52,207.66,210.76,1470495,0.0
2021-03-31,216.01,228,212.25,223.35,3138738,0.0
2021-04-04,224.33,225,218.5001,221.27,1028171,0.0
2021-04-05,221.34,227.185,218.8,223.5,797342,0.0
2021-04-06,224.44,223.15,217.27,218,786051,0.0
2021-04-07,221.77,224.7899,219.01,224.12,2327414,0.0
2021-04-08,223.85,225.87,218.7,225.36,1481471,0.0
2021-04-11,225.11,234.91,224.63,230.79,1400009,0.0
2021-04-12,234.9,243.4,234.05,242.19,1533276,0.0
2021-04-13,244.01,244.93,231.09,231.66,1947727,0.0
2021-04-14,233.69,240.85,233.1,239.12,1047605,0.0
2021-04-15,239.54,239.25,233.08,234.94,820560,0.0
2021-04-18,233.59,236,227.82,228.22,814731,0.0
2021-04-19,227.55,230.72,224.53,226.32,782766,0.0
2021-04-20,225.16,227.61,222,226.45,847401,0.0
2021-04-21,226,232.475,225.05,228.49,811753,0.0
2021-04-22,229.41,232.305,228.45,230.4501,487692,0.0
2021-04-25,230.46,236.738,227.66,236.5,667099,0.0
2021-04-26,237.03,237.9,232.11,236.16,660232,0.0
2021-04-27,235.01,237.77,232.83,235.73,512819,0.0
2021-04-28,235.17,235.9999,224.48,228.41,1255635,0.0
2021-04-29,231.05,241,230,237.61,2881165,0.0
2021-05-02,239.57,238.31,227.7,230.05,1531160,0.0
2021-05-03,226.47,226.8,218.58,225.03,2164647,0.0
2021-05-04,226.73,231.24,222.305,223.49,707561,0.0
2021-05-05,221.98,221.98,214.61,218.77,1048319,0.0
2021-05-06,223.99,227,219.01,219.77,778992,0.0
2021-05-09,216.57,218.25,213.4,215.83,1178253,0.0
2021-05-10,208.67,226.69,207.83,224.5,2246133,0.0
2021-05-11,216.36,225.17,215.79,223.89,1758711,0.0
2021-05-12,226.05,229.5,212,212.3,1930004,0.0
2021-05-13,217.7,218.84,212.57,214.98,2739464,0.0
2021-05-16,213.9,214.85,208.21,212.3,1908172,0.0
2021-05-17,214.18,220.41,213.5,217.02,1632420,0.0
2021-05-18,211.91,216.58,209.275,216.18,1696670,0.0
2021-05-19,218.99,227.15,218.14,224.7,2326346,0.0
2021-05-20,224.8,226.9,221.49,223.66,1867731,0.0
