Date,Open,High,Low,Close,Volume,OpenInterest
2017-06-01,339.77,342.88,335.93,339.85,4500624,0.0
2017-06-04,338.5,348.44,334.21,347.32,5684288,0.0
2017-06-05,344.95,359.4929,344.66,352.8,9465968,0.0
2017-06-06,356.3,360.5,355.14,359.55,7850542,0.0
2017-06-07,363.75,371.9,360.22,370.01,7489685,0.0
2017-06-08,374.42,376.87,354.8,357.45,14323526,0.0
2017-06-11,357.99,364.5,350.62,358.99,8528936,0.0
2017-06-12,367.67,376,366.61,375.95,9720070,0.0
2017-06-13,381.085,384.25,376.31,380.6599,10303555,0.0
2017-06-14,372.5,375.46,366.49,375.34,8585072,0.0
2017-06-15,377.78,378.01,370.1,371.4,4691654,0.0
2017-06-18,375,376.7,367.8,369.8,5034089,0.0
2017-06-19,376.67,378.88,369.73,372.24,5606828,0.0
2017-06-20,374.35,376.99,368.02,376.4,3870166,0.0
2017-06-21,377.99,385,373.57,382.61,6198923,0.0
2017-06-22,382.45,386.99,379.345,383.23,4952152,0.0
2017-06-25,386.49,386.95,373.1,377.47,5351853,0.0
2017-06-26,376.4,376.4,362.02,362.36,5478243,0.0
2017-06-27,367.56,371.74,362.52,371.01,5088420,0.0
2017-06-28,370.61,371,354.1,360.8899,6701532,0.0
2017-06-29,363.71,366.7674,359.6187,361.73,4439325,0.0
2017-07-02,370.24,371.35,351.5,352.52,5096067,0.0
2017-07-04,347.2,347.24,326.33,327,13537640,0.0
2017-07-05,317.31,320.7899,306.3,308.72,15183238,0.0
2017-07-06,313.5,317,307.38,313.15,11077477,0.0
2017-07-09,312.9,317.94,303.13,315.97,11334414,0.0
2017-07-10,316,327.28,314.3,327.19,9402281,0.0
2017-07-11,330.4,333.1,324.5,329.4,8253022,0.0
2017-07-12,330.11,331.6,319.97,323.29,6894041,0.0
2017-07-13,323.19,328.42,321.22,327.67,4544717,0.0
2017-07-16,325.57,327.1,313.45,319.4,7931645,0.0
2017-07-17,317.41,329.13,315.66,328.22,5080361,0.0
2017-07-18,328.23,331.65,323.2193,325.25,5001769,0.0
2017-07-19,326.9,330.22,324.2,329.8,4041558,0.0
2017-07-20,329.68,331.2575,325.8,328.24,3841524,0.0
2017-07-23,330.24,343.399,330.01,342.14,7036023,0.0
2017-07-24,345,345.6,334.15,339.58,5583746,0.0
2017-07-25,340.36,345.5,338.12,343.75,3895849,0.0
2017-07-26,346,347.5,326.29,334.4,6579454,0.0
2017-07-27,336.89,339.6,332.51,334.88,3811165,0.0
2017-07-30,335.5,341.49,321.04,323.34,6902577,0.0
2017-07-31,323,324.45,316.13,319.55,6852941,0.0
2017-08-01,318.94,327.12,311.22,325.83,7918504,0.0
2017-08-02,346.78,350,343.15,347.0772,10612835,0.0
2017-08-03,347,357.27,343.3,357.0026,7720898,0.0
2017-08-06,357.35,359.48,352.75,355.17,4863457,0.0
2017-08-07,357.53,368.58,357.4,365.27,5944586,0.0
2017-08-08,361,370,358.95,363.64,5538957,0.0
2017-08-09,362,366.6504,354.66,355.4,5778816,0.0
2017-08-10,356.97,361.26,353.62,357.87,3447797,0.0
2017-08-13,364.63,367.66,362.6,363.8,3538601,0.0
2017-08-14,365.2,365.49,359.37,362.23,2333895,0.0
2017-08-15,363,366.5,362.52,362.91,2514861,0.0
2017-08-16,361.21,363.3,351.59,351.85,3857611,0.0
2017-08-17,352.91,354,345.8,347.51,4183304,0.0
2017-08-20,345.82,345.82,331.85,337.87,5296598,0.0
2017-08-21,341.13,342.24,337.3725,341.27,3452022,0.0
2017-08-22,338.99,353.49,338.3041,352.75,3877048,0.0
2017-08-23,352.52,356.66,349.74,352.94,3443495,0.0
2017-08-24,354.24,355.69,347.3,347.99,2725329,0.0
2017-08-27,347.28,347.35,339.72,345.66,2803519,0.0
2017-08-28,339.48,349.05,338.75,347.24,3011443,0.0
2017-08-29,349.5,353.47,347,353.13,2532388,0.0
2017-08-30,353.55,358.44,352.82,355.89,3003526,0.0
2017-08-31,356.12,357.59,353.6902,355.22,2348531,0.0
2017-09-04,353.8,355.49,345.89,349.5,2988355,0.0
2017-09-05,349.5,350.979,341.56,344.66,3169161,0.0
2017-09-06,345.98,352.48,343.45,350.61,3315135,0.0
2017-09-07,348.99,349.78,342.3,343.3,2507714,0.0
2017-09-10,351.35,363.71,350,363.68,6066237,0.0
2017-09-11,364.49,368.76,360.4,362.71,4620028,0.0
2017-09-12,363.82,368.07,359.59,366.0601,3257417,0.0
2017-09-13,364.33,377.96,362.63,377.44,5637380,0.0
2017-09-14,374.51,380,372.7,379.81,4064278,0.0
2017-09-17,380.25,389.61,377.68,384.61,5719442,0.0
2017-09-18,380,382.39,373.57,374.82,4812570,0.0
2017-09-19,373.01,378.249,371.07,373.9,3923400,0.0
2017-09-20,374.9,376.83,364.51,366.43,3801248,0.0
2017-09-21,366.49,369.8999,350.88,351,6565305,0.0
2017-09-24,353.15,357.469,342.88,344.88,6161128,0.0
2017-09-25,350.93,351.24,340.9,345.25,5200640,0.0
2017-09-26,349.1,351.489,340.5,340.99,4774927,0.0
2017-09-27,339.88,342.75,335.4,339.52,4054450,0.0
2017-09-28,341.86,344.68,338.601,341.02,4033082,0.0
2017-10-01,342.66,343.7,335.51,341.45,3857224,0.0
2017-10-02,335.9,348.55,331.28,348.14,8114832,0.0
2017-10-03,351.25,358.62,349.6,354.9887,6556064,0.0
2017-10-04,356,357.435,351.35,355.14,3177266,0.0
2017-10-05,353.1,360.0992,352.25,356.834,3304223,0.0
2017-10-08,349.65,351.75,342.67,342.84,5908251,0.0
2017-10-09,346.8,355.63,345.5305,355.6,5503068,0.0
2017-10-10,353.89,357.6,351.15,354.6,3524960,0.0
2017-10-11,352.95,359.78,352.64,355.65,3171755,0.0
2017-10-12,356.98,358.49,353.68,355.49,2760249,0.0
2017-10-15,353.76,354.48,347.16,350.46,3721305,0.0
2017-10-16,350.91,356.22,350.07,355.73,2562294,0.0
2017-10-17,355.97,363,354.13,359.72,3851708,0.0
2017-10-18,355.56,357.1465,348.2,351.81,3929322,0.0
2017-10-19,352.36,354.55,344.34,345.1,3819329,0.0
2017-10-22,349.88,349.95,336.25,337.06,4452792,0.0
2017-10-23,338.8,342.8,336.16,337.33,3214375,0.0
2017-10-24,336.7,337.5,323.56,325.76,5530087,0.0
2017-10-25,327.78,330.23,323.2,326.1,3888568,0.0
2017-10-26,319.75,324.59,316.66,320.8726,5212502,0.0
2017-10-29,319.18,323.78,317.25,320.035,3268148,0.0
2017-10-30,320.23,331.95,320.18,331.52,4257246,0.0
2017-10-31,332.25,332.6089,320.26,321.1,5354564,0.0
2017-11-01,300.04,308.69,292.63,299.24,15307224,0.0
2017-11-02,299.34,306.25,295.13,306.09,7020744,0.0
2017-11-05,307,307.5,299.01,302.7,4871851,0.0
2017-11-06,300.46,306.5,300.03,306.03,4112299,0.0
2017-11-07,305.08,306.89,301.3001,304.31,3819535,0.0
2017-11-08,302.5,304.46,296.3,302.98,4251953,0.0
2017-11-09,302.5,308.36,301.85,302.92,3603353,0.0
2017-11-12,300.13,316.8,299.11,315.4,6019636,0.0
2017-11-13,314.43,316.35,306.9,308.7,4567972,0.0
2017-11-14,306.01,312.49,301.5,311.25,4800540,0.0
2017-11-15,313.99,318.14,311.3,312.5,4394695,0.0
2017-11-16,325.85,326.67,313.15,314.97,10617355,0.0
2017-11-19,313.79,315.5,304.75,308.72,6763053,0.0
2017-11-20,310.85,318.23,308.71,317.8,5932102,0.0
2017-11-21,316.77,317.42,311.84,312.63,4056694,0.0
2017-11-23,313.79,316.41,311,315.54,2542006,0.0
2017-11-26,313.25,317.34,309.51,316.74,3647104,0.0
2017-11-27,316.36,320,313.92,317.61,3892462,0.0
2017-11-28,317.3,318,301.23,307.55,6661572,0.0
2017-11-29,308.56,310.7,304.54,308.95,3399245,0.0
2017-11-30,305.44,310.32,305.05,306.53,3411656,0.0
2017-12-03,306.51,308.265,300.61,305.23,4799442,0.0
2017-12-04,302,308,301,303.7,3214323,0.0
2017-12-05,300.1,313.39,300,313.27,5068966,0.0
2017-12-06,312,318.6341,311.05,311.26,3613123,0.0
2017-12-07,314.6,316.98,311.26,315.06,2716500,0.0
2017-12-10,314.4,329.01,313.75,328.9,6211418,0.0
2017-12-11,328.91,341.44,328.91,340.94,6942459,0.0
2017-12-12,340.89,344.22,336.5,339.03,4866385,0.0
2017-12-13,341.01,347.44,336.9,337.88,4593703,0.0
2017-12-14,342.04,343.9,335.76,343.43,4773155,0.0
2017-12-17,344.9,346.73,337.58,338.81,4347227,0.0
2017-12-18,340.26,341.4925,330.3,330.99,4798681,0.0
2017-12-19,332.69,333.1,325.04,328.903,4733693,0.0
2017-12-20,329.59,333.74,327.21,331.6,3257662,0.0
2017-12-21,329.51,330.9214,324.82,325.19,3338119,0.0
2017-12-25,323.83,323.84,316.58,317.29,3409752,0.0
2017-12-26,316.39,317.5,310.75,311.63,3715413,0.0
2017-12-27,311.91,315.82,309.54,315.36,3508181,0.0
2017-12-28,316.18,316.41,310,311.4,2971236,0.0
2018-01-01,312.18,322.1099,311,320.29,3322648,0.0
2018-01-02,321,325.25,315.55,317.01,3232166,0.0
2018-01-03,312.87,318.55,305.68,314.62,7428996,0.0
2018-01-04,316.62,317.24,312,316.55,3563882,0.0
2018-01-07,316,337.0199,315.5,336.41,7721537,0.0
2018-01-08,335.16,338.8,327.405,333.69,5589529,0.0
2018-01-09,332.2,337,330,334.72,2989825,0.0
2018-01-10,335.24,344.8099,333.26,337.93,5333809,0.0
2018-01-11,338.63,340.41,333.67,336.22,3787311,0.0
2018-01-15,337.54,345,334.8,340.04,4636745,0.0
2018-01-16,340.47,349,339.75,347.1,5127104,0.0
2018-01-17,345.67,352.3,343.74,344.51,4323708,0.0
2018-01-18,345,350.5899,342.6,349.965,3720984,0.0
2018-01-21,349.44,357.83,349.2,351.6,4720515,0.0
2018-01-22,359.99,360.5,351,352.8,4165448,0.0
2018-01-23,354.58,354.75,343.52,345.92,4076622,0.0
2018-01-24,348.27,349.2,336.4,337.55,5265180,0.0
2018-01-25,341.5,344,335.71,342.7001,3376888,0.0
2018-01-28,339.85,350.85,338.28,349.339,3565674,0.0
2018-01-29,345.14,348.27,342.17,345.82,3087924,0.0
2018-01-30,347.51,356.19,345.19,354.46,4046230,0.0
2018-01-31,351,359.66,348.63,349.25,3065835,0.0
2018-02-01,348.44,351.95,340.51,343.75,2730271,0.0
2018-02-04,337.97,344.47,333,333.15,3124163,0.0
2018-02-05,325.21,336.22,323.5,333.97,3703402,0.0
2018-02-06,338.83,346,335.66,344.77,4422730,0.0
2018-02-07,343.31,348.62,314.6,315.45,7979932,0.0
2018-02-08,319.93,320.9845,294.76,310.42,10347220,0.0
2018-02-11,316.13,318.08,306.25,315.71,4772388,0.0
2018-02-12,315.25,324.19,312.5105,323.5,3494490,0.0
2018-02-13,320.84,326.17,318.52,322.2229,2944477,0.0
2018-02-14,324.5,334.12,322.4,334.12,4555687,0.0
2018-02-15,332.5,343.12,331.64,335.49,4446403,0.0
2018-02-19,334.47,340.84,331.5,334.76,3094086,0.0
2018-02-20,336,339.6929,333.17,333.38,2440745,0.0
2018-02-21,336.26,347.44,334.7501,346.32,5347283,0.0
2018-02-22,347.83,354.99,347.1,352.04,4492472,0.0
2018-02-25,353.5,359,352.355,357.35,3420794,0.0
2018-02-26,356.25,359.99,350.01,350.97,3646245,0.0
2018-02-27,352.57,355.24,342.22,343.1,4904777,0.0
2018-02-28,345.05,348.67,330.07,330.93,5382106,0.0
2018-03-01,326.98,335.22,322.97,335.12,3920878,0.0
2018-03-04,332.39,337.75,329.2929,333.3,2935723,0.0
2018-03-05,333.75,336.37,327.03,328.22,3302920,0.0
2018-03-06,325.44,332.5,321.74,332.32,3861616,0.0
2018-03-07,332.86,333.3,326.274,328.92,2666859,0.0
2018-03-08,324.11,328.49,322.37,327.22,4085896,0.0
2018-03-11,328.61,347.21,326.5,345.41,6269377,0.0
2018-03-12,344.92,345.12,336.2635,341.84,4635102,0.0
2018-03-13,336.76,339.81,323.93,326.65,6121576,0.0
2018-03-14,329.38,332.85,321.1,325.6,4890545,0.0
2018-03-15,325.96,327.4,319.07,321.3,4791833,0.0
2018-03-18,316.5,320.75,309.67,313.57,5808312,0.0
2018-03-19,314.87,316.25,308.76,310.55,3510966,0.0
2018-03-20,310.25,322.44,310.19,316.53,4703751,0.0
2018-03-21,313.89,318.82,308.18,309.0766,3470601,0.0
2018-03-22,311.25,311.61,300.45,301.55,4974345,0.0
2018-03-25,307.34,307.59,291.36,304.15,6332061,0.0
2018-03-26,304,304.27,277.18,279.22,10483456,0.0
2018-03-27,264.58,268.68,252.1,257.79,15762642,0.0
2018-03-28,256.49,270.9599,248.21,266.14,11508578,0.0
2018-04-01,256.26,260.3318,244.5901,252.52,12608082,0.0
2018-04-02,269.82,273.35,254.49,267.53,14345220,0.0
2018-04-03,253.12,288.37,252,286.97,15846298,0.0
2018-04-04,288.51,306.26,288.2,305.71,14901287,0.0
2018-04-05,301,309.28,295.5,299.58,10551547,0.0
2018-04-08,300.84,309.5,289.21,289.7105,8014709,0.0
2018-04-09,298.79,307.1,293.68,304.7,8414253,0.0
2018-04-10,300.7403,308.98,299.66,301.02,5393338,0.0
2018-04-11,302.32,303.95,293.68,294.06,5615534,0.0
2018-04-12,303.6,303.9499,295.98,300.3,5409837,0.0
2018-04-15,299,299.66,289.01,291.26,4965629,0.0
2018-04-16,288.87,292.17,282.51,287.69,5369769,0.0
2018-04-17,291.08,300.24,288.16,293.35,5167869,0.0
2018-04-18,291.08,301.01,288.55,300.09,4610764,0.0
2018-04-19,294.9,299.98,289.75,290.24,4202631,0.0
2018-04-22,291.29,291.62,282.33,283.34,3850712,0.0
2018-04-23,285,287.09,278.46,283.69,4369135,0.0
2018-04-24,283.5,285.16,277.25,280.79,2985097,0.0
2018-04-25,278.75,285.79,276.5,285.49,3344842,0.0
2018-04-26,285.37,294.47,283.83,294.1499,3274534,0.0
2018-04-29,293.61,298.73,292.5,293.9,3189144,0.0
2018-04-30,293.51,300.82,293.22,299.32,3115134,0.0
2018-05-01,298.52,306.85,297.7844,301.22,5594548,0.0
2018-05-02,278.79,288.04,275.23,284.44,12470042,0.0
2018-05-03,283,296.86,279.52,293.98,6445350,0.0
2018-05-06,297.5,305.9588,295.17,302.75,6529636,0.0
2018-05-07,300.7953,307.75,299,302,4629558,0.0
2018-05-08,300.41,307.01,300.05,306.9042,4343251,0.0
2018-05-09,307.4997,312.99,304.1119,304.95,4336497,0.0
2018-05-10,307.7,308.88,299.08,301.03,3445070,0.0
2018-05-13,303.32,304.94,291.62,291.89,5465499,0.0
2018-05-14,285.01,286.96,280.5,284.25,7097869,0.0
2018-05-15,283.83,288.81,281.56,286.47,4294590,0.0
2018-05-16,286.2,289.1873,283.97,284.46,3350982,0.0
2018-05-17,284.65,284.65,274,276.89,5495237,0.0
2018-05-20,281.33,291.49,281.3,284.47,6748639,0.0
2018-05-21,287.75,288,273.422,275.01,6935133,0.0
2018-05-22,277.76,279.9099,274,279.06,4492951,0.0
2018-05-23,278.4,281.11,274.89,277.85,3200888,0.0
2018-05-24,277.58,279.64,275.61,278.8707,2934960,0.0
2018-05-28,278.51,286.5,276.15,283.68,4525548,0.0
2018-05-29,283.29,295.005,281.6,291.81,5748874,0.0
2018-05-30,287.21,290.37,282.93,284.72,4258536,0.0
2018-05-31,285.86,291.95,283.839,291.7284,3961006,0.0
2018-06-03,294.34,299,293.548,296.67,3636954,0.0
2018-06-04,297.7,297.8,286.74,291.13,4360845,0.0
2018-06-05,300.5,322.17,297.48,319.44,14504077,0.0
2018-06-06,316.09,330,313.58,316.02,11477605,0.0
2018-06-07,318.82,324.48,317.15,317.66,6378664,0.0
2018-06-10,322.51,334.66,322.5,332.11,10510399,0.0
2018-06-11,344.7,354.97,338,342.73,17456707,0.0
2018-06-12,346.18,347.2,339.8,344.76,7154803,0.0
2018-06-13,347.63,358.75,346.6,357.72,8583390,0.0
2018-06-14,353.84,364.67,351.25,358.12,7852316,0.0
2018-06-17,355.4,373.73,354.5,370.83,9148207,0.0
2018-06-18,365.16,370,346.25,352.58,10086894,0.0
2018-06-19,358.37,364.38,352,361.85,6380117,0.0
2018-06-20,362,366.2139,346.27,347.5,6148690,0.0
2018-06-21,351.54,352.25,332,333.63,7561927,0.0
2018-06-24,330.12,338.47,327.5,333.19,5159101,0.0
2018-06-25,336.054,343.55,325.799,342,5703308,0.0
2018-06-26,345,350.79,339.5,344.55,6573386,0.0
2018-06-27,348.66,357.02,346.11,349.98,6494636,0.0
2018-06-28,353.33,353.86,342.41,342.89,4863522,0.0
2018-07-01,360.28,364.78,329.85,335.07,14936701,0.0
2018-07-02,331.91,332.49,309.69,310.9247,9605990,0.0
2018-07-04,313.76,314.39,296.22,309.11,13989015,0.0
2018-07-05,304.9545,312.07,302,308.91,7097253,0.0
2018-07-08,311.8553,318.52,308,318.29,5743049,0.0
2018-07-09,324.56,327.6771,319.2,322.37,7098726,0.0
2018-07-10,315.8,321.94,315.07,318.9,3737257,0.0
2018-07-11,321.43,323.23,312.77,316.72,4399037,0.0
2018-07-12,315.58,319.5849,309.25,318.8,4785549,0.0
2018-07-15,311.71,315.16,306.25,310.19,6151554,0.0
2018-07-16,308.81,324.74,308.5,322.67,5459321,0.0
2018-07-17,325,325.5,316.25,324,4352952,0.0
2018-07-18,316.33,323.54,314.01,320.23,4659445,0.0
2018-07-19,321.23,323.24,311.7093,313.57,4065299,0.0
2018-07-22,301.84,305.5,292.8601,303.2,8204781,0.0
2018-07-23,304.4209,307.7171,292.5452,297.42,7452588,0.0
2018-07-24,296.74,309.62,294.5025,308.73,5567873,0.0
2018-07-25,304.85,310.7,303.6411,306.35,3519786,0.0
2018-07-26,307.25,307.6933,295.3404,297.19,4277023,0.0
2018-07-29,295.9,296.1,286.13,290.18,5158301,0.0
2018-07-30,292.25,298.32,289.07,298.15,3748147,0.0
2018-07-31,297.99,303,293,301.489,5542797,0.0
2018-08-01,328.49,349.99,323.16,349.3898,17674152,0.0
2018-08-02,347.81,355,342.53,348.3,10354676,0.0
2018-08-05,345.46,354.98,341.82,342,6660981,0.0
2018-08-06,343.84,387.46,339.1501,379.58,24571707,0.0
2018-08-07,368.8,382.64,367.12,370.38,17610717,0.0
2018-08-08,365.83,367.01,345.73,352.26,12517790,0.0
2018-08-09,354,360,346,355.529,8902416,0.0
2018-08-12,361.13,363.19,349.02,356.41,7572106,0.0
2018-08-13,358.45,359.1995,347.1,347.64,5255790,0.0
2018-08-14,341.9059,344.49,332.14,338.76,6835061,0.0
2018-08-15,339.91,342.28,333.82,335.45,4291063,0.0
2018-08-16,323.5,326.77,303.53,305.51,14358488,0.0
2018-08-19,291.7035,308.5,288.2,308.44,12242447,0.0
2018-08-20,310.61,324.79,309,321.9,10077506,0.0
2018-08-21,320.87,323.88,314.67,321.52,4813931,0.0
2018-08-22,319.14,327.32,318.1,320.11,3955535,0.0
2018-08-23,320.7,323.85,319.4,322.81,2749357,0.0
2018-08-26,318.01,322.435,308.81,319.54,10187976,0.0
2018-08-27,318.41,318.88,311.19,311.85,6176933,0.0
2018-08-28,310.27,311.85,303.69,304.88,5849149,0.0
2018-08-29,302.26,304.6,297.72,303.135,5689793,0.0
2018-08-30,302,305.3082,298.6,301.65,4138251,0.0
2018-09-03,296.94,298.19,288,288.99,6422883,0.0
2018-09-04,285.08,286.78,277.18,280.6987,5655214,0.0
2018-09-05,284.8,291.17,278.88,281.0095,5679908,0.0
2018-09-06,260.25,268.35,252.2548,263.24,16242828,0.0
2018-09-09,273.26,286.03,271,285.46,11348654,0.0
2018-09-10,279.31,282,273.55,279.43,6899938,0.0
2018-09-11,281.44,292.5,278.6463,290.56,7594078,0.0
2018-09-12,288.27,295,285.18,289.42,4758415,0.0
2018-09-13,288.74,297.3256,286.52,295.11,5120958,0.0
2018-09-16,290.04,300.87,288.13,294.79,5176019,0.0
2018-09-17,296.3,302.64,275.5,284.93,12923352,0.0
2018-09-18,280.77,300,280.5,299.04,6156658,0.0
2018-09-19,303.56,305.98,293.33,298.32,5573331,0.0
2018-09-20,297.7,300.58,295.37,299.01,3408179,0.0
2018-09-23,298.48,302.9993,293.58,299.73,3638324,0.0
2018-09-24,300,304.6,296.5,301.05,3401297,0.0
2018-09-25,301.65,313.89,301.1093,309.5664,5964409,0.0
2018-09-26,312.9,314.96,306.91,307.46,3303572,0.0
2018-09-27,270.26,278,260.555,264.72,25167046,0.0
2018-09-30,305.49,311.44,301.05,310.3446,15258287,0.0
2018-10-01,314,316.84,299.15,300.9,8518600,0.0
2018-10-02,303.33,304.6,291.57,295.03,6300641,0.0
2018-10-03,293.95,294,277.67,281.84,7147210,0.0
2018-10-04,274.61,274.88,260,261.99,13362410,0.0
2018-10-07,264.26,267.7599,249,250.54,9900147,0.0
2018-10-08,255.25,266.77,253.3,262.81,9143892,0.0
2018-10-09,264.61,265.51,247.77,256.89,9657608,0.0
2018-10-10,257.53,262.25,249.03,252.33,6000952,0.0
2018-10-11,260.98,261.99,252.01,259.15,5270938,0.0
2018-10-14,259.06,263.28,254.5367,259.56,4827381,0.0
2018-10-15,265.7,277.375,262.24,276.54,6957925,0.0
2018-10-16,282.4,282.7,265.8032,271.8,6442088,0.0
2018-10-17,269.29,271,263,263.95,3977473,0.0
2018-10-18,267.39,269.66,253.5,260.04,7016215,0.0
2018-10-21,260.68,261.86,252.59,260.94,3968574,0.0
2018-10-22,263.87,297.93,262.1,294.26,13890784,0.0
2018-10-23,301.05,304.44,285.73,288.84,11916320,0.0
2018-10-24,317.22,321,301.01,314.81,15526936,0.0
2018-10-25,308.25,339.9,306.65,330.63,21526599,0.0
2018-10-28,337.47,347.16,326.5,336.79,11398720,0.0
2018-10-29,328.39,337.8999,322.26,329.81,7257990,0.0
2018-10-30,332.54,342,329.1,337.28,5723763,0.0
2018-10-31,338.26,347.84,334.725,344.12,6385290,0.0
2018-11-01,343.74,349.2,340.91,346.45,6174655,0.0
2018-11-04,340.5,343.955,330.14,341.27,7692268,0.0
2018-11-05,339.07,348.8,336.09,341.06,6590767,0.0
2018-11-06,343.34,351.18,340.8,348.027,7426352,0.0
2018-11-07,349,357.5755,348.44,351.29,5411948,0.0
2018-11-08,349,354,345.23,350.53,4012945,0.0
2018-11-11,348.37,349.78,330.34,331.15,5557138,0.0
2018-11-12,333.16,344.7,332.2,338.61,3903430,0.0
2018-11-13,342.7,347.11,337.15,344.15,4905646,0.0
2018-11-14,342.33,348.58,339.04,348.41,4458230,0.0
2018-11-15,345.19,355.7,345.1201,354.29,7149187,0.0
2018-11-18,356.34,366.75,352.88,353.4801,9512859,0.0
2018-11-19,341.75,349.8,333.55,347.73,7777405,0.0
2018-11-20,352,353.1,337.3995,338.16,4608419,0.0
2018-11-22,334.345,337.5,325.55,326,4047411,0.0
2018-11-25,325,346.22,325,345.94,7715078,0.0
2018-11-26,340.05,346.96,335.5,343.91,5982784,0.0
2018-11-27,345.99,348.28,342.21,347.87,3992192,0.0
2018-11-28,347,347.5,339.55,341.17,3002799,0.0
2018-11-29,341.83,351.6,338.2648,350.39,5361189,0.0
2018-12-02,360,366,352,358.64,8040529,0.0
2018-12-03,356.05,368.68,352,359.5934,8251172,0.0
2018-12-05,356.01,367.38,350.76,363.06,7709571,0.0
2018-12-06,369,379.49,357.65,357.8701,11198666,0.0
2018-12-09,360,365.98,353.12,365.14,6349458,0.0
2018-12-10,369.91,372.1689,360.23,366.69,6099449,0.0
2018-12-11,369.42,371.91,365.16,366.72,4889259,0.0
2018-12-12,370.15,377.44,366.75,376.89,7093864,0.0
2018-12-13,375,377.87,364.33,365.61,6215126,0.0
2018-12-16,362,365.7,343.88,348.29,7364321,0.0
2018-12-17,350.54,351.55,333.69,336.83,6896291,0.0
2018-12-18,337.6,347.01,329.74,332.98,8083353,0.0
2018-12-19,327.0535,330.29,311.869,315.315,8519343,0.0
2018-12-20,317.4,323.47,312.44,319.91,7570973,0.0
2018-12-23,313.5,314.5,295.195,295.69,5350960,0.0
2018-12-25,300,326.97,294.09,326.08,7928079,0.0
2018-12-26,319.84,322.1717,301.5,315.9188,8310934,0.0
2018-12-27,323.1,336.24,318.41,333.86,8973702,0.0
2018-12-30,337.79,339.21,325.26,331.4531,5898332,0.0
2019-01-01,306.5,315.13,298.8,309.8699,10751296,0.0
2019-01-02,307,309.4,297.38,300.31,6672221,0.0
2019-01-03,306,318,302.73,317.54,6983846,0.0
2019-01-06,321.66,336.74,317.7508,334.986,7193888,0.0
2019-01-07,341.98,344.01,327.02,335.49,6567180,0.0
2019-01-08,335.5,343.5025,331.47,338.52,5199244,0.0
2019-01-09,334.4,345.39,331.79,344.91,5719942,0.0
2019-01-10,342.09,348.41,338.77,347.35,4796324,0.0
2019-01-13,342.5,342.5,334,334.7,5009149,0.0
2019-01-14,335,348.8,334.5,344.345,5803044,0.0
2019-01-15,344.78,352,343.5,345.89,4500918,0.0
2019-01-16,346.21,351.5,344.15,347.15,3488578,0.0
2019-01-17,323.06,327.1297,299.7301,302.22,22317439,0.0
2019-01-21,304.82,308,295.5,298.18,11524285,0.0
2019-01-22,292.5,294.5,281.69,287.18,11633895,0.0
2019-01-23,283.47,293.68,279.2831,291.855,7588695,0.0
2019-01-24,294.39,298.5195,289.55,297,6831199,0.0
2019-01-27,292.91,297.46,287.75,296.38,6123573,0.0
2019-01-28,295.27,298.5566,291.8,297.18,4359468,0.0
2019-01-29,300.45,308.8531,298.49,308.705,7828001,0.0
2019-01-30,301,311.5636,294,307.0679,11706783,0.0
2019-01-31,305.42,316.1,303.5,312.1801,6978985,0.0
2019-02-03,312.98,315.3,301.88,312.465,7019206,0.0
2019-02-04,312.37,322.44,312.2494,321.37,6415638,0.0
2019-02-05,319.59,324.24,315.624,317.77,4744608,0.0
2019-02-06,313.3,314.7,303,307.5999,6189747,0.0
2019-02-07,306.98,307.445,298.5,305.34,5560662,0.0
2019-02-10,311.6,318.6,310.5,313.02,6697977,0.0
2019-02-11,316.2,318.19,309.62,311.99,5151145,0.0
2019-02-12,312.45,312.75,305.57,308.34,4918601,0.0
2019-02-13,303.38,306.77,301,303.98,4875188,0.0
2019-02-14,304.5,308,303.9,307.8181,3655601,0.0
2019-02-18,306.56,311.5442,305.59,305.59,3928167,0.0
2019-02-19,304.41,306.3,299,302.53,6413092,0.0
2019-02-20,301.81,303.2399,290.5,291.24,8521093,0.0
2019-02-21,294.49,296.5,292.1,294.69,5459428,0.0
2019-02-24,297.91,302.9044,297.0005,298.7,5893761,0.0
2019-02-25,292.22,302.01,288.7701,297.81,8096676,0.0
2019-02-26,301.42,316.295,300.55,314.795,10618216,0.0
2019-02-27,318.92,320,310.81,319.81,8869984,0.0
2019-02-28,306.88,307.13,291.9,294.66,21624319,0.0
2019-03-03,298.12,298.78,282.78,285.3,16306926,0.0
2019-03-04,282,284,270.1,276.64,17966785,0.0
2019-03-05,276.54,281.5058,274.39,276.23,10154076,0.0
2019-03-06,278.84,284.7,274.25,276.6,8865853,0.0
2019-03-07,276.91,285.59,275.89,284.13,8457763,0.0
2019-03-10,283.52,291.28,280.5,290.86,6980280,0.0
2019-03-11,286.49,288.07,281.06,283.37,7127257,0.0
2019-03-12,283.9,291.99,282.7,288.91,6554342,0.0
2019-03-13,292.45,295.39,288.29,289.96,6699809,0.0
2019-03-14,277.7671,280.19,274.4,275.5492,8870978,0.0
2019-03-17,275.94,278.05,267.3,269.52,9780738,0.0
2019-03-18,267.5,273.3,263.46,267.38,11314236,0.0
2019-03-19,269.69,274.97,266.3,273.5,6668734,0.0
2019-03-20,272,276.45,268.45,274.045,5664291,0.0
2019-03-21,272.58,272.8,264,264.64,8299079,0.0
2019-03-24,259.71,263.18,254.46,260.49,9687165,0.0
2019-03-25,264.44,270.26,264.43,267.7602,7062104,0.0
2019-03-26,268.75,275.36,268.1838,274.9,8402247,0.0
2019-03-27,277.16,280.33,275.1,278.58,6404454,0.0
2019-03-28,278.7,280.16,274.5,279.75,5650129,0.0
2019-03-31,282.62,289.2,281.281,289.18,3667993,0.0
2019-04-01,288.3,289.44,283.88,285.85,5150050,0.0
2019-04-02,287.32,296.17,287.17,291.76,7566626,0.0
2019-04-03,261.69,271.2,260.59,267.8,21128569,0.0
2019-04-04,269.86,276.1,266.11,274.96,12356211,0.0
2019-04-07,277.69,281.16,270.44,273.15,9847191,0.0
2019-04-08,271.65,275,269.61,272.4,5631504,0.0
2019-04-09,276.74,278.38,272.8925,276.05,6371614,0.0
2019-04-10,268.3,270.5,265.6,268.4498,8812029,0.0
2019-04-11,270.22,271.95,266.83,267.68,6514945,0.0
2019-04-14,268.63,268.88,258.63,266.38,9569374,0.0
2019-04-15,265.75,275,264.72,273.31,6865386,0.0
2019-04-16,274.75,274.79,268.535,271.219,4932059,0.0
2019-04-17,271.23,274.84,269.75,273.26,5644604,0.0
2019-04-21,269,269.68,262.48,262.8943,11419980,0.0
2019-04-22,260.15,265.6,255.75,263.98,10233659,0.0
2019-04-23,263.85,265.32,258,258.6906,8333946,0.0
2019-04-24,255.03,259,246.07,247.573,20585363,0.0
2019-04-25,246.5,246.68,231.13,235.04,21168499,0.0
2019-04-28,235.86,243.98,232.17,241.4375,15899607,0.0
2019-04-29,242,244.21,237,238.69,9026387,0.0
2019-04-30,239,240,231.5,234.01,10324457,0.0
2019-05-01,245.52,247.13,237.72,244.08,14881930,0.0
2019-05-02,243.86,256.61,243.49,255.04,21063497,0.0
2019-05-05,250.1,258.3499,248.5,255.335,9546203,0.0
2019-05-06,256.8,257.21,245.1,247.06,9542822,0.0
2019-05-07,246.94,250.599,244.2,244.76,5757805,0.0
2019-05-08,242,243.68,236.9434,241.98,6455536,0.0
2019-05-09,239.75,241.99,236.02,239.51,6716345,0.0
2019-05-12,232.01,232.47,224.5,227.01,10159046,0.0
2019-05-13,229.3,234.5,228,232.12,6820595,0.0
2019-05-14,229.32,232.44,225.25,231.92,6908252,0.0
2019-05-15,229.49,231,226.5,228.245,7023216,0.0
2019-05-16,221.96,222.24,208.92,211.0731,16740523,0.0
2019-05-19,202.8,206,195.25,205.34,19451274,0.0
2019-05-20,197.76,207.4,196.04,204.97,16693973,0.0
2019-05-21,199.1,203.94,191.78,192.69,17656779,0.0
2019-05-22,194.34,199.465,186.22,195.48,23374971,0.0
2019-05-23,199.83,199.98,188.7505,190.7257,13302938,0.0
2019-05-27,191.2,195,187.85,188.72,9777919,0.0
2019-05-28,187.1,192.39,185.0401,189.89,11256907,0.0
2019-05-29,188.75,192.255,187.02,188.18,7409500,0.0
2019-05-30,185.1,189.9204,184.1,185.48,9599948,0.0
2019-06-02,185.51,186.68,176.9919,179.01,12380263,0.0
2019-06-03,181.1,193.98,179.61,193.91,13115692,0.0
2019-06-04,198.47,201.2782,191.8486,196.677,12570739,0.0
2019-06-05,204.25,211,201.8,206.08,19472101,0.0
2019-06-06,205,210.8438,203.499,204.39,14897026,0.0
2019-06-09,210.47,216.94,209.01,212.88,9978622,0.0
2019-06-10,219.38,220.9,213.5,217.1,10591156,0.0
2019-06-11,222.95,223.38,209,209.2173,14335584,0.0
2019-06-12,210.38,214.9,207.5103,213.89,15620124,0.0
2019-06-13,211.29,216.65,210.4,214.92,14191322,0.0
2019-06-16,214.73,227,214.27,225.03,11895515,0.0
2019-06-17,228.72,234.74,222.58,224.74,12016691,0.0
2019-06-18,225.11,227.77,221.06,226.33,6207071,0.0
2019-06-19,223,226.9,216.35,219.59,11132022,0.0
2019-06-20,216.22,222.18,215.5,221.89,7632727,0.0
2019-06-23,223.24,225.86,221.02,223.64,5459384,0.0
2019-06-24,224.39,225.34,219.49,219.77,5882114,0.0
2019-06-25,220.31,227.23,218.1,219.18,8076589,0.0
2019-06-26,219.45,222.9,217.35,222.81,5927800,0.0
2019-06-27,221.68,225.17,221.31,223.46,5732666,0.0
2019-06-30,230.21,233.0995,226.29,227.16,7727451,0.0
2019-07-01,228.89,229.15,222.22,224.62,6739925,0.0
2019-07-02,239.39,241.57,234.51,234.9,13233097,0.0
2019-07-04,234.57,235.45,230.8,233.15,6653090,0.0
2019-07-07,231.24,232.25,228.66,230.38,5647103,0.0
2019-07-08,228.97,231,227.28,230.06,6001968,0.0
2019-07-09,234.15,238.94,233.14,238.92,8477126,0.0
2019-07-10,238.14,241.5,235.8,238.6,7262861,0.0
2019-07-11,239.75,245.38,239.71,245.06,8720374,0.0
2019-07-14,248,254.42,244.86,253.48,10516336,0.0
2019-07-15,249.3,253.53,247.9325,252.4,7718769,0.0
2019-07-16,255.6,258.31,253.35,254.83,9338786,0.0
2019-07-17,255.05,255.75,251.885,253.59,4502229,0.0
2019-07-18,255.69,259.96,254.62,258.0789,6785285,0.0
2019-07-21,258.75,262.155,254.1911,255.65,6489574,0.0
2019-07-22,256.71,260.48,254.5,260.1,4851377,0.0
2019-07-23,259.17,266.07,258.1601,265.0288,7366736,0.0
2019-07-24,233.5,234.5,225.5501,228.8102,20548751,0.0
2019-07-25,226.92,230.26,222.25,228,9703872,0.0
2019-07-28,227.09,235.94,226.0325,235.792,8922968,0.0
2019-07-29,232.9,243.36,232.18,242.26,7862017,0.0
2019-07-30,243,246.68,236.6501,241.62,8812185,0.0
2019-07-31,242.65,244.51,231.77,233.94,7976109,0.0
2019-08-01,231.35,236.27,229.23,234.2784,5014277,0.0
2019-08-04,229.6,231.3673,225.775,228.48,6526882,0.0
2019-08-05,231.88,232.5,225.75,230.63,5256223,0.0
2019-08-06,226.51,233.5688,225.8,233.47,4574805,0.0
2019-08-07,234.45,239.8,232.65,238.29,5027207,0.0
2019-08-08,236.0535,238.96,233.81,235,3678950,0.0
2019-08-11,232.99,235.77,228.75,229.02,4435506,0.0
2019-08-12,228.81,236,227.55,234.97,4659970,0.0
2019-08-13,231.21,231.5,216.69,219.59,8733756,0.0
2019-08-14,220.86,221.56,211.55,215.52,7836075,0.0
2019-08-15,216.75,222.24,216.02,219.92,4820433,0.0
2019-08-18,224.21,227.83,221.7,226.81,5067001,0.0
2019-08-19,227.62,229.09,224.54,225.65,3763018,0.0
2019-08-20,222.01,223.22,217.6,220.79,7342403,0.0
2019-08-21,222.8,225.4,218.22,222.05,5473992,0.0
2019-08-22,219.97,221.17,211,211.39,8015679,0.0
2019-08-25,213.6,215.02,211.54,214.98,4696205,0.0
2019-08-26,215.74,218.8,212.03,214.16,4999917,0.0
2019-08-27,213.69,217.25,212.31,215.59,3093685,0.0
2019-08-28,218.95,223.4,218,221.7,4868685,0.0
2019-08-29,229.15,232.44,224.213,225.6,8258412,0.0
2019-09-02,224.08,228.95,223.16,225.11,5080361,0.0
2019-09-03,226.89,228.46,219.205,220.71,5480727,0.0
2019-09-04,222.5,229.8,220.85,229.48,7033497,0.0
2019-09-05,227.85,229.64,225.17,227.49,4102982,0.0
2019-09-08,229.97,233.76,229.23,231.78,4609862,0.0
2019-09-09,230.8,235.54,228.94,235.54,4654579,0.0
2019-09-10,237.38,248.1741,236,247.23,9601813,0.0
2019-09-11,247.7,253.5,244.4,245.86,8043768,0.0
2019-09-12,246.96,248.45,244.865,245.27,5075640,0.0
2019-09-15,246,247.43,241.17,242.7,4459981,0.0
2019-09-16,242.47,245.6,240.37,244.79,3690146,0.0
2019-09-17,245,248.1685,242.37,243.43,3992199,0.0
2019-09-18,246,247.94,244.84,246.58,4454220,0.0
2019-09-19,246.49,246.946,238.16,240.59,5996334,0.0
2019-09-22,240,245.1794,239.22,241.25,4157878,0.0
2019-09-23,241.52,241.99,222.61,223.2817,12393973,0.0
2019-09-24,224.56,228.98,218.36,228.7,8944825,0.0
2019-09-25,230.66,243.31,227.4,242.52,11445264,0.0
2019-09-26,242,248.71,238.73,242.13,10663930,0.0
2019-09-29,243,243.98,236.1111,240.84,5556374,0.0
2019-09-30,241.5,245.95,239.13,244.69,5903470,0.0
2019-10-01,243.03,244.65,239.43,243.24,5099506,0.0
2019-10-02,231.86,234.32,224.28,232.92,13775674,0.0
2019-10-03,231.61,234.77,228.07,231.4159,15272408,0.0
2019-10-06,229.8,238.56,228.55,237.72,15351711,0.0
2019-10-07,235.87,243.94,234.5,240,16599013,0.0
2019-10-08,241.52,247.295,240.65,244.53,13116148,0.0
2019-10-09,245.28,249.28,241.58,244.74,12090722,0.0
2019-10-10,247.15,251.08,246.81,247.77,15990158,0.0
2019-10-13,247.9,258.55,247.13,256.92,19430374,0.0
2019-10-14,257.7,260,254.12,257.86,12362512,0.0
2019-10-15,257.39,262.1,256.92,259.6902,12800343,0.0
2019-10-16,262.5,264.78,260.17,261.98,9112414,0.0
2019-10-17,260.7,262.8,255.1,256.9899,11065826,0.0
2019-10-20,258.2,259.5,250.18,253.43,4429730,0.0
2019-10-21,254.32,258.33,250.85,255.52,4386182,0.0
2019-10-22,254.5,256.14,251.35,254.889,5005641,0.0
2019-10-23,298.37,304,289.2,299.62,26049521,0.0
2019-10-24,297.72,330,296.11,328.19,28673217,0.0
2019-10-27,327.54,340.84,322.6,327.51,18510525,0.0
2019-10-28,319.99,324.3,314.75,316.2,12356755,0.0
2019-10-29,313,318.79,309.97,314.86,9042272,0.0
2019-10-30,313.1,319,313,315.09,4954986,0.0
2019-10-31,316.32,316.48,309.8,313.21,6118298,0.0
2019-11-03,314.8,321.94,309.26,317.425,8579754,0.0
2019-11-04,319.62,323.51,316.118,317.16,6308975,0.0
2019-11-05,318,326.72,314.5,326.7,7748529,0.0
2019-11-06,329.14,341.5,328.02,335.39,14148570,0.0
2019-11-07,334.5,337.46,332.5,337.12,5966814,0.0
2019-11-10,343.8,349.19,342,345.1,9715763,0.0
2019-11-11,346.94,350.37,344.04,349.95,7177557,0.0
2019-11-12,355,356.33,345.18,345.99,8029488,0.0
2019-11-13,346.11,353.84,342.91,349.36,5966623,0.0
2019-11-14,350.64,352.8,348.36,352.24,4591478,0.0
2019-11-17,352.9165,353.15,346.1,349.98,4287780,0.0
2019-11-18,351.75,359.99,347.8,359.52,7442184,0.0
2019-11-19,360,361.2,349.57,352.4,6143861,0.0
2019-11-20,354.51,360.84,354.0039,354.9697,5644325,0.0
2019-11-21,340.16,341,330,332.99,16189232,0.0
2019-11-24,344.47,344.57,334.46,336.3009,11454970,0.0
2019-11-25,335.27,335.5,327.1,328.93,7428918,0.0
2019-11-26,331.12,333.93,328.57,331.05,5331554,0.0
2019-11-28,331.11,331.26,327.5,330.04,2279549,0.0
2019-12-01,329.4,336.3827,328.687,334.86,5922892,0.0
2019-12-02,332.62,337.91,332.186,336.08,6380944,0.0
2019-12-03,337.75,337.86,332.85,332.99,5249592,0.0
2019-12-04,333,334.4227,327.25,330.34,3453427,0.0
2019-12-05,335,338.86,334.77,335.85,7446599,0.0
2019-12-08,336.59,344.45,335.08,339.4,8270305,0.0
2019-12-09,339.96,350.73,339.31,348.83,8530007,0.0
2019-12-10,351.8765,357.1899,351.09,352.5,6649961,0.0
2019-12-11,354.92,362.74,353.23,359.67,7650921,0.0
2019-12-12,361.05,365.21,354.64,358.37,6236035,0.0
2019-12-15,362.55,383.61,362.5,381.51,17336420,0.0
2019-12-16,378.77,385.5,375.9,378.9101,8043941,0.0
2019-12-17,380.73,395.22,380.58,393.1,13233307,0.0
2019-12-18,397.09,406.85,396.5,404.02,17366642,0.0
2019-12-19,410.29,413,400.185,405.55,13344703,0.0
2019-12-22,411.78,422.01,410,419.18,12734119,0.0
2019-12-23,418.84,425.47,412.6875,425.18,7833308,0.0
2019-12-25,427.91,433.48,426.35,430.8202,10131052,0.0
2019-12-26,435.25,435.31,426.11,430.23,9209880,0.0
2019-12-29,428.81,429,409.2589,414.62,12082466,0.0
2019-12-30,405.0003,421.29,402.08,418.17,9761539,0.0
2020-01-01,424.95,430.6957,421.71,430.24,9113793,0.0
2020-01-02,440.5,454,436.92,442.75,16409329,0.0
2020-01-05,440.47,451.56,440,451.4001,9807049,0.0
2020-01-06,461.4,471.63,453.355,469.17,16859537,0.0
2020-01-07,473.7,498.49,468.23,492.09,29804104,0.0
2020-01-08,497.1,498.8,472.87,481.49,26901507,0.0
2020-01-09,481.79,484.94,473.7,477.96,12365563,0.0
2020-01-12,493.5,525.63,492,524.85,25531104,0.0
2020-01-13,544.255,547.41,524.9,538,27042937,0.0
2020-01-14,529.76,537.84,516.7853,518.505,16462639,0.0
2020-01-15,494.08,514.46,492.17,513.49,20068904,0.0
2020-01-16,507.61,515.6699,503.16,510.19,12517514,0.0
2020-01-20,530.23,548.58,528.41,547.3007,33002168,0.0
2020-01-21,571.51,594.5,559.1,569.43,59686356,0.0
2020-01-22,564.08,582,555.6027,571.9422,37423500,0.0
2020-01-23,570.63,573.86,554.26,564.96,27306834,0.0
2020-01-26,541.99,564.44,539.28,557.54,12311739,0.0
2020-01-27,568.44,576.81,558.08,566.82,11093082,0.0
2020-01-28,575.69,589.7999,567.43,581,13250284,0.0
2020-01-29,632.42,650.88,618,640.93,26845261,0.0
2020-01-30,638.68,653,632.52,650.48,15067058,0.0
2020-02-02,673.69,786.14,673.52,780.28,45229406,0.0
2020-02-03,882.96,968.9899,833.88,887.72,53837004,0.0
2020-02-04,822.8,845.98,704.1106,734.72,44703541,0.0
2020-02-05,699.92,795.83,687,748.5,38382071,0.0
2020-02-06,731,769.75,730,747.9808,16311618,0.0
2020-02-09,800.41,819.99,752.4,770.8467,23238209,0.0
2020-02-10,768.5,783.5061,758,774.02,11177954,0.0
2020-02-11,778,789.75,763.37,767.44,11193209,0.0
2020-02-12,741.84,818,735,803.86,24953651,0.0
2020-02-13,787.22,812.97,785.5,799.9724,14271351,0.0
2020-02-17,841.6,860,832.36,858.66,14593786,0.0
2020-02-18,923.5,944.78,901.02,916.96,23657004,0.0
2020-02-19,911.81,912,859.94,899.18,16797173,0.0
2020-02-20,906.74,913.06,880.45,901,13379998,0.0
2020-02-23,839,863.5,822.2,833.16,14109712,0.0
2020-02-24,849.18,856.6,787,799.11,16703593,0.0
2020-02-25,783,813.31,776.11,778.8,13266973,0.0
2020-02-26,730,739.77,669,678.85,22838989,0.0
2020-02-27,629.7,690.52,611.52,667.43,23087454,0.0
2020-03-01,711.26,743.69,686.67,743.69,18641901,0.0
2020-03-02,805.5,806.98,716.1106,745.51,23727404,0.0
2020-03-03,763.9603,766.52,724.7345,749.5,13975877,0.0
2020-03-04,723.5,745.75,718.07,723.62,10164674,0.0
2020-03-05,693,707,684.27,703.39,23777510,0.0
2020-03-08,605.39,662.998,605,606.46,15637810,0.0
2020-03-09,659.43,668,608,645,14714548,0.0
2020-03-10,640.2,653.58,613,633.905,12845088,0.0
2020-03-11,580,594.5,546.25,556.01,17650406,0.0
2020-03-12,595,607.57,502,546.2,21281778,0.0
2020-03-15,469.4997,494.8699,442.17,444.9801,38445545,0.0
2020-03-16,440.01,471.85,396,430,23150951,0.0
2020-03-17,389,404.86,350.51,361.6,39969144,0.0
2020-03-18,374.6965,452,358.46,427.295,28716890,0.0
2020-03-19,438.2,477,425.79,427.53,27182628,0.0
2020-03-22,433.55,441.9999,410.5,434.29,15611610,0.0
2020-03-23,476.3,513.69,474,504.3,21685259,0.0
2020-03-24,545.25,557,511.11,539.175,19706795,0.0
2020-03-25,547.39,560,512.25,528.05,16688863,0.0
2020-03-26,505,525.8,494.03,514.56,13608376,0.0
2020-03-29,510.26,516.6471,491.23,502.1,11162231,0.0
2020-03-30,501.25,542.96,497,524.48,16421035,0.0
2020-03-31,504,513.9548,475.1,481.58,12570750,0.0
2020-04-01,481.03,494.2599,446.4,454.47,15413671,0.0
2020-04-02,509.5,515.49,468.3901,480,21274333,0.0
2020-04-05,511.16,521,497.96,516.24,27631958,0.0
2020-04-06,545,565,532.34,545.47,17334969,0.0
2020-04-07,554.2,557.2081,533.33,548.7,24384936,0.0
2020-04-08,562.09,575.1818,557.11,573.01,12745268,0.0
2020-04-12,591,652,580.53,650.9899,21175579,0.0
2020-04-13,698.97,741.88,692.43,709.755,57451900,0.0
2020-04-14,742,753.13,710,729.5254,43359242,0.0
2020-04-15,716.94,759.45,706.715,745.6545,57474573,0.0
2020-04-16,772.28,774.95,747.66,753.65,24322747,0.0
2020-04-19,732.7,765.57,712.21,746.35,28421310,0.0
2020-04-20,730.12,753.33,673.79,686.72,58529442,0.0
2020-04-21,703.98,733.89,688.71,732.15,38252230,0.0
2020-04-22,727.6,734,703.13,705.63,38120713,0.0
2020-04-23,710.81,730.73,698.18,725,25102459,0.0
2020-04-26,737.61,799.49,735,798.92,58450139,0.0
2020-04-27,795.64,805,756.69,769.11,14526538,0.0
2020-04-28,790.17,803.1999,783.16,799.84,12096180,0.0
2020-04-29,855.19,869.82,763.5,781.06,53718332,0.0
2020-04-30,755,772.77,683.04,701.31,31742479,0.0
2020-05-03,701,762,698,761.21,36511504,0.0
2020-05-04,789.79,798.92,762.18,768.06,16328797,0.0
2020-05-05,776.5,789.8,761.11,782.45,21416699,0.0
2020-05-06,777.21,796.4,772.35,780.215,11124597,0.0
2020-05-07,793.77,824,787.01,819.25,31166079,0.0
2020-05-10,790.51,824,785,810.48,31241342,0.0
2020-05-11,827,843.29,808,809.21,15080918,0.0
2020-05-12,820.83,826,763.3,790.62,18430885,0.0
2020-05-13,780,803.36,764,803.04,13077331,0.0
2020-05-14,790.35,805.0486,786.552,799.034,20204818,0.0
2020-05-17,827.78,834.7201,803.88,813.51,10969747,0.0
2020-05-18,815.17,822.07,806.08,808,9331427,0.0
2020-05-19,820.5,826,811.8,815.46,13799592,0.0
2020-05-20,816,832.5,796,827.75,23543511,0.0
2020-05-21,822.1735,831.78,812,816.4,19439642,0.0
2020-05-25,834.5,834.6,815.705,818.74,7532731,0.0
2020-05-26,820.86,827.71,785,819.955,11092116,0.0
2020-05-27,813.51,824.75,801.69,805.975,7013890,0.0
2020-05-28,808.75,835,804.21,834.1905,10523947,0.0
2020-05-31,858,899,854.1,897.875,13962296,0.0
2020-06-01,894.7,908.66,871,881.4,13049927,0.0
2020-06-02,888.12,897.94,880.1,882.51,15342518,0.0
2020-06-03,889.88,895.75,858.44,864.27,8667226,0.0
2020-06-04,877.84,886.52,866.2,885.335,7366347,0.0
2020-06-07,919,950,909.16,948.45,26318875,0.0
2020-06-08,940.01,954.4399,923.931,941.5524,21496458,0.0
2020-06-09,991.88,1027.48,982.5,1024.974,17023324,0.0
2020-06-10,990.2,1018.9599,972.11,972.41,29440376,0.0
2020-06-11,980,987.98,936.25,936.25,5885153,0.0
2020-06-14,917.79,998.84,908.5,990.75,14933856,0.0
2020-06-15,1011.85,1012.88,962.39,981.51,26814330,0.0
2020-06-16,987.71,1005,982.571,990.56,9026154,0.0
2020-06-17,1003,1019.2,994.4708,1004.02,18626163,0.0
2020-06-18,1012.78,1015.9699,991.34,1000.57,7941809,0.0
2020-06-21,999.95,1008.88,990.02,994.54,6108565,0.0
2020-06-22,998.88,1012,994.0101,1001.66,6015204,0.0
2020-06-23,994.11,1000.8846,953.1414,960.85,10724665,0.0
2020-06-24,954.27,985.98,937.15,985.98,8834648,0.0
2020-06-25,994.78,995,954.87,960.76,7736337,0.0
2020-06-28,969.01,1010,948.5201,1009.89,8732336,0.0
2020-06-29,1006.5,1087.69,1003.73,1079,16212153,0.0
2020-06-30,1083,1135.33,1080.5,1119.54,12887738,0.0
2020-07-01,1221.48,1228,1185.6,1208.8,15501212,0.0
2020-07-05,1276.69,1377.79,1266.044,1371,18885360,0.0
2020-07-06,1405.01,1429.5,1336.71,1389.69,20456393,0.0
2020-07-07,1405,1417.26,1311.34,1365.8054,15747236,0.0
2020-07-08,1396.99,1408.56,1351.28,1393.81,11159292,0.0
2020-07-09,1396,1548.915,1376.0101,1546.01,22730537,0.0
2020-07-12,1659,1794.99,1471.1101,1494.1,37309610,0.0
2020-07-13,1556,1590,1431,1516.385,21744713,0.0
2020-07-14,1543,1550,1457,1546.875,15414147,0.0
2020-07-15,1477.16,1531.71,1466,1498.7701,13387034,0.0
2020-07-16,1513.45,1537.51,1490,1500.45,8970942,0.0
2020-07-19,1519.01,1650,1488,1642.47,16357003,0.0
2020-07-20,1639.93,1675,1558,1567.58,15315602,0.0
2020-07-21,1599,1626.42,1562,1590.58,11174728,0.0
2020-07-22,1678.95,1689,1502.64,1513.68,17448163,0.0
2020-07-23,1416.01,1465,1366.54,1415.56,18634529,0.0
2020-07-26,1435,1547.94,1413.0002,1539.91,15007344,0.0
2020-07-27,1504,1564.7,1474.42,1475.35,15010091,0.0
2020-07-28,1501,1534.81,1487,1499.99,9158146,0.0
2020-07-29,1488,1513.24,1471,1487.42,7337598,0.0
2020-07-30,1515,1517.05,1420.98,1432,11885250,0.0
2020-08-02,1449.2,1509.81,1444.3844,1484.98,6757657,0.0
2020-08-03,1495.01,1527.41,1462,1486.25,8233969,0.0
2020-08-04,1492.99,1499.8384,1468.31,1485.18,4824461,0.0
2020-08-05,1490.83,1517.31,1477.26,1489.69,5817775,0.0
2020-08-06,1499.5365,1499.75,1415.01,1453.1,8707648,0.0
2020-08-09,1427.54,1439.99,1385.84,1419,6238730,0.0
2020-08-10,1396,1420,1365,1374,7081523,0.0
2020-08-11,1470,1585,1435,1554.423,21016580,0.0
2020-08-12,1611,1651.18,1567.26,1620.71,19063440,0.0
2020-08-13,1664.99,1668.8,1626.64,1651.5,11738513,0.0
2020-08-16,1677,1845.86,1672.83,1835.86,19482112,0.0
2020-08-17,1898.99,1923.9,1845.11,1888.11,15300121,0.0
2020-08-18,1865,1911,1841.21,1879,11776286,0.0
2020-08-19,1860.68,2021.99,1857.06,2001.3,20432043,0.0
2020-08-20,2044.76,2095.49,2025.05,2050,20572968,0.0
2020-08-23,2126.275,2129,1927.52,2015.695,19295383,0.0
2020-08-24,1974.89,2027.95,1968,2024.09,10051608,0.0
2020-08-25,2060,2166,2053.6292,2151.93,13768358,0.0
2020-08-26,2180.46,2295.6,2142.5,2239.76,23059123,0.0
2020-08-27,2295.12,2318.49,2186.52,2213.52,19360294,0.0
2020-08-30,444.61,500.14,440.11,498.51,111197923,0.0
2020-08-31,502.14,502.49,470.51,475.04,81257715,0.0
2020-09-01,478.99,479.04,405.1206,447.245,92367647,0.0
2020-09-02,407.23,431.8,402,407,80478522,0.0
2020-09-03,402.81,428,372.0201,417.9307,101060529,0.0
2020-09-07,356,368.74,329.88,330.02,103446741,0.0
2020-09-08,356.6,369,341.51,366.21,73161075,0.0
2020-09-09,387.72,398.99,360.56,370.5,67341190,0.0
2020-09-10,381.94,382.5,360.5,372.4101,58016059,0.0
2020-09-13,380.95,420,373.3,419.765,79130201,0.0
2020-09-14,436.56,461.94,430.7,449.38,93230923,0.0
2020-09-15,439.87,457.79,435.31,441.76,68279651,0.0
2020-09-16,415.6,437.79,408.0001,423.43,72114062,0.0
2020-09-17,447.94,451,428.8,440.9701,79958470,0.0
2020-09-20,453.13,455.68,407.07,449.41,100472833,0.0
2020-09-21,429.6,437.76,417.6001,423.974,66208306,0.0
2020-09-22,405.16,412.15,375.8801,380.3885,88358954,0.0
2020-09-23,363.8,399.5,351.3,387.63,93527446,0.0
2020-09-24,393.47,408.7323,391.3,407.18,64600754,0.0
2020-09-27,424.62,428.08,415.55,421.0602,46468845,0.0
2020-09-28,416,428.5,411.6,418.99,47939292,0.0
2020-09-29,421.32,433.93,420.47,428.97,45355318,0.0
2020-09-30,440.76,448.88,434.42,447.81,46917693,0.0
2020-10-01,421.39,439.13,415,415.2699,64001779,0.0
2020-10-04,423.35,433.64,419.33,425.5,42071439,0.0
2020-10-05,423.79,428.7799,406.05,413.7001,46076914,0.0
2020-10-06,419.87,429.9,413.845,425.19,40832057,0.0
2020-10-07,438.44,439,425.3,425.92,38297823,0.0
2020-10-08,430.13,434.5899,426.4601,433.96,27687361,0.0
2020-10-11,442,448.74,438.58,442,36564876,0.0
2020-10-12,443.5,448.89,436.6,446.65,32501386,0.0
2020-10-13,449.78,465.9,447.35,461.47,45481608,0.0
2020-10-14,450.3,456.57,442.5,448.88,33286568,0.0
2020-10-15,454.48,455.9499,438.85,439.91,30604148,0.0
2020-10-18,446.24,447,428.87,430.83,30760868,0.0
2020-10-19,431.75,431.75,419.0501,421.97,29334383,0.0
2020-10-20,422.7,432.95,421.25,422.5,22771969,0.0
2020-10-21,442.07,445.23,424.51,425.9,36750565,0.0
2020-10-22,421.84,422.8859,407.3801,420.615,31969114,0.0
2020-10-25,411.63,425.76,410,420.28,26973706,0.0
2020-10-26,423.76,430.5,420.1,424.471,21007688,0.0
2020-10-27,416.48,418.6,406,406,23252693,0.0
2020-10-28,409.96,418.06,406.46,410.64,20826471,0.0
2020-10-29,406.8954,407.5915,379.11,388.04,40305209,0.0
2020-11-01,394,406.9799,392.3,400.51,26759798,0.0
2020-11-02,409.73,427.77,406.69,423.74,32428696,0.0
2020-11-03,430.62,435.4,417.1,420.91,29547113,0.0
2020-11-04,428.3,440,424.0001,438.09,26009397,0.0
2020-11-05,436.1,436.57,424.28,429.92,20292375,0.0
2020-11-08,439.5,452.5,421,421.39,31208837,0.0
2020-11-09,420.09,420.09,396.0301,410.41,28649493,0.0
2020-11-10,416.56,418.695,410.58,417.13,16073615,0.0
2020-11-11,415.05,423,409.52,411.73,18736964,0.0
2020-11-12,410.85,412.5319,401.66,406.78,17007748,0.0
2020-11-15,408.93,412.45,404.0868,408.09,17531777,0.0
2020-11-16,460.17,462,433.01,441.57,57792306,0.0
2020-11-17,448.35,496,443.5001,486.64,75901661,0.0
2020-11-18,492,508.6112,487.57,499.16,59759624,0.0
2020-11-19,497.99,502.5,489.06,489.44,31084668,0.0
2020-11-22,503.5,526,501.79,521.67,46506862,0.0
2020-11-23,540.4,559.99,526.2,555.86,49296561,0.0
2020-11-24,550.06,574,545.37,574,45026821,0.0
2020-11-26,581.16,598.78,578.45,585.75,34800710,0.0
2020-11-29,602.21,607.8,554.51,566.48,56072877,0.0
2020-11-30,597.59,597.85,572.05,585.19,37313883,0.0
2020-12-01,556.44,571.54,541.21,568.8,42857218,0.0
2020-12-02,590.02,598.97,582.43,593.28,38701927,0.0
2020-12-03,591.01,599,585.5,599,27209889,0.0
2020-12-06,604.9197,648.7856,603.05,642,52961574,0.0
2020-12-07,625.505,651.28,618.5,649.88,57528420,0.0
2020-12-08,653.69,654.32,588,604.17,68444975,0.0
2020-12-09,574.37,627.75,566.34,627.33,62320233,0.0
2020-12-10,615.01,624,596.8,610,44794782,0.0
2020-12-13,619,642.7499,610.2001,639.79,50301458,0.0
2020-12-14,643.28,646.9,623.8,632.48,43018484,0.0
2020-12-15,628.23,632.5,605,622.67,40524638,0.0
2020-12-16,628.19,658.82,619.5,655.725,53416582,0.0
2020-12-17,668.9,684.75,628.54,664.99,104496947,0.0
2020-12-20,666.24,668.5,646.07,649.78,52689689,0.0
2020-12-21,648,649.88,614.23,640.09,49801682,0.0
2020-12-22,632.2,651.4999,622.5701,645.98,31228561,0.0
2020-12-23,642.99,666.09,641,661.66,22073561,0.0
2020-12-27,674.51,681.4,660.8,663.77,29644945,0.0
2020-12-28,661,669.9,655,665.98,21166506,0.0
2020-12-29,672,696.6,668.3603,694.71,41421498,0.0
2020-12-30,699.99,718.72,691.12,705.21,48019909,0.0
2021-01-03,719.46,744.4899,717.1895,729.75,45293360,0.0
2021-01-04,723.66,740.84,719.2,735.055,28402584,0.0
2021-01-05,758.49,774,749.1,756.46,41989335,0.0
2021-01-06,777.63,816.99,775.2,816.24,48080256,0.0
2021-01-07,856,884.49,838.39,880.03,71814487,0.0
2021-01-10,849.4,854.43,803.6222,811.18,55755718,0.0
2021-01-11,831,868,827.34,849.22,43550554,0.0
2021-01-12,852.76,860.47,832,854.42,31050197,0.0
2021-01-13,843.39,863,838.75,844.21,29982086,0.0
2021-01-14,852,859.9,819.1,826.16,36516827,0.0
2021-01-18,837.8,850,833,844.5,23300603,0.0
2021-01-19,858.74,859.5,837.28,850.65,23470840,0.0
2021-01-20,855,855.7199,841.4201,844.97,18601595,0.0
2021-01-21,834.31,848,828.62,846.5,17732312,0.0
2021-01-24,855,900.4,838.8201,880.81,37892533,0.0
2021-01-25,891.38,895.9,871.6,883.46,22006144,0.0
2021-01-26,870.35,891.5,858.66,864.65,21415412,0.0
2021-01-27,820,848,801,835.48,24222992,0.0
2021-01-28,830.0003,842.41,782.27,793.311,20189293,0.0
2021-01-31,814.29,842,795.5601,840.0166,24005893,0.0
2021-02-01,844.68,880.5,842.2006,872.79,22980206,0.0
2021-02-02,877.02,878.08,853.0646,854.7,17541681,0.0
2021-02-03,855,856.5,833.42,849.99,15232160,0.0
2021-02-04,845,864.77,838.97,852.61,17486867,0.0
2021-02-07,869.67,877.77,854.75,863.3,18036775,0.0
2021-02-08,855.12,859.8,841.75,849.25,14637362,0.0
2021-02-09,843.635,844.82,800.02,805,35012591,0.0
2021-02-10,812.44,829.8799,801.725,811.65,19600887,0.0
2021-02-11,801.26,817.33,785.3306,816.04,22494684,0.0
2021-02-15,818,821,792.44,795.99,18606374,0.0
2021-02-16,779.09,799.84,762.01,798.25,24693013,0.0
2021-02-17,780.9,794.69,776.27,787.3,16958719,0.0
2021-02-18,795,796.7899,777.37,781.5,18042330,0.0
2021-02-21,762.64,768.5,710.2,714.71,34459602,0.0
2021-02-22,662.13,713.6099,619,698.65,62398793,0.0
2021-02-23,711.85,745,694.17,742.02,34346288,0.0
2021-02-24,726.15,737.2066,670.58,682.6,36814146,0.0
2021-02-25,700,706.7,659.51,671.01,36281006,0.0
2021-02-28,690.11,719,685.05,718.43,25668436,0.0
2021-03-01,718.28,721.11,685,686.05,22603566,0.0
2021-03-02,687.99,700.7,651.705,652.22,28458545,0.0
2021-03-03,655.8,668.45,600,621.49,64229830,0.0
2021-03-04,626.06,627.8419,539.49,597.496,87887363,0.0
2021-03-07,600.55,620.125,558.79,562.97,49103227,0.0
2021-03-08,608.18,678.09,595.21,673.58,64124807,0.0
2021-03-09,700.3,717.85,655.06,668.27,57415384,0.0
2021-03-10,699.4,702.5,677.18,699.6,34074629,0.0
2021-03-11,670,694.88,666.1394,693.84,31862791,0.0
2021-03-14,694.09,713.18,684.04,707.94,28269001,0.0
2021-03-15,703.35,707.92,671,676.63,31258483,0.0
2021-03-16,656.87,703.73,651.01,701.54,37888931,0.0
2021-03-17,684.29,689.23,652,653.3,31802623,0.0
2021-03-18,646.6,657.23,624.6201,654.97,37974884,0.0
2021-03-21,684.59,699.62,668.75,670,36961750,0.0
2021-03-22,676.19,677.8,657.51,662.475,27199416,0.0
2021-03-23,667.91,668.02,630.11,630.12,31877075,0.0
2021-03-24,613.16,645.5,609.5,640.09,36962396,0.0
2021-03-25,641.87,643.82,599.89,618.8299,29641245,0.0
2021-03-28,615.64,616.48,596.02,611.51,27286657,0.0
2021-03-29,601.87,637.66,591.01,636.15,37472280,0.0
2021-03-30,646.24,672,641.11,668.11,31100505,0.0
2021-03-31,688.37,692.4203,659.42,661.33,33557938,0.0
2021-04-04,707.99,708.16,684.7,691,38597435,0.0
2021-04-05,690.44,696.55,681.37,691.44,27094999,0.0
2021-04-06,687,691.38,667.84,671.03,25217405,0.0
2021-04-07,677.38,689.5499,671.645,683.77,22310546,0.0
2021-04-08,677.77,680.97,669.43,677.02,20359010,0.0
2021-04-11,685.72,704.8,682.09,701.5501,27539359,0.0
2021-04-12,712.56,763,710.66,762.35,42500304,0.0
2021-04-13,770.7,780.79,728.03,732.81,45997263,0.0
2021-04-14,743.17,743.69,721.31,738.85,26407244,0.0
2021-04-15,728.65,749.41,724.6,739.78,26925128,0.0
2021-04-18,719.64,725.4,691.8001,715,37393086,0.0
2021-04-19,717.42,737.25,710.685,718.79,34255500,0.0
2021-04-20,704.57,744.84,698,743.91,28236773,0.0
2021-04-21,741.45,753.77,718.04,719.78,34338515,0.0
2021-04-22,719.75,737.36,715.46,729.4,25786102,0.0
2021-04-25,741,749.3,732.6053,738,25742500,0.0
2021-04-26,718.03,724,703.3501,704.74,27616576,0.0
2021-04-27,696.7,708.5,693.6,694.46,20641381,0.0
2021-04-28,699.51,702.25,668.5002,677.03,27871364,0.0
2021-04-29,667.83,715.47,666.14,709.89,38558089,0.0
2021-05-02,703.86,706,680.5,684.79,25942518,0.0
2021-05-03,678.8,683.4464,657.701,674.18,27516136,0.0
2021-05-04,681.52,685.2955,667.34,671.28,20235944,0.0
2021-05-05,680.8,681.03,650,663.7,26208469,0.0
2021-05-06,666,690,660.22,672.37,21710100,0.0
2021-05-09,664.71,665.05,627.6101,629.04,29699167,0.0
2021-05-10,599.19,627.0999,595.6,617.03,42171809,0.0
2021-05-11,602.5,620.41,586.765,589.8,31568022,0.0
2021-05-12,602.1,606.4599,559.65,571.59,42000801,0.0
2021-05-13,583.4,592.87,570.46,589.65,31545500,0.0
2021-05-16,575.81,589.73,561.2,576.83,30709036,0.0
2021-05-17,568.39,596.25,563.38,577.69,35444316,0.0
2021-05-18,552.37,566.21,546.98,563.4596,36854713,0.0
2021-05-19,574.99,588.85,571.07,586.7,28897412,0.0
2021-05-20,595.78,596.68,580,580.89,24381419,0.0
