Date,Open,High,Low,Close,Volume,OpenInterest
2017-06-01,81.96,81.97,80.86,81.63,3773600,0.0
2017-06-04,81.66,82.38,81.66,81.89,1928843,0.0
2017-06-05,81.65,82.875,81.51,82.22,2500375,0.0
2017-06-06,82.8,83.43,82.29,82.89,2812409,0.0
2017-06-07,83.3,84.36,82.62,84.35,3447746,0.0
2017-06-08,84.23,84.65,79.94,80.88,5424135,0.0
2017-06-11,79.82,81.32,79.6678,81.05,5238803,0.0
2017-06-12,81.41,81.8,80.6,80.99,3310101,0.0
2017-06-13,81.26,81.49,79.44,80.16,2845724,0.0
2017-06-14,79.34,80.4,79.22,80.08,2391508,0.0
2017-06-15,80.18,80.23,79.02,79.68,4174071,0.0
2017-06-18,80.37,81.45,80.28,81.4,2609252,0.0
2017-06-19,81.16,81.23,79.54,79.57,2906836,0.0
2017-06-20,79.7,79.92,79.23,79.67,3465719,0.0
2017-06-21,79.95,80.05,78.95,79.05,2578535,0.0
2017-06-22,79.06,80.02,78.64,79.58,2675071,0.0
2017-06-25,80.04,80.09,78.24,78.3,4134499,0.0
2017-06-26,78,78.27,76.94,76.95,4633844,0.0
2017-06-27,77.61,78.21,76.95,78.05,5325372,0.0
2017-06-28,77.5,77.93,75.9199,76.9,4655123,0.0
2017-06-29,77.69,77.69,76.61,76.91,3276288,0.0
2017-07-02,77.48,77.62,76.4,76.41,2837201,0.0
2017-07-04,76.63,77.51,76.24,76.89,5374161,0.0
2017-07-05,76.19,77.69,76.19,76.87,3976191,0.0
2017-07-06,77.31,78.66,77.31,78.47,4225903,0.0
2017-07-09,78.43,79.09,77.925,78.78,2390065,0.0
2017-07-10,78.78,79.145,78.28,79.05,1962394,0.0
2017-07-11,79.46,80.54,79.46,80.52,3004515,0.0
2017-07-12,80.41,80.98,80.265,80.54,2593564,0.0
2017-07-13,80.95,82.11,80.88,81.99,2815372,0.0
2017-07-16,81.82,82,81.48,81.66,2159122,0.0
2017-07-17,81.5,82.205,81.15,82.155,1992688,0.0
2017-07-18,82.49,82.7,81.86,82.15,2350761,0.0
2017-07-19,82.2,82.81,81.8621,82.69,3125412,0.0
2017-07-20,81.46,82,81,81.69,3650383,0.0
2017-07-23,81.86,81.86,80.6,80.94,3305511,0.0
2017-07-24,81.05,81.93,80.58,81.39,5257939,0.0
2017-07-25,83,84.24,81.96,82.53,5562893,0.0
2017-07-26,82.26,82.53,80.09,80.97,5656898,0.0
2017-07-27,80.42,81.04,80.05,80.72,4161769,0.0
2017-07-30,80.83,81.66,80.78,81.41,3672688,0.0
2017-07-31,81.6,81.84,81.02,81.71,2630590,0.0
2017-08-01,82.01,82.01,80.64,81.27,2065176,0.0
2017-08-02,81.3,81.73,80.965,81.37,1903999,0.0
2017-08-03,81.63,81.96,81.25,81.42,1747329,0.0
2017-08-06,81.44,82.2,81.44,82.17,1965735,0.0
2017-08-07,81.99,83.69,81.89,82.44,5836841,0.0
2017-08-08,81.98,82.31,81.38,82.28,3156811,0.0
2017-08-09,81.8,82,80.28,80.35,3445084,0.0
2017-08-10,80.58,81.34,80.43,80.89,2764104,0.0
2017-08-13,81.48,82.21,81.35,82.05,2673428,0.0
2017-08-14,82.07,82.31,81.69,81.96,2857640,0.0
2017-08-15,82.42,82.66,81.95,82.46,2268642,0.0
2017-08-16,81.95,82.16,80.09,80.17,3273001,0.0
2017-08-17,80.09,80.69,79.94,79.97,3009138,0.0
2017-08-20,80.14,80.24,79.6,79.88,2516941,0.0
2017-08-21,80.34,81.13,80.06,80.75,3690099,0.0
2017-08-22,80.24,81.12,80.07,80.89,2932271,0.0
2017-08-23,81.16,81.495,80.82,81.25,2271145,0.0
2017-08-24,81.56,81.9,80.94,80.99,1937589,0.0
2017-08-27,81.37,81.66,80.58,80.76,2382554,0.0
2017-08-28,80.07,81.25,80.03,81,2914986,0.0
2017-08-29,81.21,82.41,81.1,82.3,3548187,0.0
2017-08-30,82.44,82.95,82.13,82.81,3023986,0.0
2017-08-31,82.74,83.1137,82.38,82.54,2150024,0.0
2017-09-04,82.32,82.49,81.27,81.85,2588967,0.0
2017-09-05,82.24,82.37,81.59,82.05,2656935,0.0
2017-09-06,82.45,83.99,81.79,81.99,2970576,0.0
2017-09-07,81.98,82.035,81.25,81.39,1700970,0.0
2017-09-10,81.9,82.73,81.81,82.2,2694991,0.0
2017-09-11,82.34,82.95,82.155,82.88,3801621,0.0
2017-09-12,82.84,82.94,82.28,82.67,1868430,0.0
2017-09-13,82.4,83.67,82.4,83.29,2436204,0.0
2017-09-14,82.97,85.03,82.87,84.78,5861100,0.0
2017-09-17,85,86.47,84.89,86.14,4276355,0.0
2017-09-18,86.37,87.24,85.64,86.8,2922356,0.0
2017-09-19,87,87,84.48,85.84,3732749,0.0
2017-09-20,86.02,86.59,85.67,86.05,2493431,0.0
2017-09-21,86.59,88.45,86.5,88.27,5480728,0.0
2017-09-24,87.65,88.08,86.9188,87.53,3350361,0.0
2017-09-25,88,88.29,87.45,87.701,1959787,0.0
2017-09-26,88.48,89.15,87.85,88.8,2550841,0.0
2017-09-27,88.42,89.66,88.35,89.65,4452219,0.0
2017-09-28,89.77,89.89,89.09,89.65,2298551,0.0
2017-10-01,89.89,90.24,89.31,89.64,2465216,0.0
2017-10-02,89.65,90.24,89.5,89.94,1786460,0.0
2017-10-03,89.9,90.56,89.58,90.48,2845626,0.0
2017-10-04,90.55,91.3,90.11,91.14,2335601,0.0
2017-10-05,90.74,91.54,90.74,91.33,1662632,0.0
2017-10-08,91.61,91.86,91.31,91.56,1276085,0.0
2017-10-09,91.97,92.41,91.465,92.38,2266984,0.0
2017-10-10,91.96,92.92,91.72,92.86,2045780,0.0
2017-10-11,92.91,93.31,92.59,92.62,2634499,0.0
2017-10-12,92.97,93.73,92.8,93.61,1783706,0.0
2017-10-15,94.21,94.41,93.67,94.24,2510895,0.0
2017-10-16,94.12,94.31,93.54,94.26,2419276,0.0
2017-10-17,94.26,94.29,93.2,93.44,2923792,0.0
2017-10-18,92.97,93.64,92.57,93.45,3202492,0.0
2017-10-19,94.23,95.4,94,95.15,3706761,0.0
2017-10-22,96.03,96.7399,95.44,96.22,6033720,0.0
2017-10-23,96.3,96.62,95.46,96.48,6309222,0.0
2017-10-24,95,96.7,94.16,95.87,5088867,0.0
2017-10-25,96.44,96.9399,95.84,96.14,4313509,0.0
2017-10-26,95.94,97.56,95.71,97.49,3565680,0.0
2017-10-29,96.62,97.13,95.92,96.06,3420781,0.0
2017-10-30,96.28,97.04,96.18,96.69,2794860,0.0
2017-10-31,96.97,97.25,95.77,96.35,2933065,0.0
2017-11-01,96.25,96.88,95.6,96.77,2428847,0.0
2017-11-02,96.84,98,96.34,97.98,2276360,0.0
2017-11-05,97.82,98.67,97.67,98.57,3309264,0.0
2017-11-06,98.55,99.05,98.28,98.4,3104111,0.0
2017-11-07,98.26,98.76,97.89,98.43,2310895,0.0
2017-11-08,97.6,98.03,95.63,97.05,3288724,0.0
2017-11-09,96.61,97.05,96.4,96.94,2086259,0.0
2017-11-12,96.4,97.29,96.35,97.031,1573840,0.0
2017-11-13,96.7,97.23,96.35,96.949,2109443,0.0
2017-11-14,96.63,98.03,96.28,96.79,2555701,0.0
2017-11-15,97.07,98.63,97.05,98.32,2580023,0.0
2017-11-16,98.56,98.56,97.61,97.73,2081010,0.0
2017-11-19,97.81,98.92,97.8,98.27,2286516,0.0
2017-11-20,98.75,99.65,98.65,99.17,2744266,0.0
2017-11-21,99.15,99.35,98.07,98.09,1542628,0.0
2017-11-23,98.2,99.33,98.19,99.3,781971,0.0
2017-11-26,98.95,99.25,98.61,98.63,1472008,0.0
2017-11-27,99.09,99.73,98.62,99.48,2202085,0.0
2017-11-28,99.73,99.79,96.45,96.88,3436605,0.0
2017-11-29,97.38,98.47,96.7,97.23,3708931,0.0
2017-11-30,96.54,97.41,94.72,97.13,3541982,0.0
2017-12-03,97.54,97.88,95.27,95.97,3502987,0.0
2017-12-04,95.98,98.72,95.36,96.89,3596200,0.0
2017-12-05,96.25,97.45,95.87,97.02,3053235,0.0
2017-12-06,97.32,98.14,96.94,97.8,2401215,0.0
2017-12-07,98.92,99.31,97.78,98.02,4030900,0.0
2017-12-10,98.07,98.88,97.77,98.83,3095418,0.0
2017-12-11,98.7,99.19,98.23,98.43,2895683,0.0
2017-12-12,98.97,99.18,98.21,98.86,3591016,0.0
2017-12-13,98.96,100.537,98.78,100.26,4670058,0.0
2017-12-14,101.28,101.6,100.07,101.2,4780616,0.0
2017-12-17,101.91,103.37,101.65,103.29,3793722,0.0
2017-12-18,103.19,104.3,103.08,104.11,4146118,0.0
2017-12-19,104.9,105.15,103.48,104.86,4373590,0.0
2017-12-20,105.16,105.33,104.0055,104.07,3267926,0.0
2017-12-21,104,104.34,103.64,104.12,2244262,0.0
2017-12-25,103.6,104.19,103.06,104.15,1017144,0.0
2017-12-26,104.42,104.9,103.98,104.51,1115282,0.0
2017-12-27,104.92,104.92,104.2194,104.81,1097590,0.0
2017-12-28,104.58,105.08,104.42,104.47,1603490,0.0
2018-01-01,105.08,105.62,104.5,105.56,3041538,0.0
2018-01-02,105.88,108.51,105.6,108.43,4270918,0.0
2018-01-03,108.48,109.21,108.05,108.3,4468056,0.0
2018-01-04,108.7,109.23,108.29,109.11,4014827,0.0
2018-01-07,108.55,110.37,108.41,109.64,2982624,0.0
2018-01-08,109.62,110.98,109.08,110.45,3195709,0.0
2018-01-09,109.85,109.99,108.21,109.71,4259721,0.0
2018-01-10,110.05,110.76,109.43,110.7,2746722,0.0
2018-01-11,110.74,113,110.58,112.7,3398903,0.0
2018-01-15,113.55,113.905,111.94,112.92,7295078,0.0
2018-01-16,113.95,119.43,113.51,119.16,5365734,0.0
2018-01-17,119,119.98,116,116.41,6485381,0.0
2018-01-18,117.01,117.56,115.71,116.83,4850859,0.0
2018-01-21,117.92,119.48,117.46,119.45,3973195,0.0
2018-01-22,120.02,120.75,118.9,119.91,5326081,0.0
2018-01-23,111.135,114,108.6801,109.7,16265354,0.0
2018-01-24,110.75,111.71,109.08,110.15,6326622,0.0
2018-01-25,111.14,114,109.541,113.61,5370431,0.0
2018-01-28,112.47,113.4,111.25,112.67,4111656,0.0
2018-01-29,111.2,111.47,109.3,109.9,4621008,0.0
2018-01-30,110.98,110.99,108.3,109.68,5451795,0.0
2018-01-31,108.55,110.75,108.55,110.09,4311160,0.0
2018-02-01,109.02,110.23,107.52,107.67,5695754,0.0
2018-02-04,107.06,109.115,103.38,104.16,5839055,0.0
2018-02-05,102.62,106.66,102.25,105.68,6706352,0.0
2018-02-06,104.6,105.68,101.91,101.99,7575628,0.0
2018-02-07,102.03,102.61,97.6,97.66,8319720,0.0
2018-02-08,99.54,101.25,96.99,100.52,9002927,0.0
2018-02-11,101.57,102.55,100.4343,101.95,4321061,0.0
2018-02-12,101.11,101.73,100.12,100.98,3929316,0.0
2018-02-13,99.89,102.96,99.85,102.68,4954329,0.0
2018-02-14,103.82,104.58,101.5397,104.58,3823514,0.0
2018-02-15,104.28,105.54,103.88,104.48,3523761,0.0
2018-02-19,103.99,106.86,103.92,105.28,3561229,0.0
2018-02-20,105.92,106.18,103.59,103.66,3960268,0.0
2018-02-21,104,105.08,103.41,103.95,2700810,0.0
2018-02-22,104.96,107.06,104.74,107.05,2905370,0.0
2018-02-25,107.28,109.74,107.28,109.61,3593026,0.0
2018-02-26,109.38,110.29,108.34,108.34,3577765,0.0
2018-02-27,109.04,110.22,108.32,108.35,4652043,0.0
2018-02-28,108.93,108.93,105.72,106.54,6475193,0.0
2018-03-01,104.79,108.48,104.66,108.23,5035923,0.0
2018-03-04,107.42,109.33,106.52,109.01,3162969,0.0
2018-03-05,109.97,110.1819,108.94,109.68,2720397,0.0
2018-03-06,108.04,109.46,107.13,108.56,2622039,0.0
2018-03-07,109.18,109.49,108.27,109.49,2288818,0.0
2018-03-08,109.95,111.61,109.33,111.52,3685113,0.0
2018-03-11,112.04,113,111.46,111.63,2955616,0.0
2018-03-12,112.49,113.5472,110.09,110.59,4098136,0.0
2018-03-13,111.21,111.7,109.17,110,2197248,0.0
2018-03-14,109.94,110.91,109.27,109.74,2649123,0.0
2018-03-15,110.12,110.7399,109.51,109.89,3813733,0.0
2018-03-18,109.32,109.38,105.95,107.88,4105808,0.0
2018-03-19,108.27,110,108.27,109.47,2161805,0.0
2018-03-20,109.13,110.29,108.06,108.65,2394973,0.0
2018-03-21,106.51,107.76,103.8,103.88,5515330,0.0
2018-03-22,104.03,104.94,101.34,101.36,4526781,0.0
2018-03-25,103.76,106.72,103.03,106.6,3287494,0.0
2018-03-26,108,108.1,101.82,102.57,3247567,0.0
2018-03-27,102.29,103.76,101.41,101.94,4074383,0.0
2018-03-28,102.82,105.04,102.24,103.87,2603650,0.0
2018-04-01,102.86,103.52,99.73,100.65,4123376,0.0
2018-04-02,101.92,102.74,100.59,102.17,5294189,0.0
2018-04-03,99.88,104.57,99.81,104.19,2955153,0.0
2018-04-04,103.93,104.01,100.87,102.23,4208216,0.0
2018-04-05,100.97,102.3438,99.02,99.47,3361119,0.0
2018-04-08,100.04,102.89,99.6,99.84,3413141,0.0
2018-04-09,101.67,103.07,100.6328,102.36,3452453,0.0
2018-04-10,101.41,103.09,101.03,102.35,2733891,0.0
2018-04-11,103.05,104.5,102.9326,104.25,2230517,0.0
2018-04-12,104.91,105,101.9,102.16,2695014,0.0
2018-04-15,103.07,104.19,102.62,103.5,2079293,0.0
2018-04-16,104.09,105.7,103.69,105.39,2214603,0.0
2018-04-17,105.07,105.9,104.08,105.36,2432257,0.0
2018-04-18,103.74,103.84,99.91,101.31,6213672,0.0
2018-04-19,100.96,101.63,98.8701,99.95,5628638,0.0
2018-04-22,100.59,100.59,98.02,98.08,3855588,0.0
2018-04-23,99.76,101.22,97.39,98.4,6419085,0.0
2018-04-24,101.31,104.25,99.7601,103.02,9725892,0.0
2018-04-25,103.94,104.32,102.2,102.72,4560514,0.0
2018-04-26,103.17,103.39,100.87,102.52,4068466,0.0
2018-04-29,102.93,104.23,101.33,101.42,3502261,0.0
2018-04-30,101.1,103.47,100.7,103.39,3053538,0.0
2018-05-01,103.28,104.22,101.87,102.94,4058906,0.0
2018-05-02,101.7,104.295,100.5,103.6,3625176,0.0
2018-05-03,102.5,104.75,101.86,104.7,4883375,0.0
2018-05-06,104.99,105.17,103.97,104.559,2640518,0.0
2018-05-07,104.55,108,104.06,105.47,3026447,0.0
2018-05-08,106,107.67,105.71,107.55,3552281,0.0
2018-05-09,108.19,110.04,107.81,109.98,3094091,0.0
2018-05-10,109.62,110.74,109,109.25,2178382,0.0
2018-05-13,109.79,111,109.7,110.64,2896855,0.0
2018-05-14,109.99,110.86,108.35,109.2,2936539,0.0
2018-05-15,109.75,111.57,109.04,111.41,2745175,0.0
2018-05-16,110.71,111.66,110.03,110.34,2170098,0.0
2018-05-17,109.77,111.0705,109.28,110.55,2390975,0.0
2018-05-20,111.71,112.28,109.88,110.41,3851120,0.0
2018-05-21,111.05,111.83,110.685,110.87,2124356,0.0
2018-05-22,109.55,111.08,108.9,111.08,2110728,0.0
2018-05-23,110.94,111.2,109.58,110.75,1809625,0.0
2018-05-24,110.64,111.76,110.55,111.58,1968399,0.0
2018-05-28,110.64,111.76,110.01,110.94,2208711,0.0
2018-05-29,111.34,112.3599,111.04,111.83,2442838,0.0
2018-05-30,111.89,112.88,111.5,111.92,3295742,0.0
2018-05-31,112.55,114.8,112.32,114.8,3481398,0.0
2018-06-03,114.74,116.38,114.31,115.73,2989140,0.0
2018-06-04,116.69,117.93,115.83,117.66,3021384,0.0
2018-06-05,117.57,118.12,116.91,118.12,2559690,0.0
2018-06-06,118.35,118.48,116.14,117.25,5150604,0.0
2018-06-07,116.29,116.67,115.35,115.715,3643110,0.0
2018-06-10,115,115.83,114.48,115.28,2138485,0.0
2018-06-11,115.49,115.77,114.58,115.42,1460726,0.0
2018-06-12,115.5,115.61,113.79,114,2962582,0.0
2018-06-13,114.86,115.54,113.97,114.73,1746370,0.0
2018-06-14,114.87,116.02,113.87,115.87,4505526,0.0
2018-06-17,114.69,114.93,113.03,114.41,1670347,0.0
2018-06-18,112.75,113.905,112.2035,113.66,2143823,0.0
2018-06-19,114.41,115.11,113.57,114.26,2312056,0.0
2018-06-20,114.38,114.5,111.61,112.12,2209032,0.0
2018-06-21,112.75,113.22,111.41,112.37,2133600,0.0
2018-06-24,110.96,111,108.61,110.18,3610999,0.0
2018-06-25,110.63,112.01,110.13,111.52,2806765,0.0
2018-06-26,112.18,112.5,108.77,108.78,3025344,0.0
2018-06-27,108.39,109.595,107.45,109.1,2856797,0.0
2018-06-28,109.79,111.55,109.62,110.26,3419906,0.0
2018-07-01,108.94,110.33,108.38,110.24,2163574,0.0
2018-07-02,110.61,111.29,108.74,108.91,1473091,0.0
2018-07-04,109.84,111.65,109.41,111.52,2476782,0.0
2018-07-05,111.56,112.93,110.83,112.73,1999950,0.0
2018-07-08,113.4,113.5,110.835,112.09,2382314,0.0
2018-07-09,112.42,114.05,112.33,113.71,2703660,0.0
2018-07-10,113.29,113.79,111.52,111.79,2691440,0.0
2018-07-11,113.24,116.6895,113.06,115.84,4491635,0.0
2018-07-12,115.53,115.98,114.83,115.14,1699058,0.0
2018-07-15,114.91,115.49,114.42,114.58,1742971,0.0
2018-07-16,113.67,115.86,113.195,115.79,2409705,0.0
2018-07-17,115.5,116.95,114.14,115.68,4184030,0.0
2018-07-18,115.53,115.66,114.23,114.59,3068813,0.0
2018-07-19,114.86,115.73,114.24,114.99,2705257,0.0
2018-07-22,114.35,114.83,113.04,114.64,1995802,0.0
2018-07-23,115.14,116.46,113.48,113.68,2942368,0.0
2018-07-24,113.4,114.39,110.03,113.25,6103837,0.0
2018-07-25,113.95,114.46,112.94,113.31,3464520,0.0
2018-07-26,113.19,114.29,112.02,112.6,2918830,0.0
2018-07-29,111.99,112.3732,110.7,110.9,3077441,0.0
2018-07-30,112.02,112.59,110.92,111.32,3370443,0.0
2018-07-31,111.16,111.975,110.33,111.01,3073044,0.0
2018-08-01,110.21,113,110.0038,112.2,3327504,0.0
2018-08-02,112.33,112.98,111.93,112.83,2176337,0.0
2018-08-05,112.15,113.52,112.12,113.11,1692257,0.0
2018-08-06,113.77,115.81,113.34,115.77,2645482,0.0
2018-08-07,115.66,116.61,115.16,116.14,1876272,0.0
2018-08-08,116,116.09,114.03,114.33,2361838,0.0
2018-08-09,111.74,112.32,109.3499,110.09,5365299,0.0
2018-08-12,110.56,111.435,109.84,109.97,2721958,0.0
2018-08-13,110.67,110.99,109.8675,110.33,1898619,0.0
2018-08-14,109.24,110.08,108.35,109.61,2183320,0.0
2018-08-15,110.12,110.54,109.08,109.4,1746765,0.0
2018-08-16,108.87,109.98,107.01,109.63,2315788,0.0
2018-08-19,109.75,109.8,108.54,109.05,2341274,0.0
2018-08-20,109.5,111.75,109.34,111.52,2640661,0.0
2018-08-21,110.64,112.69,109.27,112.22,2705732,0.0
2018-08-22,112.18,113.66,112.1604,112.39,1766020,0.0
2018-08-23,113.08,113.79,112.34,113.65,1717751,0.0
2018-08-26,114.65,115.66,114.15,115.25,2057786,0.0
2018-08-27,115.74,116.07,114.66,115.03,1937691,0.0
2018-08-28,115.41,115.7795,114.86,115.48,3427162,0.0
2018-08-29,114.92,115.36,112.49,112.58,3790401,0.0
2018-08-30,112.63,113.43,111.86,112.39,4684674,0.0
2018-09-03,110.9,112.66,110.65,112.57,4602376,0.0
2018-09-04,112.38,112.95,110.845,111.14,3831392,0.0
2018-09-05,110.99,111.74,110.34,110.89,3324917,0.0
2018-09-06,110.45,111,108.25,108.475,3575016,0.0
2018-09-09,109.17,109.48,107.49,108.33,3370990,0.0
2018-09-10,108.06,108.15,105.91,106.04,5492396,0.0
2018-09-11,105,105,102.25,104.55,8056781,0.0
2018-09-12,105.15,106.92,104.6,105.72,4543481,0.0
2018-09-13,105.96,107.16,105.13,105.35,4257506,0.0
2018-09-16,105.29,105.67,103.35,103.69,3643237,0.0
2018-09-17,104.03,105.89,103.96,104.9,4121056,0.0
2018-09-18,105.12,107.51,105.1,107.36,4773591,0.0
2018-09-19,107.88,108.9819,107.8,108.49,3956647,0.0
2018-09-20,110.5,110.9,109.54,110.06,5778005,0.0
2018-09-23,109.01,110.32,108.36,109.81,1877528,0.0
2018-09-24,109.25,109.56,106.81,107.55,3860100,0.0
2018-09-25,107.48,108.22,105.98,106.21,3370331,0.0
2018-09-26,106.44,107.68,106.12,107.29,2771052,0.0
2018-09-27,107.22,107.46,106.06,107.3,2210475,0.0
2018-09-30,107.67,108.62,107.43,107.73,2077828,0.0
2018-10-01,107.25,109.85,107.25,108.46,2866821,0.0
2018-10-02,109.02,109.2,107.41,108.18,3724924,0.0
2018-10-03,107.32,107.53,104.86,105.87,4228336,0.0
2018-10-04,105.64,105.93,101.76,103.28,6332902,0.0
2018-10-07,102.22,103.11,101.17,101.93,4489358,0.0
2018-10-08,101.93,103.15,101.5501,102.87,4263838,0.0
2018-10-09,100.555,101.64,98.81,99.36,7999447,0.0
2018-10-10,100.5,102.01,99.01,99.53,7609587,0.0
2018-10-11,102.45,102.45,99.63,101.1,4570196,0.0
2018-10-14,99.7,100.49,98.6329,99.42,4498596,0.0
2018-10-15,100.32,102.36,99.69,102.15,3976587,0.0
2018-10-16,102.56,103.17,100.98,101.52,3227320,0.0
2018-10-17,101.5,101.5,98.75,99.5,7312003,0.0
2018-10-18,99.15,100.42,97.3,98.25,6933419,0.0
2018-10-21,98.65,100.47,98.41,99.73,4592171,0.0
2018-10-22,97.18,100.47,95.21,100.27,10198754,0.0
2018-10-23,93.23,96.98,91.5,91.97,21027962,0.0
2018-10-24,92.48,93.48,90.8,91.77,17574980,0.0
2018-10-25,89.69,92.0699,87.9,90.53,12201555,0.0
2018-10-28,93.09,93.505,88.52,90.26,7205914,0.0
2018-10-29,90.09,93.14,89.72,93,5769499,0.0
2018-10-30,94,94.43,92.76,92.83,7078299,0.0
2018-10-31,93.38,97.99,93,97.6,8655132,0.0
2018-11-01,97.71,97.9,93.85,95.06,7220584,0.0
2018-11-04,94.91,96.02,94.25,95.69,4258922,0.0
2018-11-05,95.47,97.24,95,97.16,3993941,0.0
2018-11-06,97.8,97.97,96.345,97.19,3943240,0.0
2018-11-07,96.26,98.79,96.24,98.48,4593072,0.0
2018-11-08,98.11,98.13,95.84,96.09,4558591,0.0
2018-11-11,95.04,95.14,93.07,93.49,6114831,0.0
2018-11-12,94.11,96.17,93.9,94.49,4324606,0.0
2018-11-13,95.82,96.27,94.04,94.7,4430961,0.0
2018-11-14,94.51,98.43,94.1652,97.98,6219843,0.0
2018-11-15,96.63,98.11,96.15,97.84,6099748,0.0
2018-11-18,97.5,97.715,94.55,94.63,6219263,0.0
2018-11-19,92.91,97.9,92.91,96.85,7513803,0.0
2018-11-20,97.75,98.07,95.85,96.13,5769387,0.0
2018-11-22,95.37,96,95.08,95.11,1705537,0.0
2018-11-25,96.41,96.67,95.32,96.39,2955732,0.0
2018-11-26,95.49,96.99,95.385,96.28,4535028,0.0
2018-11-27,96.7,98.29,95.18,98.28,4174924,0.0
2018-11-28,97.99,98.48,97.33,97.43,4634721,0.0
2018-11-29,97.78,99.89,96.92,99.78,4454631,0.0
2018-12-02,102.5,102.58,100.45,101.17,6416573,0.0
2018-12-03,100.76,101.08,96.05,96.14,5651477,0.0
2018-12-05,94.11,97.36,93.68,97.36,5892794,0.0
2018-12-06,96.67,97.03,92.24,92.36,7702041,0.0
2018-12-09,92.44,94.35,91.97,93.81,6639013,0.0
2018-12-10,95.76,96.6,94.5,94.56,7278259,0.0
2018-12-11,96.79,97.37,95.6,95.81,4251943,0.0
2018-12-12,96.24,96.61,95.1,95.83,3009445,0.0
2018-12-13,94.66,95.99,94.23,94.24,4891013,0.0
2018-12-16,94.28,94.7344,91.48,91.92,6876621,0.0
2018-12-17,92.85,95.98,92.72,94.53,6830705,0.0
2018-12-18,94.34,94.91,89.54,90.51,8471057,0.0
2018-12-19,90.77,91.38,89.2,90.12,7900691,0.0
2018-12-20,90.45,93.32,89.87,90.41,11149665,0.0
2018-12-23,90,90.55,87.76,87.88,4839216,0.0
2018-12-25,88.8,93.03,87.7,93,6232364,0.0
2018-12-26,91.36,93.8,90.55,93.79,4768929,0.0
2018-12-27,94.06,95.75,93.08,93.75,4096120,0.0
2018-12-30,94.51,95.18,93.74,94.05,2929921,0.0
2019-01-01,92.76,95.25,92.46,94.32,5199247,0.0
2019-01-02,91.97,92.79,88.84,89.12,9510054,0.0
2019-01-03,89.93,93.38,89.47,92.88,5634078,0.0
2019-01-06,92.8,95.2185,92.36,94.59,4173101,0.0
2019-01-07,95.26,95.64,93.03,94.35,4925013,0.0
2019-01-08,95.05,96.49,94.72,96.185,6016426,0.0
2019-01-09,95.76,97.94,95.474,97.74,4571956,0.0
2019-01-10,97.03,99.07,96.8098,98.565,4027816,0.0
2019-01-13,97.31,97.82,95.99,96.46,4244093,0.0
2019-01-14,96.99,98.04,96.64,97.61,3931610,0.0
2019-01-15,97.68,98.11,97.03,97.23,3671596,0.0
2019-01-16,96.12,98.44,95.85,97.5,5914090,0.0
2019-01-17,98.44,99.98,97.94,99.125,6220562,0.0
2019-01-21,98.43,98.43,95.82,96.415,8457309,0.0
2019-01-22,96.87,97.37,94.81,95.515,8054174,0.0
2019-01-23,97.96,102.51,97.8,102.16,12589183,0.0
2019-01-24,102.82,104.87,102.72,104.43,9682206,0.0
2019-01-27,101.88,104.1256,101.76,102.8501,6182805,0.0
2019-01-28,102.86,103.47,101.435,101.52,5409903,0.0
2019-01-29,101.68,102.625,100.18,102.0599,5593738,0.0
2019-01-30,101.02,101.79,100.17,100.685,6821575,0.0
2019-01-31,100.55,102.04,100.26,101.88,4532115,0.0
2019-02-03,101.98,102.34,101.07,101.73,4667131,0.0
2019-02-04,102.21,102.4,100.98,102.25,4706952,0.0
2019-02-05,104.26,106.89,104.05,106.5299,8653256,0.0
2019-02-06,105.1,105.58,103.14,103.845,5932111,0.0
2019-02-07,102.45,104.81,102.1408,104.365,4406240,0.0
2019-02-10,105.23,105.45,104.25,104.72,3438786,0.0
2019-02-11,105.93,106.58,105.75,106.39,4268328,0.0
2019-02-12,106.79,108.12,106.66,107.18,4773328,0.0
2019-02-13,106.78,108.39,106.425,107.04,3100359,0.0
2019-02-14,107.83,107.87,106.69,107.56,3063174,0.0
2019-02-18,107.11,107.89,106.61,107.305,2449915,0.0
2019-02-19,107.72,108.46,107.24,107.99,3001397,0.0
2019-02-20,106.97,107.75,106.2,106.64,3194949,0.0
2019-02-21,107.9,108.38,106.645,107.3,3636559,0.0
2019-02-24,109,109.49,107.83,108.25,3791382,0.0
2019-02-25,108.15,108.17,106.83,107.29,2891198,0.0
2019-02-26,106.42,106.42,104.71,105.71,3648762,0.0
2019-02-27,105.18,105.84,104.81,105.81,3483728,0.0
2019-02-28,106.86,107.09,105.78,106.76,3150711,0.0
2019-03-03,107.46,108.13,106,107.4,2653056,0.0
2019-03-04,107.67,107.79,106.52,106.56,2810876,0.0
2019-03-05,106.6,106.75,105.26,105.41,3063064,0.0
2019-03-06,104.34,105.72,103.68,104.93,4747911,0.0
2019-03-07,103.69,105.11,103.35,104.84,4720735,0.0
2019-03-10,105.16,106.9,104.995,106.45,2314139,0.0
2019-03-11,106.85,107.05,105.76,106.53,2492000,0.0
2019-03-12,107.16,108.29,106.66,107.6,2896136,0.0
2019-03-13,107.26,107.68,105.97,107.15,4287381,0.0
2019-03-14,109.68,110.8,109.49,110.66,4894080,0.0
2019-03-17,110.05,111.14,108.92,109.82,3650294,0.0
2019-03-18,110.58,110.8,109.545,110.09,2834300,0.0
2019-03-19,110.14,110.9,109.03,109.64,2923753,0.0
2019-03-20,110.01,112.98,109.95,112.19,4703874,0.0
2019-03-21,111.72,112.41,109.53,109.69,3065805,0.0
2019-03-24,108.13,109.22,106.26,107.14,4722953,0.0
2019-03-25,108.28,108.75,107.39,108.34,2399775,0.0
2019-03-26,108.39,108.83,105.4483,105.96,4081402,0.0
2019-03-27,105.99,106.4,103.63,104.91,4845927,0.0
2019-03-28,106.05,106.63,105.355,106.07,3042556,0.0
2019-03-31,107.99,108.96,106.93,108.63,2141823,0.0
2019-04-01,108.97,110.43,108.18,110.29,5991762,0.0
2019-04-02,111.88,114.145,111.4,112.75,6323564,0.0
2019-04-03,112.38,114.27,112.36,113.22,3539462,0.0
2019-04-04,113.81,114.12,113.31,113.62,2470394,0.0
2019-04-07,113.8,115.42,113.32,115.22,3809730,0.0
2019-04-08,114.55,114.665,113.25,113.95,3717831,0.0
2019-04-09,113.88,115.19,113.54,114.91,2318695,0.0
2019-04-10,115.06,115.425,114.13,114.88,2176272,0.0
2019-04-11,115.78,117.03,115.78,116.76,3818196,0.0
2019-04-14,116.61,117.365,114.02,115.08,3556402,0.0
2019-04-15,115.84,116.85,115.63,116.38,3495953,0.0
2019-04-16,116.97,117.85,114.91,115.6,5672668,0.0
2019-04-17,116.18,116.18,115.13,115.49,3893422,0.0
2019-04-21,114.53,115.15,113.65,114.98,3204968,0.0
2019-04-22,115.4,116.53,114.5201,116.37,5178976,0.0
2019-04-23,115,119.32,114.85,118.41,11738181,0.0
2019-04-24,117.84,118.42,115.65,117.175,4649321,0.0
2019-04-25,116,117.25,115.31,117.21,2929935,0.0
2019-04-28,116.73,117.34,116,116.7,2797280,0.0
2019-04-29,116.88,118.37,116.66,117.825,3534508,0.0
2019-04-30,118.06,118.92,116.2,116.3,2901794,0.0
2019-05-01,116.4,118.5699,116.28,117.46,3830815,0.0
2019-05-02,117.46,117.97,116.11,117.46,2765798,0.0
2019-05-05,114.12,116,113.5,115.87,3234285,0.0
2019-05-06,114,114.43,112.25,113.93,5106168,0.0
2019-05-07,112.82,114.75,112.48,112.57,4167067,0.0
2019-05-08,110.63,112.84,110.2,112.13,4432370,0.0
2019-05-09,111.86,113.13,109.36,112.61,3646036,0.0
2019-05-12,109.17,110.35,106.73,107.07,6644394,0.0
2019-05-13,108.21,109.85,107.88,109.04,3359417,0.0
2019-05-14,108,110.865,107.71,110.28,3536439,0.0
2019-05-15,108.93,110.63,108.104,109.21,3940882,0.0
2019-05-16,108.18,109.48,106.11,106.79,6196036,0.0
2019-05-19,103.09,105.89,103.09,104.73,6312372,0.0
2019-05-20,106.9,108,106.27,107.02,4215734,0.0
2019-05-21,106.59,107.89,106.35,106.77,2810543,0.0
2019-05-22,105.78,105.99,104.35,105.83,4044910,0.0
2019-05-23,106.53,107.49,104.92,105.03,2449202,0.0
2019-05-27,105.89,105.95,103.15,103.18,3390582,0.0
2019-05-28,102.66,104.9,101.57,104.08,4258656,0.0
2019-05-29,104.48,106.1,104.13,105.45,2941923,0.0
2019-05-30,104.32,106.12,104.05,104.3,3246803,0.0
2019-06-02,105.04,106.98,104.59,105.15,3910209,0.0
2019-06-03,107.16,109.25,106.35,109.13,4051451,0.0
2019-06-04,110,110.29,107.78,109.45,3456666,0.0
2019-06-05,109.51,110.67,108.79,110.19,3348248,0.0
2019-06-06,111.14,111.83,110.59,111.19,3492877,0.0
2019-06-09,111.76,113.51,111,112.63,3722254,0.0
2019-06-10,114.31,114.34,111.97,112.93,2959626,0.0
2019-06-11,112.48,112.7924,109.98,110.33,3408054,0.0
2019-06-12,110.76,111.36,110.32,111.185,5476738,0.0
2019-06-13,106.84,109.05,106.8,107.28,11060806,0.0
2019-06-16,107.3,108.0042,106.55,106.72,2722325,0.0
2019-06-17,108.3,111.57,107.58,111.04,4252517,0.0
2019-06-18,111.8,112.3,110.69,111.3,2043505,0.0
2019-06-19,113.87,114.35,111.71,112.67,2059892,0.0
2019-06-20,111.87,113.37,111.66,112.28,3690933,0.0
2019-06-23,112.17,113.09,111.82,112.75,1986447,0.0
2019-06-24,112.91,113.235,111.34,111.48,2095954,0.0
2019-06-25,113.41,115.02,112.77,114.43,2944936,0.0
2019-06-26,115.22,116.66,115.015,115.85,3171994,0.0
2019-06-27,116.44,116.83,114.5,114.57,3457956,0.0
2019-06-30,117.6,118.98,116.24,117.2,5004417,0.0
2019-07-01,116.99,117,115.11,116.08,3373446,0.0
2019-07-02,116.19,116.4,114.92,115.91,2034253,0.0
2019-07-04,114.82,116.07,114.37,115.76,2057184,0.0
2019-07-07,115.19,115.82,114.68,114.95,2401598,0.0
2019-07-08,114.6,115.92,114.39,115.78,2086612,0.0
2019-07-09,116.62,118.45,116.19,116.65,2993644,0.0
2019-07-10,116.6,116.98,115.89,116.72,2398567,0.0
2019-07-11,117.65,118.4,116.66,118.31,1755934,0.0
2019-07-14,118.5,120,118.49,119.84,3195733,0.0
2019-07-15,118.5,119.05,117.54,118.69,4032734,0.0
2019-07-16,118.44,118.49,116.76,117.17,3393028,0.0
2019-07-17,117.49,118.72,117.01,118.57,2394734,0.0
2019-07-18,118.75,119,117.0437,117.25,3700068,0.0
2019-07-21,117.98,118.49,117.57,118.17,2529895,0.0
2019-07-22,119.2,120.35,118.55,120.07,4892327,0.0
2019-07-23,126.5,129.8028,125.96,129,14787377,0.0
2019-07-24,128.59,128.8,126.57,127.37,7265672,0.0
2019-07-25,127.82,128.93,127.305,128.15,3973637,0.0
2019-07-28,128.2,130.37,127.93,129.96,4453195,0.0
2019-07-29,128.19,128.97,127.49,128.54,3086574,0.0
2019-07-30,127.82,128.57,123.04,125.01,5639061,0.0
2019-07-31,125.6,128.73,123.23,123.46,6792960,0.0
2019-08-01,123.19,123.92,121.19,121.8,5484574,0.0
2019-08-04,119.43,119.43,116.22,116.85,7050801,0.0
2019-08-05,118.36,119.35,117.03,118.96,3858135,0.0
2019-08-06,117.29,120.99,117.05,120.71,6809552,0.0
2019-08-07,121.98,124.56,121.38,124.34,4977471,0.0
2019-08-08,123.97,124.32,120.6,120.61,4960815,0.0
2019-08-11,119.61,121.065,119.47,120.08,2831281,0.0
2019-08-12,120.36,124.45,119.28,123.34,5544277,0.0
2019-08-13,120.7,122.21,120.16,120.6,3536188,0.0
2019-08-14,121.27,121.61,118.73,119.87,2967893,0.0
2019-08-15,121.28,123.21,119.85,122.81,3124624,0.0
2019-08-18,125.55,126.36,124.01,124.59,2520128,0.0
2019-08-19,124.23,125.22,123.41,124.27,2222884,0.0
2019-08-20,125.5,126.08,124.7,126.06,3003281,0.0
2019-08-21,126.11,126.6,124.19,125.21,2393488,0.0
2019-08-22,124.12,125.09,119.84,120.29,5259639,0.0
2019-08-25,122.46,122.47,120.51,121.72,2704456,0.0
2019-08-26,122.93,123.58,121.5299,122.2,2663533,0.0
2019-08-27,121.37,122.975,120.53,122.74,1757440,0.0
2019-08-28,124.18,125.31,123.39,123.52,2874657,0.0
2019-08-29,124.83,125.24,123.44,123.74,1770775,0.0
2019-09-02,123.05,123.48,120.67,121.69,2872994,0.0
2019-09-03,123.95,124.94,123.85,124.58,3252791,0.0
2019-09-04,126.75,129.01,126.15,126.8,4495609,0.0
2019-09-05,127.1,127.91,126.585,127.1003,2014939,0.0
2019-09-08,127.94,127.94,125.678,127.11,3315989,0.0
2019-09-09,126.01,127.06,124.9,126.98,3528059,0.0
2019-09-10,127,128.65,126.4,128.61,3596801,0.0
2019-09-11,129.2,130.92,128.37,130.25,3873752,0.0
2019-09-12,130.47,130.89,129.56,129.61,2079482,0.0
2019-09-15,128.76,129.48,128.09,128.34,2064135,0.0
2019-09-16,128.3,129.7,127.62,129.58,2181373,0.0
2019-09-17,129.56,129.56,127.2,129.32,1960976,0.0
2019-09-18,129.5,130.26,128.5,128.82,1784470,0.0
2019-09-19,128.3,128.75,126.22,126.53,6653366,0.0
2019-09-22,126.67,128.35,126.31,127.81,2803694,0.0
2019-09-23,128.77,128.8099,124.9,125.82,4391839,0.0
2019-09-24,125.3,128.33,124.53,127.74,2786505,0.0
2019-09-25,128.28,128.67,126.64,128.12,2250290,0.0
2019-09-26,129.52,129.64,125.86,127.14,4616367,0.0
2019-09-29,127.69,129.4,127.57,129.24,2908461,0.0
2019-09-30,130,131.8,127.59,128.59,4367727,0.0
2019-10-01,127.1,127.73,126.22,126.85,4517152,0.0
2019-10-02,127.42,129.2499,125.855,128.73,4597268,0.0
2019-10-03,129.31,130.31,128.99,130.13,6514531,0.0
2019-10-06,130.04,130.49,128.74,128.79,3406309,0.0
2019-10-07,127.42,127.8734,123.63,124.99,8250691,0.0
2019-10-08,126.75,128.18,126.33,127.43,4810194,0.0
2019-10-09,127.86,129.37,127.1,127.73,4473711,0.0
2019-10-10,130.1,131.76,129.56,130.07,8014358,0.0
2019-10-13,129.695,129.94,129.07,129.75,3695841,0.0
2019-10-14,130.28,132.2,129.79,131.7,4890363,0.0
2019-10-15,130.83,131.4513,129.19,129.51,7157691,0.0
2019-10-16,130.9,131.39,128.81,130.13,5363917,0.0
2019-10-17,129.79,130.42,128.55,129.42,7437556,0.0
2019-10-20,130.41,131.02,129.65,130.94,2358595,0.0
2019-10-21,130.27,131.1,128.23,128.52,4288782,0.0
2019-10-22,116.8,121.62,115.87,118.92,17392743,0.0
2019-10-23,118.81,120.24,117.32,118.44,5526134,0.0
2019-10-24,118.51,120.69,118.51,120.51,4085911,0.0
2019-10-27,121.06,122.1,119.24,119.99,5535999,0.0
2019-10-28,120.52,120.92,119.52,120.3,3988100,0.0
2019-10-29,119.73,120.0746,117.58,117.78,4885365,0.0
2019-10-30,117.65,118.31,116.49,118.01,3590657,0.0
2019-10-31,119.19,119.59,117.87,118.04,3720905,0.0
2019-11-03,119.92,121.405,119.48,120.97,4141618,0.0
2019-11-04,121.1,121.73,119.66,119.87,3456646,0.0
2019-11-05,119.67,120.55,118.86,120.34,3089895,0.0
2019-11-06,120.94,121.86,119.08,119.95,3318585,0.0
2019-11-07,119.7,120.14,118.8172,120.14,2871423,0.0
2019-11-10,119.07,119.7,117.97,118.075,4861254,0.0
2019-11-11,118.18,119.9099,118.16,119.015,4450915,0.0
2019-11-12,118.06,118.96,117.61,118.42,4436540,0.0
2019-11-13,118.19,118.356,116.78,117.57,4046908,0.0
2019-11-14,118.57,118.76,117.56,117.99,3980909,0.0
2019-11-17,117.92,118.29,117.17,117.89,4619584,0.0
2019-11-18,118.48,118.48,116.98,117.85,2729621,0.0
2019-11-19,117.25,117.7,115.49,116.24,3618171,0.0
2019-11-20,116.2,116.35,114.59,116.12,4725948,0.0
2019-11-21,116.73,117.5285,116.55,117.01,2536599,0.0
2019-11-24,117.79,119.47,117.71,119.01,2974659,0.0
2019-11-25,119.04,119.495,117.89,119.21,5437732,0.0
2019-11-26,119.91,121.81,119.5,121.81,3857787,0.0
2019-11-28,121.15,121.64,119.99,120.16,2835557,0.0
2019-12-01,120.12,120.19,117.91,118.8,3486658,0.0
2019-12-02,117.15,117.97,116.06,117.76,4330882,0.0
2019-12-03,119.98,121.47,119.41,120.28,3343864,0.0
2019-12-04,120.57,120.81,119.77,120.74,2205403,0.0
2019-12-05,122.21,122.7,121.875,122.41,2988534,0.0
2019-12-08,122.26,122.49,121.87,121.99,2178723,0.0
2019-12-09,122.19,122.99,121.1715,121.37,3590403,0.0
2019-12-10,121.28,123.84,121.2,123.71,2577392,0.0
2019-12-11,123.8,126.98,123.03,126.05,4683013,0.0
2019-12-12,125.96,127.47,125.39,126.65,2733928,0.0
2019-12-15,127.58,128.67,127.07,127.08,3046967,0.0
2019-12-16,127.84,128,125.97,127.08,3117799,0.0
2019-12-17,127.39,127.39,126,126.3,3137715,0.0
2019-12-18,126.34,126.48,125.0007,126.41,2895490,0.0
2019-12-19,127.25,129.04,125.85,128.99,5661501,0.0
2019-12-22,129,129.17,128.16,128.55,2380512,0.0
2019-12-23,128.73,128.85,127.885,128.51,959288,0.0
2019-12-25,128.71,128.75,128.05,128.49,1197136,0.0
2019-12-26,128.86,128.92,128.09,128.56,1419458,0.0
2019-12-29,128.2,128.47,127.04,127.67,1774525,0.0
2019-12-30,127.63,128.39,127.06,128.29,1826408,0.0
2020-01-01,129.13,129.61,127.77,129.61,3049810,0.0
2020-01-02,127.46,129.25,127.23,127.85,3221527,0.0
2020-01-05,127.06,127.33,125.9,126.96,2139612,0.0
2020-01-06,129.15,130.9,128.42,129.4,6378203,0.0
2020-01-07,129.34,130.57,129.06,129.8,2224075,0.0
2020-01-08,130.7,131.74,130.24,131.37,2443191,0.0
2020-01-09,131.81,131.81,129.82,130,2799950,0.0
2020-01-12,130.57,130.74,129.77,129.95,3185637,0.0
2020-01-13,129.95,131.86,129.83,130.67,3166834,0.0
2020-01-14,130.43,130.43,128.86,129.17,2807128,0.0
2020-01-15,130,130.23,129.355,130.17,3450019,0.0
2020-01-16,130.76,132.04,130.4397,131.7,4317467,0.0
2020-01-20,130.95,132.19,130.58,130.86,10960836,0.0
2020-01-21,132.02,135.7,131.32,133.36,13980548,0.0
2020-01-22,131.42,134.41,129.65,134.21,14998134,0.0
2020-01-23,134.8,135.44,129.75,130.5,8775275,0.0
2020-01-26,128.65,129.25,126.24,126.31,4789349,0.0
2020-01-27,127.15,128.31,126.76,128.04,3317046,0.0
2020-01-28,127.55,128.51,125.44,125.47,3938333,0.0
2020-01-29,123.36,124.665,122.22,124.43,4456193,0.0
2020-01-30,123.36,123.64,119.9599,120.63,4854759,0.0
2020-02-02,121.06,123.675,121.06,123.39,4504109,0.0
2020-02-03,126,127.32,125.36,126.5,3473569,0.0
2020-02-04,128.66,132.9054,128.66,132.44,6269465,0.0
2020-02-05,133,133,131.48,132.53,3228815,0.0
2020-02-06,131.25,131.25,128.51,128.7,3445544,0.0
2020-02-09,127.55,129.7,127.3,129.69,2079046,0.0
2020-02-10,130.5,131.98,130.13,130.66,2585629,0.0
2020-02-11,131.65,132.94,131.64,132.42,2184421,0.0
2020-02-12,131.88,133.39,131.1644,132.84,3185308,0.0
2020-02-13,133.48,133.62,131.2713,132.22,1973840,0.0
2020-02-17,131.1,131.78,130.59,131.24,2342391,0.0
2020-02-18,132.9,134.3,132.21,133.14,3087811,0.0
2020-02-19,132.61,133.26,130.34,131.47,1834822,0.0
2020-02-20,130.76,130.83,127.96,128.47,3398849,0.0
2020-02-23,124.01,125.26,121.25,121.39,5974160,0.0
2020-02-24,122.9,123.03,118.015,118.35,5303566,0.0
2020-02-25,119.29,120.64,117.63,118.8,4983336,0.0
2020-02-26,116.35,118.49,113.07,113.08,7261916,0.0
2020-02-27,109.45,116.12,108.61,114.17,9613268,0.0
2020-03-01,115.16,119.07,113.32,119.06,5794826,0.0
2020-03-02,118.38,120.12,112.21,113.81,7942699,0.0
2020-03-03,115.77,119.09,114.34,119.05,4343145,0.0
2020-03-04,115.17,117.21,113.71,114.71,4772282,0.0
2020-03-05,111.09,113.8732,110.14,113.19,10925324,0.0
2020-03-08,105.26,110.08,104.47,104.55,6794582,0.0
2020-03-09,108.83,112.14,104.745,112.13,7426135,0.0
2020-03-10,109.54,111.44,105.79,105.8,7911882,0.0
2020-03-11,99.42,104.73,96.55,97.1,13375061,0.0
2020-03-12,103.44,107.47,98.46,106.23,11739661,0.0
2020-03-15,95.88,104.5,93.09,93.49,20806890,0.0
2020-03-16,96.03,107.64,95.11,106.15,13441721,0.0
2020-03-17,100.05,105.82,94.15,100,25321820,0.0
2020-03-18,99.39,105,97.12,101.56,7931631,0.0
2020-03-19,104.5,105.5,97.1,97.58,9078189,0.0
2020-03-22,97.35,101.96,94.92,98.24,7847504,0.0
2020-03-23,102.145,105.68,99.46,105.4,7147547,0.0
2020-03-24,104.33,105.83,98.51,99.09,10321038,0.0
2020-03-25,99.4,108.84,99.01,107.93,8844318,0.0
2020-03-26,104,105,100.07,100.5,6362143,0.0
2020-03-29,100.4,103.44,100.3,102.01,5565147,0.0
2020-03-30,102.02,103.185,99.48,99.92,7534378,0.0
2020-03-31,96.1,100.37,96.07,96.84,6790276,0.0
2020-04-01,96.26,102.22,96.1,102.01,6671629,0.0
2020-04-02,102.44,103.64,98.85,99.93,5522710,0.0
2020-04-05,104.58,109.56,103.51,108.96,11084948,0.0
2020-04-06,111.69,112.93,105.83,106.24,6795773,0.0
2020-04-07,108.19,110.67,106.22,110.18,8609338,0.0
2020-04-08,111,112.21,107.08,107.74,5267878,0.0
2020-04-12,105.5,108.45,105.3,107.67,4340387,0.0
2020-04-13,109.52,111.4275,108.97,110.91,13999970,0.0
2020-04-14,109.08,109.14,106.76,107.98,8405601,0.0
2020-04-15,109.42,111.91,107.81,111.44,13930414,0.0
2020-04-16,111.61,114.06,110.73,113.53,10199992,0.0
2020-04-19,111.52,115.12,111.3,111.38,12717372,0.0
2020-04-20,110.2,110.75,106.5,106.92,22930491,0.0
2020-04-21,109.68,112.36,108.61,111.82,23229394,0.0
2020-04-22,111.74,113.9,110.18,110.46,13500224,0.0
2020-04-23,111.35,114,111.04,113.94,9477428,0.0
2020-04-26,114,116.24,113.02,115.79,12304260,0.0
2020-04-27,118.12,119.805,114.07,114.18,4707236,0.0
2020-04-28,115.93,119.68,115.87,119.41,3512400,0.0
2020-04-29,117.54,117.99,115.19,116.06,8263369,0.0
2020-04-30,112.38,113.25,109.45,109.7,4849126,0.0
2020-05-03,108.92,110.66,107.85,110.46,7804660,0.0
2020-05-04,111.5,113.19,110.8,111.55,3258500,0.0
2020-05-05,112.4,113.85,111.98,112.43,5659090,0.0
2020-05-06,113.89,114.93,112.62,113.65,2713090,0.0
2020-05-07,113.96,115.54,112.75,115,7072418,0.0
2020-05-10,113.41,115.77,113.41,114.85,4520485,0.0
2020-05-11,115.14,115.87,111.34,111.69,2694535,0.0
2020-05-12,112.92,112.92,107.38,109.09,4055791,0.0
2020-05-13,109,110.44,106.42,110.38,3545359,0.0
2020-05-14,106.54,108.37,105.45,108.25,10098842,0.0
2020-05-17,111.1829,115.15,110.26,114.41,5352247,0.0
2020-05-18,114.02,115.34,112.53,112.67,4029853,0.0
2020-05-19,115.14,118.83,114.64,117.49,8049834,0.0
2020-05-20,116.44,117.33,113.38,113.46,6411490,0.0
2020-05-21,113.53,113.87,112.32,113.41,4856314,0.0
2020-05-25,115.81,117.61,115.51,115.78,3807932,0.0
2020-05-26,116.43,117.97,115.54,117.82,3092649,0.0
2020-05-27,117.76,118.69,115.51,115.85,2667924,0.0
2020-05-28,116.81,119.26,115.66,118.75,2995879,0.0
2020-05-31,117.77,118.4,116.83,117.86,2282414,0.0
2020-06-01,118.6,122.93,117.84,122.82,5261211,0.0
2020-06-02,126.67,128.47,125.64,127.22,12090098,0.0
2020-06-03,126.38,129,126.29,128.59,4420456,0.0
2020-06-04,130.96,135.68,130.55,131.44,5934500,0.0
2020-06-07,130.66,133.285,129.63,132.87,7607039,0.0
2020-06-08,131.35,132.91,130.15,132.11,6175834,0.0
2020-06-09,132.45,132.79,130.99,131.4,3147712,0.0
2020-06-10,129.05,129.2208,124.33,124.6,9139944,0.0
2020-06-11,127.266,127.74,125.01,125.01,919369,0.0
2020-06-14,121.57,124.53,120.8,124.29,3728479,0.0
2020-06-15,128.27,129.13,124.475,126.11,5469790,0.0
2020-06-16,127.06,127.865,125.87,126.18,2157415,0.0
2020-06-17,125.73,126.63,125.09,126.01,4792345,0.0
2020-06-18,128.06,128.24,123.97,125.01,4855821,0.0
2020-06-21,124.77,125.46,123.11,125.34,2848583,0.0
2020-06-22,126.63,128.095,126,126.6,2984280,0.0
2020-06-23,125.29,126.8,123.13,123.93,3724334,0.0
2020-06-24,124,125.34,122.35,125.06,2181069,0.0
2020-06-25,124.63,124.8908,122.3965,123.37,3030717,0.0
2020-06-28,123.85,124.95,122.42,124.8,2951532,0.0
2020-06-29,124.4,127.7,124.35,126.92,3324434,0.0
2020-06-30,126.6,126.86,124.67,124.77,2712950,0.0
2020-07-01,126.39,127.17,125.02,125.79,3042541,0.0
2020-07-05,127.51,130.53,126.2,129.53,3610881,0.0
2020-07-06,128.73,129.47,128.25,128.56,3058531,0.0
2020-07-07,129.67,129.74,127.69,129.31,1948705,0.0
2020-07-08,128.79,131.99,126.9,130.38,4284011,0.0
2020-07-09,130.22,131.235,128.96,130.48,2095230,0.0
2020-07-12,132,133.59,128.49,128.8,4110519,0.0
2020-07-13,127.79,132.23,126.71,131.89,3521638,0.0
2020-07-14,131.43,132.45,130.09,132.18,2627816,0.0
2020-07-15,130.85,132.69,130.51,132.15,2631370,0.0
2020-07-16,133.51,135,132.25,133.88,3548506,0.0
2020-07-19,134.2,137,133.19,136.58,3702600,0.0
2020-07-20,137.0881,137.65,135.26,135.5,6363044,0.0
2020-07-21,134.6,135.18,130.49,132.52,9521020,0.0
2020-07-22,133,133.15,128.59,129.04,4948219,0.0
2020-07-23,129.75,131.97,128.11,129.61,4404278,0.0
2020-07-26,130.35,132.33,130.04,132.13,2941145,0.0
2020-07-27,130.9,131.81,129.72,130.13,3026794,0.0
2020-07-28,130.93,132.3,130.59,131.64,2342283,0.0
2020-07-29,128.45,129.87,127.74,128.89,3342745,0.0
2020-07-30,128.35,128.6,125.43,127.51,6774392,0.0
2020-08-02,128.15,129.5,127.68,129.32,2721377,0.0
2020-08-03,129.04,132.33,128.71,132.28,3976737,0.0
2020-08-04,130.5,132.79,130.48,132.72,3744211,0.0
2020-08-05,132.59,133.82,132.03,133.75,2513836,0.0
2020-08-06,133.74,134.11,132.47,133.59,2112472,0.0
2020-08-09,133.46,135.81,132.47,135.41,3264055,0.0
2020-08-10,136.81,138.83,135.65,136,4825383,0.0
2020-08-11,137.47,139.1399,136.65,138.64,2476823,0.0
2020-08-12,138.11,138.6,136.95,137.11,2472038,0.0
2020-08-13,137.73,138.31,137,137.35,1688324,0.0
2020-08-16,137.86,139.24,137.63,138.28,1850094,0.0
2020-08-17,138.96,139.455,138.2,139.29,2299824,0.0
2020-08-18,139.67,140.88,138.03,138.48,2915034,0.0
2020-08-19,137.31,139.13,136.62,138.57,2349178,0.0
2020-08-20,138.12,140.49,137.19,140.37,3227164,0.0
2020-08-23,140.86,141.81,139.9196,141.06,1897826,0.0
2020-08-24,141.58,142.215,140.98,141.71,2252708,0.0
2020-08-25,141.32,142.69,141.12,142.45,2000953,0.0
2020-08-26,143.06,143.23,140.52,141.49,2419188,0.0
2020-08-27,141.51,143.59,141.1,143.49,2141411,0.0
2020-08-30,142.65,143.27,141.82,142.04,2385380,0.0
2020-08-31,143,145.06,142.04,144.96,2936208,0.0
2020-09-01,146.45,148.37,145.49,147.68,3622823,0.0
2020-09-02,147,147.44,140.56,141.67,4555972,0.0
2020-09-03,140.85,142.52,137.71,140.44,4266451,0.0
2020-09-07,136.2,138.71,135.75,136.0362,4549686,0.0
2020-09-08,138.21,140.85,137.19,139.68,3243036,0.0
2020-09-09,140.27,140.61,136.22,137.2,2855177,0.0
2020-09-10,138.22,139,135.25,136.38,3017029,0.0
2020-09-13,138.3188,139.11,137.63,138.53,2300054,0.0
2020-09-14,139.79,141.82,139.36,140.72,2157826,0.0
2020-09-15,142.09,142.13,139.61,139.63,2859755,0.0
2020-09-16,136.42,140.53,135.9166,140.47,3527261,0.0
2020-09-17,141.14,141.8,137,138.55,4504773,0.0
2020-09-20,135.87,137.12,134.32,136.98,4306334,0.0
2020-09-21,137.78,138.82,135.63,138.645,2573984,0.0
2020-09-22,139.09,139.09,134.72,135.17,4068441,0.0
2020-09-23,134.12,138.32,134.12,136.68,2326279,0.0
2020-09-24,135.95,139.1,134.75,138.36,2341736,0.0
2020-09-27,140.22,142,139.72,141.94,2400729,0.0
2020-09-28,142.29,143.0532,141.22,141.53,2103969,0.0
2020-09-29,141.16,144.2501,140.515,142.71,3485222,0.0
2020-09-30,145.44,147.22,143.99,144.94,2990362,0.0
2020-10-01,142.08,143.93,140.84,141.09,2713254,0.0
2020-10-04,142.29,144.23,141.57,144.12,2103459,0.0
2020-10-05,143.85,147.14,142.97,143.85,2586489,0.0
2020-10-06,145.34,147.29,144.81,146.75,2126819,0.0
2020-10-07,146.83,148.31,146.56,148.12,1780387,0.0
2020-10-08,150.08,151.52,148.85,151,2913459,0.0
2020-10-11,152.58,155.76,151.83,154.96,4217207,0.0
2020-10-12,155.29,155.88,153.68,154.41,2778105,0.0
2020-10-13,154.5,154.73,152.18,152.71,2045586,0.0
2020-10-14,151.82,153.05,150.86,152.55,2308446,0.0
2020-10-15,153.97,154.92,152.74,153.12,3072042,0.0
2020-10-18,153.28,154.92,150.26,150.73,2986103,0.0
2020-10-19,151.79,152.24,149.685,150.69,3169507,0.0
2020-10-20,149.1,149.46,144.6602,146.04,5645779,0.0
2020-10-21,146.82,148.88,145.83,148.27,2517047,0.0
2020-10-22,148.42,150,148.32,149.99,2794355,0.0
2020-10-25,148.2,148.5,144.22,145.93,3052812,0.0
2020-10-26,147.63,148.33,146.5493,147.12,3058906,0.0
2020-10-27,144.7,145.86,141.76,143,5996106,0.0
2020-10-28,141.69,147.31,141.33,146.19,4279210,0.0
2020-10-29,145,145.95,142.53,144.62,4029791,0.0
2020-11-01,146.46,146.9,144.22,145.59,2591652,0.0
2020-11-02,146.86,148.59,146.66,147.29,2871466,0.0
2020-11-03,150.8,153.5,148.44,152.03,3953857,0.0
2020-11-04,154.84,156.3,154.15,155.57,2670614,0.0
2020-11-05,156.0457,158.21,154.94,157.74,2954904,0.0
2020-11-08,162,164.63,156.06,156.22,4218279,0.0
2020-11-09,155.38,156.35,151.02,151.44,4150175,0.0
2020-11-10,154.935,155.94,153.64,155.7,2585856,0.0
2020-11-11,156.02,156.93,153.67,154.5,2026918,0.0
2020-11-12,156.64,157.98,155.16,156.81,1375774,0.0
2020-11-15,157.266,159.385,156.62,157.6123,1579118,0.0
2020-11-16,157.39,158.31,155.18,155.5,3051865,0.0
2020-11-17,155.74,156.34,153.41,153.42,2043166,0.0
2020-11-18,153.12,157.43,152.71,157.28,1881887,0.0
2020-11-19,157.32,158.75,156.55,156.72,2365522,0.0
2020-11-22,156.8983,158.71,155.14,157.43,2196227,0.0
2020-11-23,158.62,159.46,156.69,159.4,3518065,0.0
2020-11-24,159.55,160.02,157.26,157.6,3139084,0.0
2020-11-26,159.38,160.29,158.78,158.99,2818292,0.0
2020-11-29,159.23,161.51,157.72,161.28,2544703,0.0
2020-11-30,162.63,164.33,161.63,163.54,3485929,0.0
2020-12-01,162.79,163.575,161.82,162.78,3311104,0.0
2020-12-02,163.16,164.56,161.6,161.98,2542659,0.0
2020-12-03,163.01,166.6,162.52,166.6,2897195,0.0
2020-12-06,166.37,166.45,165.235,166.38,2263469,0.0
2020-12-07,166.3,167.24,165,166.56,2236935,0.0
2020-12-08,164.8,166.47,161.96,162.67,3539791,0.0
2020-12-09,162.16,162.87,160.78,161.94,2837936,0.0
2020-12-10,160.61,161.95,159.63,160.6,3011924,0.0
2020-12-13,161.45,162.75,159.99,160.01,3030470,0.0
2020-12-14,162.02,162.73,161.21,162.38,4632668,0.0
2020-12-15,162.94,163.36,160.92,162.12,2312227,0.0
2020-12-16,162.91,163.01,161.41,162.71,2291175,0.0
2020-12-17,163.37,164.61,162.1,164.07,2906558,0.0
2020-12-20,161.55,162.8,159.56,162.52,2088121,0.0
2020-12-21,162.19,163.46,162.06,162.54,1425910,0.0
2020-12-22,162.2,163.23,160.81,160.91,1428363,0.0
2020-12-23,160.72,161.85,160.48,161.63,867875,0.0
2020-12-27,163.765,163.765,161,161.48,1768386,0.0
2020-12-28,161.96,162.68,160.57,161.17,2088198,0.0
2020-12-29,161.89,163.125,161.76,162.52,1658761,0.0
2020-12-30,162.87,164.39,161.89,164.08,2080980,0.0
2021-01-03,164.6,167.84,160.755,162.21,3633447,0.0
2021-01-04,161.7,163.53,161.28,163.48,2682098,0.0
2021-01-05,162.3,167.45,162.07,164.19,3419701,0.0
2021-01-06,165.33,168.7,164.82,167.9,3944792,0.0
2021-01-07,171.115,172.75,168.86,171.18,3583989,0.0
2021-01-10,170.24,172.04,169.14,171.31,2505127,0.0
2021-01-11,171.29,173.66,170.97,172.28,2499265,0.0
2021-01-12,172.29,172.85,170.87,171.41,2054227,0.0
2021-01-13,171.1,172.54,170.35,171.72,2254042,0.0
2021-01-14,170.98,171.09,167.57,169.2,2470620,0.0
2021-01-18,171.185,174.7,171.185,174.18,4088037,0.0
2021-01-19,174.842,175.18,172.79,173.33,3220560,0.0
2021-01-20,174.42,175.4673,172.11,175.11,2888131,0.0
2021-01-21,174.49,175.45,172.75,172.77,2711380,0.0
2021-01-24,173.365,174.57,170.68,173,3524129,0.0
2021-01-25,172.07,174.28,171.3,171.58,4429628,0.0
2021-01-26,166.445,167.6186,162.0356,162.92,7949372,0.0
2021-01-27,167.88,171.1,165.14,169.07,5404119,0.0
2021-01-28,166.65,168,164.02,165.73,4569530,0.0
2021-01-31,167.36,173,167.02,172.47,4659558,0.0
2021-02-01,173.05,175.7,172.01,174.76,3962691,0.0
2021-02-02,174.7837,175.2625,168.5,168.5,4198244,0.0
2021-02-03,169.96,172.12,168.0571,172.01,2609306,0.0
2021-02-04,172.8,173.18,168.06,169.94,3321068,0.0
2021-02-07,171.34,175.39,170.84,175.2,3580994,0.0
2021-02-08,174.495,175.22,173.3322,173.66,2292502,0.0
2021-02-09,175.2,176.14,172.62,174.43,2457227,0.0
2021-02-10,176,179.65,175.44,179.23,3491539,0.0
2021-02-11,178,179.9,177.33,179.64,2115616,0.0
2021-02-15,180,181.8,178.835,180.78,2945285,0.0
2021-02-16,178.32,180.21,176.36,178.58,2710522,0.0
2021-02-17,177.43,177.52,174.2,176.52,3116933,0.0
2021-02-18,177.86,179.57,176.64,178.34,3361683,0.0
2021-02-21,176,176.92,172.68,173.09,3071452,0.0
2021-02-22,174.17,174.4364,168.51,172.84,5286833,0.0
2021-02-23,171.63,179.77,170.57,179.46,3847634,0.0
2021-02-24,178.5,178.5,170.06,170.37,4611864,0.0
2021-02-25,173.28,173.85,169.13,172.27,4151925,0.0
2021-02-28,174.5,177.86,173.09,177.67,3533155,0.0
2021-03-01,177.57,177.66,174.15,174.89,3674836,0.0
2021-03-02,174.09,175.62,170.36,170.52,3538582,0.0
2021-03-03,170.495,170.85,161.67,163.36,6442383,0.0
2021-03-04,167.5379,168.83,162.03,167.87,4474949,0.0
2021-03-07,166.39,168.27,161.77,162.11,4512456,0.0
2021-03-08,167.17,171.85,166.29,170.38,5618875,0.0
2021-03-09,171.65,173,169.31,169.42,3492724,0.0
2021-03-10,172.51,175.6,172.47,175.03,3757501,0.0
2021-03-11,173.02,174.1,170.745,173.57,2382928,0.0
2021-03-14,173.47,175.09,171.76,174.91,2775448,0.0
2021-03-15,176.25,178.81,175.83,177.16,3155514,0.0
2021-03-16,175.44,180.18,174.42,179.42,3047859,0.0
2021-03-17,176.16,179.77,174.24,174.29,3162708,0.0
2021-03-18,175.69,178.0499,172.45,175.98,3769715,0.0
2021-03-21,178.29,181.69,177.75,180.13,2950744,0.0
2021-03-22,181.91,182.57,177.71,178.78,3163554,0.0
2021-03-23,179.99,182.69,178.78,178.8,3494463,0.0
2021-03-24,177.53,179.44,173.75,178.47,3319403,0.0
2021-03-25,177.76,188.87,177.0104,188.36,4684228,0.0
2021-03-28,184.85,187.7,183.74,186.12,3488481,0.0
2021-03-29,187.89,188.51,184.62,186.04,3501272,0.0
2021-03-30,187.6,190.45,186.53,189.02,3497201,0.0
2021-03-31,191.11,192.54,190.02,192.11,3501126,0.0
2021-04-04,193.61,197.58,193.63,196.96,3352134,0.0
2021-04-05,194.22,196.84,193.04,194.59,2501342,0.0
2021-04-06,194.52,194.4899,191.51,193.09,2726690,0.0
2021-04-07,196.24,196.09,193.35,195.23,2444067,0.0
2021-04-08,193.31,195.56,192.74,195.43,2124438,0.0
2021-04-11,192.96,194.72,191.34,192.43,3136358,0.0
2021-04-12,192.14,193,189.76,191.24,2700268,0.0
2021-04-13,190.46,191.5,189.01,190.39,2531214,0.0
2021-04-14,192.42,193.53,190.82,193.16,3424685,0.0
2021-04-15,193.07,194.78,191.64,191.79,3789478,0.0
2021-04-18,190.3454,191.1,186.72,186.99,3226251,0.0
2021-04-19,186.92,186.98,184.28,185.27,3214536,0.0
2021-04-20,187.75,189.14,184.96,188.89,2899204,0.0
2021-04-21,186.78,188.79,184.77,185.81,2837524,0.0
2021-04-22,187.02,190.01,186.51,188.82,2196455,0.0
2021-04-25,188.34,192.18,187.885,191.41,2632268,0.0
2021-04-26,191.13,192.51,189.78,190.17,3115193,0.0
2021-04-27,181.9,184,180,181.83,8461491,0.0
2021-04-28,183.53,186.05,182.65,185.83,3820457,0.0
2021-04-29,182.6,182.8956,179.13,180.58,3860109,0.0
2021-05-02,181.46,181.7999,177.56,178.8,4373460,0.0
2021-05-03,178.08,179.25,175.53,179.02,4056268,0.0
2021-05-04,181,183.175,179.475,181.65,4327771,0.0
2021-05-05,181.9,184.84,179.95,184.28,3350004,0.0
2021-05-06,186.71,188.1,185.42,187.83,3764717,0.0
2021-05-09,187.29,187.29,181.82,182.05,3407416,0.0
2021-05-10,178.01,183.53,177.41,183.23,4001580,0.0
2021-05-11,179.71,180.1,176.27,176.62,4110119,0.0
2021-05-12,179.67,180.63,177.25,179.07,3405978,0.0
2021-05-13,181.03,184.92,179.5,183.24,3185272,0.0
2021-05-16,182.11,182.38,178.85,180.83,3131257,0.0
2021-05-17,181.11,181.86,178.59,178.87,2895827,0.0
2021-05-18,175.35,181.93,175,181.75,3522933,0.0
2021-05-19,182.56,186.54,182.2792,185.28,4005819,0.0
2021-05-20,186.7,186.7,184.1401,185.05,2944679,0.0
