Date,Open,High,Low,Close,Volume,OpenInterest
2017-05-31,90.55,92.29,90.38,92.28,675863,0.0
2017-06-01,92.24,92.77,91.8049,92.54,326153,0.0
2017-06-04,92.45,93,92.28,92.52,264671,0.0
2017-06-05,92.23,92.72,92.04,92.07,629249,0.0
2017-06-06,92.23,92.85,91.94,92.26,560949,0.0
2017-06-07,92.48,93,91.73,92.95,310961,0.0
2017-06-08,93.28,93.78,91.46,92.32,487400,0.0
2017-06-11,91.84,92.185,90.84,91.11,884187,0.0
2017-06-12,91.43,92.29,91.34,91.59,722223,0.0
2017-06-13,91.82,92.47,91.07,91.66,793247,0.0
2017-06-14,91.08,92.19,90.47,92.19,288867,0.0
2017-06-15,92.31,92.69,91.73,92.469,394882,0.0
2017-06-18,92.99,93.92,92.92,93.65,331288,0.0
2017-06-19,93.68,93.68,92.54,92.64,315437,0.0
2017-06-20,92.9,93.41,92.52,93.24,316841,0.0
2017-06-21,93.17,94.23,92.71,93.52,258098,0.0
2017-06-22,93.63,94.26,93.39,93.94,362328,0.0
2017-06-25,94.17,94.93,93.52,93.58,410814,0.0
2017-06-26,93.53,94.31,92.73,92.79,292823,0.0
2017-06-27,93.16,93.83,92.54,93.76,280656,0.0
2017-06-28,93.73,93.73,92.13,93.51,691893,0.0
2017-06-29,93.32,93.9,92.94,93,1958608,0.0
2017-07-02,93.5,94.23,92.905,93.9,390590,0.0
2017-07-04,94.05,95.76,94.05,94.44,1182026,0.0
2017-07-05,94.27,94.332,93.23,93.28,473768,0.0
2017-07-06,93.37,95.39,93.14,94.45,1438118,0.0
2017-07-09,94.48,96.16,94.31,95.33,892548,0.0
2017-07-10,95.24,95.86,94.7,95.65,320175,0.0
2017-07-11,96.15,97.07,95.81,96.92,489443,0.0
2017-07-12,96.64,97.5,95.9,97.19,589982,0.0
2017-07-13,97.31,97.36,96.85,96.94,337104,0.0
2017-07-16,96.99,98.075,96.63,98.01,505747,0.0
2017-07-17,97.94,98.51,97.345,98.43,364256,0.0
2017-07-18,98.68,98.98,98.09,98.61,517877,0.0
2017-07-19,98.87,99.11,98.55,98.85,334413,0.0
2017-07-20,98.51,99.47,98.5,98.94,318527,0.0
2017-07-23,98.87,100.28,98.87,99.98,338980,0.0
2017-07-24,99.96,101.68,99.49,100.97,616179,0.0
2017-07-25,101.32,101.85,100.68,101.83,422948,0.0
2017-07-26,102.34,102.73,100.96,101.95,668699,0.0
2017-07-27,103.37,103.79,101.35,102.45,710724,0.0
2017-07-30,102.64,102.77,101.11,101.16,724043,0.0
2017-07-31,101,101.16,99.33,99.37,790814,0.0
2017-08-01,99.3,100.39,98.96,99.4,573953,0.0
2017-08-02,99.42,100.45,99.03,100.06,386408,0.0
2017-08-03,100.38,100.38,99.05,99.29,435005,0.0
2017-08-06,99.25,99.719,99.01,99.31,330713,0.0
2017-08-07,99.28,99.51,98.36,98.72,493695,0.0
2017-08-08,98.16,99.86,98.01,99.76,568499,0.0
2017-08-09,99.29,99.65,97.52,97.74,669470,0.0
2017-08-10,97.75,98.21,97.15,97.95,335202,0.0
2017-08-13,98.69,99.27,98.4,98.85,228803,0.0
2017-08-14,99.16,99.16,97.99,98.57,383510,0.0
2017-08-15,98.74,99.75,98.63,99.24,300088,0.0
2017-08-16,98.84,99.44,97.91,97.93,331966,0.0
2017-08-17,97.79,98.77,97.381,98.2,373610,0.0
2017-08-20,98.11,99.23,97.96,98.96,430865,0.0
2017-08-21,99.03,100.51,98.95,100.24,323718,0.0
2017-08-22,99.84,101.15,99.84,101.03,389926,0.0
2017-08-23,101.12,101.65,100.3101,101.5,427549,0.0
2017-08-24,101.78,102.12,101.3,101.45,267526,0.0
2017-08-27,101.93,102.51,101.58,102.24,352273,0.0
2017-08-28,101.81,102.24,101.55,101.63,436572,0.0
2017-08-29,101.54,102.62,101.27,102.52,333451,0.0
2017-08-30,103,103.9101,102.2001,103.73,597849,0.0
2017-08-31,104.18,104.25,103.62,103.95,414432,0.0
2017-09-04,103.65,103.94,102.18,102.54,488091,0.0
2017-09-05,102.67,103.03,102.06,102.8,436681,0.0
2017-09-06,103.04,103.67,102.51,103.48,270763,0.0
2017-09-07,103.49,104.295,103.07,103.31,258975,0.0
2017-09-10,103.8,104.86,103.28,104.68,445298,0.0
2017-09-11,104.73,105,103.44,103.73,260957,0.0
2017-09-12,103.61,103.78,102.86,103.28,304362,0.0
2017-09-13,103.11,103.56,102.34,103.38,248427,0.0
2017-09-14,103.42,104.6,103.03,104.34,451699,0.0
2017-09-17,104.69,105.2999,104.31,105.07,366845,0.0
2017-09-18,105.26,105.81,104.72,105.43,451492,0.0
2017-09-19,105.52,106.04,104.831,105.91,361702,0.0
2017-09-20,106,106.24,105.22,105.77,356294,0.0
2017-09-21,105.38,106.18,104.18,104.57,459612,0.0
2017-09-24,104.37,104.42,102.84,103.38,290188,0.0
2017-09-25,104.06,104.54,103.33,104.25,350347,0.0
2017-09-26,104.74,105.99,104.45,104.74,443461,0.0
2017-09-27,104.63,105.85,104.22,105.65,369702,0.0
2017-09-28,106,106.81,105.06,106.38,359574,0.0
2017-10-01,106.76,107.705,106.34,106.47,407310,0.0
2017-10-02,106.63,108.05,106.17,107.98,533589,0.0
2017-10-03,107.71,108.88,107.36,108.57,360887,0.0
2017-10-04,108.76,108.92,107.98,108.92,308473,0.0
2017-10-05,108.97,109.97,108.56,109.92,272285,0.0
2017-10-08,110.06,110.82,109.52,109.76,453951,0.0
2017-10-09,109.77,109.93,107.95,108.13,432643,0.0
2017-10-10,107.89,108.54,107.62,108.28,361569,0.0
2017-10-11,108.3,109.24,107.95,108,542876,0.0
2017-10-12,108.28,108.86,108.04,108.22,662779,0.0
2017-10-15,108.5,108.78,108.11,108.46,293016,0.0
2017-10-16,108.14,109.15,107.69,108.545,534560,0.0
2017-10-17,108.8,109.69,108.46,109.29,401998,0.0
2017-10-18,109,109,107.38,108.19,560240,0.0
2017-10-19,108.91,109.65,108.6,108.93,503625,0.0
2017-10-22,109.08,109.28,107.7,107.97,376920,0.0
2017-10-23,108.36,109.08,107.87,108.9,302713,0.0
2017-10-24,108.74,109.13,107.73,107.75,564216,0.0
2017-10-25,108.47,109.385,108.3,109.26,605851,0.0
2017-10-26,107.63,109.32,106.4,109.1,1004550,0.0
2017-10-29,108.8,109.1,106.84,107.59,567660,0.0
2017-10-30,107.54,107.92,106.96,107.53,472663,0.0
2017-10-31,108.14,109.68,107.6,108.86,520181,0.0
2017-11-01,108.69,109.77,108.24,109.39,501166,0.0
2017-11-02,109.35,110.085,108,108.49,664788,0.0
2017-11-05,108.53,109.95,108.25,109.83,450623,0.0
2017-11-06,109.69,109.94,108.8701,109.11,386945,0.0
2017-11-07,109.16,110.14,108.59,109.97,549446,0.0
2017-11-08,109.46,109.62,108.46,109.43,344002,0.0
2017-11-09,108.92,109.91,108.63,109.74,377103,0.0
2017-11-12,109.66,111.37,109.59,111.2,488040,0.0
2017-11-13,110.66,111.71,110.015,111.17,404907,0.0
2017-11-14,110.7,111.18,109.5,110.44,359047,0.0
2017-11-15,110.46,113.62,110.46,112.99,535315,0.0
2017-11-16,112.8,114,112.6,113.75,597829,0.0
2017-11-19,114.05,115.49,113.915,115.1625,584321,0.0
2017-11-20,116.03,117.13,115.58,116.05,798941,0.0
2017-11-21,116.14,116.58,115.6,115.76,501526,0.0
2017-11-23,116.2,117.5,115.8,117.26,220558,0.0
2017-11-26,117.25,117.78,116.64,117.07,396176,0.0
2017-11-27,117.63,118.28,116.7,117.04,546543,0.0
2017-11-28,117,117,113.97,114.74,555763,0.0
2017-11-29,114.81,115.84,114.42,115.1,675663,0.0
2017-11-30,115.36,115.76,112.99,114.99,555438,0.0
2017-12-03,115.36,115.5,112.31,112.56,503705,0.0
2017-12-04,112.36,113.67,111.73,112.45,558585,0.0
2017-12-05,112.05,113.21,111.61,112.39,467838,0.0
2017-12-06,112.11,113.71,112.11,112.82,1053027,0.0
2017-12-07,113.1,113.57,112.52,112.94,467699,0.0
2017-12-10,113.23,114.441,113.23,114.3,350265,0.0
2017-12-11,114.51,114.805,113.91,114.38,364004,0.0
2017-12-12,114.33,115.46,113.6,113.78,543676,0.0
2017-12-13,114.11,114.67,114,114.14,348767,0.0
2017-12-14,114.53,115.2,114.1,114.97,522078,0.0
2017-12-17,115.9,117.13,115.4,116.13,458274,0.0
2017-12-18,116.14,116.36,114.54,115.55,572779,0.0
2017-12-19,116.09,116.5,114.83,116.01,363493,0.0
2017-12-20,116.11,116.5,114.04,114.2,437111,0.0
2017-12-21,114.37,114.37,113.1601,113.99,295623,0.0
2017-12-25,113.35,114.22,112.51,113.93,438154,0.0
2017-12-26,113.9,114.5399,113.69,114.38,226476,0.0
2017-12-27,114.65,115.6,114.37,115.49,275744,0.0
2017-12-28,115.76,116.43,114.38,114.47,333903,0.0
2018-01-01,114.69,115.13,109.32,109.45,1083978,0.0
2018-01-02,109.53,111.03,108.55,110.89,846182,0.0
2018-01-03,111.54,112.35,110.6,111.46,473368,0.0
2018-01-04,111.79,113.02,111.58,112.99,324848,0.0
2018-01-07,112.44,114.6,112.27,114.28,384120,0.0
2018-01-08,114.79,114.79,112.11,112.97,539118,0.0
2018-01-09,112.43,112.61,111.74,111.97,379615,0.0
2018-01-10,112.32,112.81,111.6,112.25,459635,0.0
2018-01-11,112.23,113.79,112.01,113.59,459467,0.0
2018-01-15,113.75,114.03,112.5,112.67,339371,0.0
2018-01-16,113.07,114.47,112.36,113.99,402249,0.0
2018-01-17,114.09,115.17,114.09,114.54,502309,0.0
2018-01-18,115.07,115.26,114.1,114.5,563330,0.0
2018-01-21,114.48,115.08,114.25,114.45,432281,0.0
2018-01-22,114.4,115.99,114.31,115.78,416310,0.0
2018-01-23,116.07,116.62,115.35,115.78,314063,0.0
2018-01-24,116.28,116.635,115.63,115.98,406564,0.0
2018-01-25,116.62,116.63,115.15,115.31,442104,0.0
2018-01-28,114.89,115.44,111.92,112.42,691151,0.0
2018-01-29,111.65,113.12,111.51,112.15,274701,0.0
2018-01-30,112.35,115.32,112.22,114.94,554038,0.0
2018-01-31,114.21,116.34,113.6401,114.68,635592,0.0
2018-02-01,113.85,114.42,112.46,112.5,503234,0.0
2018-02-04,111.9,113.3299,108.7,108.73,647049,0.0
2018-02-05,106.92,109.85,106.091,109.43,818686,0.0
2018-02-06,109.11,110.91,108.19,109.12,622268,0.0
2018-02-07,109.24,110.16,105.53,105.62,880970,0.0
2018-02-08,107.3,110.63,105.4,109.06,1801303,0.0
2018-02-11,109.56,111.53,109.28,111.03,561480,0.0
2018-02-12,110.45,111.41,109.2,110.57,639250,0.0
2018-02-13,110.18,114.03,110,113.98,595764,0.0
2018-02-14,114.8,116.48,114.17,116.37,757819,0.0
2018-02-15,116.47,121.61,116.23,120.56,1232352,0.0
2018-02-19,119.7,120,116.18,116.34,1285587,0.0
2018-02-20,116.83,118.11,115.58,115.71,865599,0.0
2018-02-21,116.47,117.73,114.53,114.91,718581,0.0
2018-02-22,115.49,118.12,114.7892,117.64,435838,0.0
2018-02-25,118.46,118.99,116.62,117.26,491723,0.0
2018-02-26,117.59,118.48,116.41,116.43,595737,0.0
2018-02-27,117.1,118.36,116,116.02,438898,0.0
2018-02-28,116.06,116.86,113.78,115.02,555970,0.0
2018-03-01,113.97,115.99,113.04,115.76,442302,0.0
2018-03-04,115.1,117.4,114.88,117.25,357074,0.0
2018-03-05,117.65,118.45,116.12,117.43,403615,0.0
2018-03-06,116.61,118.49,116.32,117.93,731033,0.0
2018-03-07,117.43,118.44,116.66,118.33,614180,0.0
2018-03-08,119.28,120.91,117.76,120.45,798700,0.0
2018-03-11,120.72,120.99,119.835,120.24,715323,0.0
2018-03-12,121.24,122.52,120.08,120.51,891448,0.0
2018-03-13,121,125.07,120.21,123.02,1568812,0.0
2018-03-14,123.77,126.5,123.77,125.31,1430066,0.0
2018-03-15,125.57,127.24,125.57,125.91,1216390,0.0
2018-03-18,125.14,126.39,123.14,124.21,1100633,0.0
2018-03-19,124.72,126.28,124.72,125.2,724184,0.0
2018-03-20,125.13,126.5,124.37,124.59,693510,0.0
2018-03-21,122.81,125.16,122.58,122.65,667805,0.0
2018-03-22,123.06,124.39,119.43,119.48,951003,0.0
2018-03-25,121.31,122.81,119.36,121.47,1024702,0.0
2018-03-26,121.57,122.63,116.74,117.47,1117472,0.0
2018-03-27,117.78,119.07,115.66,116.4,916137,0.0
2018-03-28,116.93,119.73,116.32,118.56,826890,0.0
2018-04-01,118.17,119.54,115.015,115.72,743108,0.0
2018-04-02,116.86,117.8,115.595,117.17,818198,0.0
2018-04-03,115.16,118.12,114.011,117.84,619823,0.0
2018-04-04,119.07,120.32,118.33,119.23,645594,0.0
2018-04-05,118.3,119.81,117.08,117.69,730150,0.0
2018-04-08,118.12,120.25,118.12,118.3,702677,0.0
2018-04-09,120.37,120.98,119.115,120.54,627518,0.0
2018-04-10,120.09,121.58,120.09,120.39,633794,0.0
2018-04-11,121.33,123.05,121.12,121.7,540703,0.0
2018-04-12,122.3,123.26,121.48,121.99,718825,0.0
2018-04-15,122.8,124.21,122.78,123.8,618997,0.0
2018-04-16,125.07,125.97,124.56,125.76,864275,0.0
2018-04-17,126.17,127.09,125.39,126.64,863068,0.0
2018-04-18,126.52,127.155,125.05,125.19,735110,0.0
2018-04-19,125.2,126.4,124.48,124.79,1056462,0.0
2018-04-22,124.95,125.4,123.27,123.88,863259,0.0
2018-04-23,124.73,125.13,117.3,118.01,2105758,0.0
2018-04-24,118.28,119.55,116.59,118.61,917701,0.0
2018-04-25,119.2,121.35,119.16,120.91,898326,0.0
2018-04-26,120.59,120.59,116.15,118.3,849050,0.0
2018-04-29,118.88,119.64,117.135,117.42,449113,0.0
2018-04-30,117.13,118.02,116.31,117.92,538069,0.0
2018-05-01,118.04,118.91,117.27,118.04,420546,0.0
2018-05-02,117.89,120.18,116.9301,119.88,578907,0.0
2018-05-03,119.57,122.585,119.08,122.31,831281,0.0
2018-05-06,122.54,122.95,121.47,122.46,490862,0.0
2018-05-07,122.47,123.165,121.24,122.67,611079,0.0
2018-05-08,122.77,123.72,122.46,123.34,480818,0.0
2018-05-09,123.98,124.87,123.464,124.58,523346,0.0
2018-05-10,124.7,125.81,123.8,125.68,492933,0.0
2018-05-13,125.84,128.35,125.84,126.64,920521,0.0
2018-05-14,126.32,127.37,125.13,126.65,588129,0.0
2018-05-15,126.33,128.09,126.14,127.13,596492,0.0
2018-05-16,127.07,128.2,126.81,127.37,491220,0.0
2018-05-17,126.55,128.19,125.551,127.67,834896,0.0
2018-05-20,128.03,128.5675,127.15,128.32,469257,0.0
2018-05-21,128.99,128.999,127.53,127.84,387954,0.0
2018-05-22,127.03,128.3,126.52,128.25,465790,0.0
2018-05-23,128.14,129,127.08,128.17,402494,0.0
2018-05-24,128.18,128.81,127.79,128.52,338875,0.0
2018-05-28,127.71,129,127.18,128.89,310576,0.0
2018-05-29,129.58,130.89,129.38,130.74,376474,0.0
2018-05-30,130.65,131.44,129.98,130.44,413396,0.0
2018-05-31,131.35,133.08,131.35,132.57,333997,0.0
2018-06-03,132.83,135.06,132.25,134.88,605908,0.0
2018-06-04,135.09,136.55,134.95,135.83,573737,0.0
2018-06-05,135.82,137.15,134.62,137.11,328653,0.0
2018-06-06,137.4,137.645,135.195,136.56,349917,0.0
2018-06-07,136,138.26,135.2,137.86,448636,0.0
2018-06-10,137.88,138.41,137.18,137.89,333254,0.0
2018-06-11,138.27,140.01,137.9,139.91,358059,0.0
2018-06-12,139.92,141,138.66,139.34,545498,0.0
2018-06-13,139.82,141.44,139.68,141.22,453930,0.0
2018-06-14,140.99,142.43,140.54,142.27,451408,0.0
2018-06-17,142.15,145.57,141.52,145.2,541671,0.0
2018-06-18,143.64,144.689,142.36,143.47,795104,0.0
2018-06-19,144.61,144.92,141.4,142.32,1247735,0.0
2018-06-20,142.26,142.32,139.12,140.32,840676,0.0
2018-06-21,140.47,140.88,138.35,138.68,554396,0.0
2018-06-24,138.2,138.2,135.21,135.72,643057,0.0
2018-06-25,136.44,137.73,135.7,136.6,466207,0.0
2018-06-26,136.87,138.13,135.15,135.39,698123,0.0
2018-06-27,135,138.05,134.84,137.65,382557,0.0
2018-06-28,138.3,138.9,137.42,137.42,413705,0.0
2018-07-01,136.73,140.25,136.63,140.23,291260,0.0
2018-07-02,140.64,141.09,138.39,138.76,247028,0.0
2018-07-04,139.76,141.03,139.5,141.02,275188,0.0
2018-07-05,140.69,142.66,140.61,141.96,225921,0.0
2018-07-08,142.76,143.18,141.7,143.05,373112,0.0
2018-07-09,143.31,143.84,142.24,143.51,315816,0.0
2018-07-10,142.85,144.71,142.63,144.71,339460,0.0
2018-07-11,145.38,147.34,144.86,147.21,516710,0.0
2018-07-12,147.56,148.18,146.22,147.58,319408,0.0
2018-07-15,147.77,148.91,147.58,147.94,251128,0.0
2018-07-16,146.89,150.05,145.61,149.84,307772,0.0
2018-07-17,150.02,150.11,148.025,149.02,397351,0.0
2018-07-18,148.88,149.33,147.73,148.1,376504,0.0
2018-07-19,148.15,149.39,147.8901,149.06,321565,0.0
2018-07-22,149.09,149.36,147.76,149.09,399618,0.0
2018-07-23,149.65,150.96,147.6325,148.36,406083,0.0
2018-07-24,148.9,151.35,148.9,151.18,445151,0.0
2018-07-25,150.3,152.15,148.89,151.94,615296,0.0
2018-07-26,154.44,159.1078,148.04,150.26,490597,0.0
2018-07-29,149.82,150.53,145.26,145.44,603050,0.0
2018-07-30,146.28,147.45,145.13,145.24,501571,0.0
2018-07-31,145.72,148.95,145.381,148.06,428175,0.0
2018-08-01,146.92,151.06,146.91,150.98,382918,0.0
2018-08-02,151.11,151.65,149.53,150.96,293531,0.0
2018-08-05,151.11,152.82,150.72,152.08,294842,0.0
2018-08-06,152.12,153.51,152.08,152.31,489556,0.0
2018-08-07,151.21,153.41,151.21,152.16,322451,0.0
2018-08-08,152.56,154.155,152.22,153.35,393686,0.0
2018-08-09,152.31,154.649,152.31,152.87,425679,0.0
2018-08-12,153.01,154.27,152.32,152.57,296766,0.0
2018-08-13,152.55,154.42,151.93,154.01,464807,0.0
2018-08-14,153,155.19,152.3,153.45,412473,0.0
2018-08-15,154.42,154.96,152.58,152.66,547071,0.0
2018-08-16,152.07,152.74,150.37,150.74,783780,0.0
2018-08-19,151.62,152.41,149.87,152.03,910268,0.0
2018-08-20,152.34,153.64,152.235,152.46,336634,0.0
2018-08-21,151.98,153.99,151.98,153.34,236540,0.0
2018-08-22,153.17,154.51,153.155,154.35,359818,0.0
2018-08-23,154.73,156.71,154.73,156.08,219120,0.0
2018-08-26,157.01,157.92,156.7192,157.65,267949,0.0
2018-08-27,158.37,159.34,157.31,159.16,323691,0.0
2018-08-28,158.99,160.08,158.66,158.78,353373,0.0
2018-08-29,158.6,158.98,157.08,158.11,363285,0.0
2018-08-30,158.11,159.22,157.24,158.63,442509,0.0
2018-09-03,158.75,159.94,157.8,159.24,472473,0.0
2018-09-04,158.37,158.88,154.3,156.39,375449,0.0
2018-09-05,156.57,158.39,156.01,158.1,295413,0.0
2018-09-06,157.11,159.27,156.7946,157.83,252234,0.0
2018-09-09,158.69,161.96,158.09,161.56,525143,0.0
2018-09-10,160.82,162.56,160.35,161.62,468007,0.0
2018-09-11,161.27,161.8,159.85,161.35,357815,0.0
2018-09-12,162.37,163.57,161.76,162.15,336599,0.0
2018-09-13,162.94,164.04,162.03,163.64,449568,0.0
2018-09-16,163.31,164.06,161.09,161.42,355210,0.0
2018-09-17,161.18,164.19,160.39,162.88,419285,0.0
2018-09-18,163.2,163.47,158.8001,159.1,578635,0.0
2018-09-19,159.98,160.955,159.64,160.19,502001,0.0
2018-09-20,161.17,161.41,159.28,159.85,860474,0.0
2018-09-23,159.19,159.895,157.01,158.96,601262,0.0
2018-09-24,159.65,161.7,158.8,160.49,697052,0.0
2018-09-25,160.86,161.3,158.75,158.94,652815,0.0
2018-09-26,159.47,160.95,158.44,159.14,402837,0.0
2018-09-27,158.92,160.3,158.57,160.1,569333,0.0
2018-09-30,161.05,161.49,159.005,159.93,428215,0.0
2018-10-01,159.94,160.35,157.24,157.52,383194,0.0
2018-10-02,158.34,158.52,157.31,157.78,553861,0.0
2018-10-03,157.32,157.53,153.95,155.21,410546,0.0
2018-10-04,155.52,156.975,152.8,154.14,282660,0.0
2018-10-07,153.84,153.84,148.89,150.78,417614,0.0
2018-10-08,150.78,151.98,147.45,148.01,735709,0.0
2018-10-09,147.56,147.96,140.78,140.911,840084,0.0
2018-10-10,140.08,143.48,138.09,139.13,909644,0.0
2018-10-11,141.6,144.38,141.475,143.99,508543,0.0
2018-10-14,143.02,144.32,141.7,142.5,325925,0.0
2018-10-15,143.67,147,143.445,146.79,368884,0.0
2018-10-16,147.2,147.2,144.58,145.9,302299,0.0
2018-10-17,145.33,145.9,141.64,142.19,555461,0.0
2018-10-18,143.21,144.63,141.0017,141.33,527183,0.0
2018-10-21,142,144.49,141.65,143.46,526894,0.0
2018-10-22,140.79,141.99,137.91,141.1,431288,0.0
2018-10-23,141.67,141.73,133.71,133.9,826946,0.0
2018-10-24,135.05,137.66,134.01,135.85,720353,0.0
2018-10-25,135.37,141.19,131.28,138.68,1236257,0.0
2018-10-28,141.44,142.55,133.49,135.27,798181,0.0
2018-10-29,135.31,139.03,134.19,138.63,522496,0.0
2018-10-30,140.12,144.05,138.91,142.54,690028,0.0
2018-10-31,142.54,142.54,138.97,140.8,752122,0.0
2018-11-01,160,176.76,159.75,165.01,3710334,0.0
2018-11-04,164.45,164.82,159.205,160.8,1479135,0.0
2018-11-05,160.21,161.68,156.21,157.15,1035568,0.0
2018-11-06,157.73,160.2,156.84,159.9,755824,0.0
2018-11-07,158.64,160.855,157.95,160.11,716284,0.0
2018-11-08,159.1,160.77,156.85,160.11,701551,0.0
2018-11-11,159.64,160.04,153.03,153.3,543744,0.0
2018-11-12,153.11,155.84,151.98,152.61,457412,0.0
2018-11-13,154,154,150.64,151.3,505006,0.0
2018-11-14,150.63,156.59,150.6,155.66,654340,0.0
2018-11-15,154.2,157.09,153.83,155.84,582545,0.0
2018-11-18,154.87,158.69,148.84,149.25,688996,0.0
2018-11-19,146.25,149.63,144.9373,147.23,736795,0.0
2018-11-20,148.53,150.84,147.22,149.48,451195,0.0
2018-11-22,148.28,152.01,148.28,150.35,219110,0.0
2018-11-25,152.25,154.3,151.0468,153.72,570402,0.0
2018-11-26,153.13,153.55,149.87,150.81,566784,0.0
2018-11-27,151.67,156.13,151.25,155.84,750442,0.0
2018-11-28,155.03,157.51,154.665,156.68,397417,0.0
2018-11-29,156.48,157.89,155.53,156.06,554457,0.0
2018-12-02,158.66,160.61,157.5725,159.27,722308,0.0
2018-12-03,158.76,160.77,153.35,153.63,660392,0.0
2018-12-05,151.25,157.52,150.64,157.39,955632,0.0
2018-12-06,157.16,159.98,152.33,153.96,673674,0.0
2018-12-09,153.93,157.65,153.2,156.99,406171,0.0
2018-12-10,159.17,159.98,154.375,155.44,564355,0.0
2018-12-11,157.88,159.27,156.72,157.14,1232819,0.0
2018-12-12,158.15,159.5,154.98,156.29,767749,0.0
2018-12-13,154.99,155.215,152.42,152.63,482908,0.0
2018-12-16,152.79,153.1,149.12,150.11,748940,0.0
2018-12-17,150.81,152.3,149.46,149.97,727373,0.0
2018-12-18,150.02,154.18,147.69,149.71,726378,0.0
2018-12-19,149.18,149.78,144.46,147.22,853266,0.0
2018-12-20,148.38,149.665,141.885,142.57,1389583,0.0
2018-12-23,141.42,143.17,138.77,139.5,458686,0.0
2018-12-25,140.64,146.11,139.07,146.07,480694,0.0
2018-12-26,144.44,148.02,142.29,147.98,416470,0.0
2018-12-27,148.62,149.79,145.96,146.76,370496,0.0
2018-12-30,147.92,148.8,146.8,147.67,266257,0.0
2019-01-01,145.44,148.66,145.44,147.6,369042,0.0
2019-01-02,145.62,147.305,142.55,142.73,411680,0.0
2019-01-03,144.73,149.84,144.14,148.98,529275,0.0
2019-01-06,149.12,153.02,148.94,151.555,479112,0.0
2019-01-07,152.56,157.62,152.22,156.91,653783,0.0
2019-01-08,156.7,157.79,154.01,155.53,592561,0.0
2019-01-09,155.17,157.82,152.9048,157.77,312204,0.0
2019-01-10,156.88,158.735,155.56,157.815,411898,0.0
2019-01-13,156.42,158.86,155.56,157.17,390713,0.0
2019-01-14,157.98,161.39,157.91,160.31,455530,0.0
2019-01-15,160.99,162.36,160.48,161.02,474317,0.0
2019-01-16,160.63,164.22,159.6,163.39,338545,0.0
2019-01-17,164.75,165.42,162.97,164.42,914866,0.0
2019-01-21,163.62,165.27,161.71,162.6,470805,0.0
2019-01-22,163.29,163.89,161.51,162.94,332896,0.0
2019-01-23,163.2,163.96,162.06,163.52,375877,0.0
2019-01-24,164.92,167.21,164.13,165.98,308561,0.0
2019-01-27,167.29,167.575,164.6742,166.09,411654,0.0
2019-01-28,166.45,166.88,163.75,164.38,262838,0.0
2019-01-29,165.12,168.82,164.79,168.265,372266,0.0
2019-01-30,168.47,170.1733,167.46,169.3,557988,0.0
2019-01-31,169.73,170.9,168.32,170.46,515763,0.0
2019-02-03,170.82,173.689,170.55,173.21,488598,0.0
2019-02-04,173.33,174.15,172.52,173.83,458534,0.0
2019-02-05,173.53,174.21,172.38,173.95,402018,0.0
2019-02-06,172.68,173.63,171.3479,173.01,530710,0.0
2019-02-07,174,175.55,171.54,172.84,626295,0.0
2019-02-10,173.27,174.78,170.1,170.53,523685,0.0
2019-02-11,171.98,174.36,171.12,174.13,605137,0.0
2019-02-12,174.71,175.36,173.43,174.3225,568558,0.0
2019-02-13,173.6,175.85,173.6,175.25,344929,0.0
2019-02-14,176.58,176.58,174.72,175.35,431531,0.0
2019-02-18,175.12,175.93,174.89,175.63,328092,0.0
2019-02-19,175.98,176.735,174.35,176.06,329025,0.0
2019-02-20,176.03,176.62,174.41,175.93,466744,0.0
2019-02-21,176.76,178.92,175.69,178.78,408234,0.0
2019-02-24,179.81,180.26,177.89,178.08,452960,0.0
2019-02-25,177.88,178.67,177.27,178.27,372342,0.0
2019-02-26,177.47,179.22,176.72,177.88,298397,0.0
2019-02-27,177.76,178.95,177.11,178.13,436161,0.0
2019-02-28,178.9,180.7925,178.09,180.49,359011,0.0
2019-03-03,181.08,181.7399,175.16,176.82,439603,0.0
2019-03-04,176.98,178.19,175.07,177.73,340794,0.0
2019-03-05,177.6,178.84,176.47,176.76,516268,0.0
2019-03-06,176.75,178.08,175.96,177.49,464338,0.0
2019-03-07,175.57,177.81,173.84,177.73,314222,0.0
2019-03-10,178.29,179.7,177.75,179.07,288477,0.0
2019-03-11,179.85,181.25,178.44,180.5,520497,0.0
2019-03-12,181.06,182.41,180.09,180.52,434241,0.0
2019-03-13,180.86,181.555,180,181.42,585627,0.0
2019-03-14,181.2,183.43,180.86,181.62,502467,0.0
2019-03-17,181.63,182.675,179.425,180.88,414052,0.0
2019-03-18,181.81,182.965,180.41,182.41,879971,0.0
2019-03-19,182.08,183.4,181.21,181.81,574482,0.0
2019-03-20,181.51,185.75,181.5,185.41,401015,0.0
2019-03-21,184.33,185.39,181.49,181.67,312198,0.0
2019-03-24,181.03,182.195,179.6038,181.22,430812,0.0
2019-03-25,182.59,183.43,181.95,182.98,295475,0.0
2019-03-26,183,183.31,178.37,180.2,386097,0.0
2019-03-27,180.45,181.54,179.54,181.06,287414,0.0
2019-03-28,182.31,182.77,181.26,181.53,539681,0.0
2019-03-31,183.04,186.12,182.11,185.96,272518,0.0
2019-04-01,185.94,187.32,185.01,186.88,383294,0.0
2019-04-02,187.63,189.55,187.2085,188.04,328435,0.0
2019-04-03,188.66,188.66,184.32,186.08,263948,0.0
2019-04-04,186.57,189.6,186.43,189.22,460087,0.0
2019-04-07,189.01,189.87,187.27,189.71,387224,0.0
2019-04-08,188.93,190.2499,188.33,189.01,563400,0.0
2019-04-09,189.07,190.29,188.14,188.97,895602,0.0
2019-04-10,189.58,190.48,188.17,189.53,932894,0.0
2019-04-11,189.94,190.5,188.97,189.63,341051,0.0
2019-04-14,190.8,191.2,188.9,189.05,394587,0.0
2019-04-15,189.38,189.795,188.4,188.82,292280,0.0
2019-04-16,189.38,189.38,186.07,186.31,275611,0.0
2019-04-17,187.45,187.45,184.6782,186.58,432511,0.0
2019-04-21,186.27,187.67,186.13,187.04,324002,0.0
2019-04-22,187.44,190.18,187.06,189.23,445424,0.0
2019-04-23,189.1,190.5,188.24,189.35,295503,0.0
2019-04-24,188.71,190.32,187.54,189.2,781325,0.0
2019-04-25,194.4,203.28,191,199.85,1004715,0.0
2019-04-28,199.55,201,197.34,197.56,505811,0.0
2019-04-29,197,199.15,196.12,197.45,777890,0.0
2019-04-30,197.86,198.2762,194.32,194.42,393758,0.0
2019-05-01,194.03,196.03,193.45,194.97,619853,0.0
2019-05-02,195.62,197.4399,195.11,196.95,316432,0.0
2019-05-05,193.52,197.49,192.1326,197.14,317524,0.0
2019-05-06,195.25,196.36,191.59,193.14,698147,0.0
2019-05-07,192.47,194.22,191.61,193.05,415058,0.0
2019-05-08,190.99,193.97,189.1305,193.68,379018,0.0
2019-05-09,192.91,195,190.525,194.72,452502,0.0
2019-05-12,189.03,192.51,187.024,189.34,345563,0.0
2019-05-13,189.73,193.07,189.3024,191.24,282804,0.0
2019-05-14,189.81,194.51,189.5203,193.89,242610,0.0
2019-05-15,194.47,199.41,194.47,196.83,455241,0.0
2019-05-16,195.59,197.5,195.16,195.26,287857,0.0
2019-05-19,193.23,195.785,192.29,194.16,346943,0.0
2019-05-20,195.49,196.83,195.12,195.53,269040,0.0
2019-05-21,195.38,198.5,195.38,197.77,258938,0.0
2019-05-22,196.16,197.23,192.915,194.63,349523,0.0
2019-05-23,195.96,196.6,193.88,194.75,386008,0.0
2019-05-27,195.6,198.19,194.37,194.77,312130,0.0
2019-05-28,193.65,195.28,192.5,194.52,363209,0.0
2019-05-29,194.98,196.99,194.53,195.92,317002,0.0
2019-05-30,194.42,196.06,193.68,194.96,307926,0.0
2019-06-03,190.7,194.33,189.09,194.3,437705,0.0
2019-06-04,196.39,200.7388,195.9238,200.33,449536,0.0
2019-06-05,200.42,203.62,199.425,203.33,431365,0.0
2019-06-06,204.75,209.58,204.68,207.12,459714,0.0
2019-06-09,207.81,209.76,207.08,207.08,326486,0.0
2019-06-10,209.12,210.06,204.89,206.68,472882,0.0
2019-06-11,206.8,209.34,205.46,206.48,333619,0.0
2019-06-12,207.04,208.56,204.84,205.38,566148,0.0
2019-06-13,205.93,206.5242,205.04,205.2,938767,0.0
2019-06-16,205.5,205.77,202.93,203.34,371181,0.0
2019-06-17,206.37,207.1,204.71,205.93,459490,0.0
2019-06-18,207.23,209.78,206.03,209.31,365037,0.0
2019-06-19,212.45,214.355,208.83,210.98,370735,0.0
2019-06-20,210.8,211.725,209.08,210.74,625025,0.0
2019-06-23,210.65,211.9875,209.31,209.63,466159,0.0
2019-06-24,209.63,210.6,207.29,207.9,352189,0.0
2019-06-25,208.82,210.64,205.69,205.7,388381,0.0
2019-06-26,206.39,208.17,206.18,207.29,237915,0.0
2019-06-27,208.41,209.51,206.21,209.11,307196,0.0
2019-06-30,211.6,213.99,210.34,211.27,416771,0.0
2019-07-01,211.81,214.75,211.29,213.92,560427,0.0
2019-07-02,214.95,217.62,214.31,217.11,301052,0.0
2019-07-04,216.02,217.76,213.18,217.46,402197,0.0
2019-07-07,216.16,216.95,214.9,215.65,382139,0.0
2019-07-08,215.27,217.94,214.78,217.49,790366,0.0
2019-07-09,218.97,219.88,216.4,218.89,580413,0.0
2019-07-10,219.68,220,217.46,218.48,348676,0.0
2019-07-11,218.68,219.82,216.78,219.66,268072,0.0
2019-07-14,220.14,221.78,219.32,221.05,481225,0.0
2019-07-15,221.13,221.9,217.42,217.54,451193,0.0
2019-07-16,217.5,218.5663,216.46,216.93,774870,0.0
2019-07-17,216.74,217.17,214.5,214.8,802522,0.0
2019-07-18,216.41,218.77,213.48,214.31,1429006,0.0
2019-07-21,215.46,217.69,214.55,215.94,761411,0.0
2019-07-22,216.8,216.8,213.57,215.75,530922,0.0
2019-07-23,214.74,217.15,213.78,216.83,442997,0.0
2019-07-24,215.92,218.245,213.92,216.04,424056,0.0
2019-07-25,214.68,219.4,212.85,216.59,684875,0.0
2019-07-28,217,218.055,213.37,215.58,392313,0.0
2019-07-29,213.5,215.465,213.21,213.96,321065,0.0
2019-07-30,214.26,215.03,208.7017,211.14,478012,0.0
2019-07-31,211.59,217.01,211.11,212.79,611840,0.0
2019-08-01,211.87,213.07,207.5,209.47,331121,0.0
2019-08-04,205.51,205.65,198.54,200.29,586333,0.0
2019-08-05,200.95,205.17,200.45,204.28,627637,0.0
2019-08-06,202.04,206.52,201.17,206.14,417348,0.0
2019-08-07,206.56,211.67,206.56,211.36,424706,0.0
2019-08-08,210.3,211.195,207,207.71,566089,0.0
2019-08-11,207.4,207.4,203.23,204,325297,0.0
2019-08-12,204.24,209.5,203.46,209.01,376822,0.0
2019-08-13,206.01,206.89,201.7,201.94,339623,0.0
2019-08-14,202.18,204.38,201.3,203.41,248867,0.0
2019-08-15,205.59,206.55,204.27,205,278123,0.0
2019-08-18,208.12,208.76,206.3618,206.88,340818,0.0
2019-08-19,206.82,208.92,205.72,206.88,403138,0.0
2019-08-20,209.18,209.8,207.16,208.12,439488,0.0
2019-08-21,208.46,209.0155,203.065,205.21,335471,0.0
2019-08-22,204.37,207.14,199.55,200.63,389217,0.0
2019-08-25,202.38,203.6833,201.6,203.09,283628,0.0
2019-08-26,204.69,206,202.09,203.75,343825,0.0
2019-08-27,202.69,204.71,201.25,203.77,203340,0.0
2019-08-28,206.06,207.93,205.82,205.95,236832,0.0
2019-08-29,206.79,206.95,202.99,203.78,351470,0.0
2019-09-02,202.55,204.52,200.26,202.15,438800,0.0
2019-09-03,202.66,203.87,201.99,203.6,350630,0.0
2019-09-04,205,206.77,204.11,206.58,442322,0.0
2019-09-05,207.92,209.75,206.25,207.5,342969,0.0
2019-09-08,208.02,208.12,200.46,201.89,455790,0.0
2019-09-09,200.43,200.43,194.9,196.78,579852,0.0
2019-09-10,196.28,196.64,190.16,190.71,1025356,0.0
2019-09-11,191.08,194.66,190.58,191.18,634455,0.0
2019-09-12,190.8,191.91,188.14,188.67,805525,0.0
2019-09-15,187.99,190.14,186.28,189.515,587633,0.0
2019-09-16,189.18,191.42,188.53,191.16,616287,0.0
2019-09-17,190.48,190.995,187.3,189.89,501032,0.0
2019-09-18,190.7,192.75,190.47,191,584331,0.0
2019-09-19,190.53,192.63,189.67,190.59,647042,0.0
2019-09-22,189.65,190.62,188.51,189.85,265628,0.0
2019-09-23,190.7,191.49,186.09,186.9,404257,0.0
2019-09-24,186.12,190.93,185.39,189.93,459712,0.0
2019-09-25,189.38,192,189.14,191.17,379890,0.0
2019-09-26,192.01,193.2,185.9601,187.35,371532,0.0
2019-09-29,187.84,189.96,186.95,188.62,348730,0.0
2019-09-30,187.58,189,183.79,183.99,616107,0.0
2019-10-01,182.59,182.83,177.33,177.83,721338,0.0
2019-10-02,177.87,181.79,177.48,181.4,651576,0.0
2019-10-03,181.82,184.8,181.51,184.35,943358,0.0
2019-10-06,184.35,184.89,183.11,183.21,710282,0.0
2019-10-07,182.14,183.59,179.79,180.95,910389,0.0
2019-10-08,182.74,184.84,182.3,183.98,714961,0.0
2019-10-09,184.02,185.92,182.35,185.67,813150,0.0
2019-10-10,187.41,188.75,186,186.44,787920,0.0
2019-10-13,186.72,187.075,184.84,185.8,564883,0.0
2019-10-14,185.53,187.6,181.26,186.61,601125,0.0
2019-10-15,186.56,186.56,184.02,185.43,561082,0.0
2019-10-16,185.57,187.1,184.87,186.54,819681,0.0
2019-10-17,186.78,186.78,184.72,185.44,1716838,0.0
2019-10-20,186.1,188.2,185.55,187.38,285691,0.0
2019-10-21,187.43,188.51,181.28,181.61,447557,0.0
2019-10-22,181.14,183.36,181.14,182.71,262707,0.0
2019-10-23,182.6,186.55,181.06,185.72,449592,0.0
2019-10-24,191.39,198.57,188.215,190.17,1050323,0.0
2019-10-27,190.07,194.68,190.07,190.89,346518,0.0
2019-10-28,190.57,190.95,188.595,189.45,395159,0.0
2019-10-29,190.2,191.88,189.27,191.76,426363,0.0
2019-10-30,191.77,191.95,189.03,190.07,428047,0.0
2019-10-31,191.35,191.74,187.4,188.04,489426,0.0
2019-11-03,189.83,190.08,186.36,186.49,485463,0.0
2019-11-04,186.87,188.04,183.75,186.55,600618,0.0
2019-11-05,186.96,187.78,185.035,185.66,499584,0.0
2019-11-06,186.85,188.85,185,185.89,737924,0.0
2019-11-07,185.09,186.43,183.18,183.79,507837,0.0
2019-11-10,182.75,186.76,182.72,185.75,384596,0.0
2019-11-11,185.54,186.06,184,184.39,372574,0.0
2019-11-12,184.28,186.2925,184.28,185.95,449422,0.0
2019-11-13,185.95,187.54,184.39,187.3,299252,0.0
2019-11-14,188.65,188.65,186.08,186.75,481040,0.0
2019-11-17,186,189.56,186,189.55,524106,0.0
2019-11-18,190.36,194.88,190.09,193.46,760727,0.0
2019-11-19,192.61,194.9,191.1858,192.5,593680,0.0
2019-11-20,192.34,193.21,188.85,189.12,437442,0.0
2019-11-21,189.44,189.44,186.72,188.45,331657,0.0
2019-11-24,188.98,193.505,187.905,188,660001,0.0
2019-11-25,189.01,193.39,188.68,191.56,614052,0.0
2019-11-26,191.72,192.51,190.14,191.85,450721,0.0
2019-11-28,191.74,191.74,190.12,190.6,185350,0.0
2019-12-01,190.4,190.88,182.83,184.96,753599,0.0
2019-12-02,182.24,187.33,182.24,186.44,876670,0.0
2019-12-03,187.69,188.61,186.5,186.81,433499,0.0
2019-12-04,186.88,186.88,184.11,185.65,481850,0.0
2019-12-05,187.07,188.54,184.99,188.27,366570,0.0
2019-12-08,188.5,190.67,188.27,188.56,440674,0.0
2019-12-09,188.68,189.14,187.69,188.15,311605,0.0
2019-12-10,188.99,190.33,188.07,189.87,350890,0.0
2019-12-11,189.68,191.5,188.6,189.98,358652,0.0
2019-12-12,189.01,191.955,188.33,191.51,320358,0.0
2019-12-15,192.38,194.4,192.13,192.72,504941,0.0
2019-12-16,192.78,193.31,190.58,190.96,430997,0.0
2019-12-17,191.56,192.47,190.16,190.16,441953,0.0
2019-12-18,190.34,191.15,189.55,190.12,533433,0.0
2019-12-19,191.86,192.63,189.78,192.47,679308,0.0
2019-12-22,192.97,193.74,191.695,192.39,256098,0.0
2019-12-23,192.64,193.48,191.53,192.8,114653,0.0
2019-12-25,193.29,194.52,193.12,193.71,180376,0.0
2019-12-26,194.23,194.5,192.8097,194.07,170453,0.0
2019-12-29,194.05,194.05,190.743,192.3,230089,0.0
2019-12-30,191.66,192.86,191.49,192.68,253785,0.0
2020-01-01,194.91,197.2,194.2013,196.74,283121,0.0
2020-01-02,193.2,201.46,193.2,200.81,813270,0.0
2020-01-05,199.99,202.89,198.59,202.75,417910,0.0
2020-01-06,203.34,204.1,202.19,203.22,343192,0.0
2020-01-07,203.23,206.63,201.22,204.12,552817,0.0
2020-01-08,205.55,208.99,205.36,208.88,469985,0.0
2020-01-09,210,210.3,207.89,209.07,431066,0.0
2020-01-12,210.17,212.32,209.865,211.76,347625,0.0
2020-01-13,211.22,211.5704,209,209.39,442227,0.0
2020-01-14,209.63,212.62,209.63,211.76,277971,0.0
2020-01-15,213.51,214.04,211.98,213.54,220478,0.0
2020-01-16,214.04,214.2,212.17,213.95,319054,0.0
2020-01-20,213.39,215.8,213.05,214.44,737320,0.0
2020-01-21,215.61,216.92,214,214.09,612248,0.0
2020-01-22,214.66,215.07,213.59,215.03,408444,0.0
2020-01-23,216.21,216.34,212.35,212.76,690094,0.0
2020-01-26,209.27,210.93,208.06,209.86,246145,0.0
2020-01-27,210.58,211.57,209.32,210.89,286190,0.0
2020-01-28,211.64,212.59,209.765,212.13,306771,0.0
2020-01-29,209.99,213.48,209.58,213.34,275362,0.0
2020-01-30,212.91,213.57,207.93,208.05,491917,0.0
2020-02-02,208.63,211.18,208.63,210.58,263926,0.0
2020-02-03,213.35,214.86,211.43,214.58,332066,0.0
2020-02-04,215.75,216.22,211.8,213.17,444617,0.0
2020-02-05,214.45,217.23,213.15,217.23,454512,0.0
2020-02-06,209,211.83,202.87,205,1064761,0.0
2020-02-09,205.51,205.89,203.06,205.76,428114,0.0
2020-02-10,206.31,206.31,204.36,204.45,540560,0.0
2020-02-11,204.67,208.37,204.13,208.31,473549,0.0
2020-02-12,207.4,210.77,207.4,209.89,351514,0.0
2020-02-13,210,211.34,207.02,209.57,339966,0.0
2020-02-17,209.4,210.61,208.105,210.53,205635,0.0
2020-02-18,210.89,213.02,209.43,211.25,390804,0.0
2020-02-19,210.27,210.945,205.68,209.06,822673,0.0
2020-02-20,207.72,209.4,204.56,206.11,524427,0.0
2020-02-23,203.2,204,198.695,200.5,597569,0.0
2020-02-24,201.82,202.01,193.31,193.65,581246,0.0
2020-02-25,195.56,200.39,195.56,195.79,753900,0.0
2020-02-26,192.62,198.96,190.32,190.32,736348,0.0
2020-02-27,185.1,190.43,183.84,189.76,955469,0.0
2020-03-01,188.27,196.86,187.09,196.75,722516,0.0
2020-03-02,194.69,198.79,188.3,188.98,786943,0.0
2020-03-03,191.95,199.9,189.99,199.89,612200,0.0
2020-03-04,193.69,196.72,190.01,192.42,534611,0.0
2020-03-05,186.06,193.2,185.67,192.02,1648870,0.0
2020-03-08,181.05,185.75,176.29,176.47,861323,0.0
2020-03-09,182.94,186.32,176.08,186.17,804137,0.0
2020-03-10,180.54,182.69,174.9652,177.95,541613,0.0
2020-03-11,167.64,175.22,159.77,165.67,871573,0.0
2020-03-12,173.93,182.685,166.29,182.62,785226,0.0
2020-03-15,165.61,179.72,158.99,160.27,1846438,0.0
2020-03-16,164.57,177.21,153.45,176.19,981902,0.0
2020-03-17,165.86,169.94,151.59,164.01,1439938,0.0
2020-03-18,162.45,170.63,153.1,164.22,733130,0.0
2020-03-19,167.04,170.13,156.4,156.95,937948,0.0
2020-03-22,159.96,159.96,148.77,151.25,1025945,0.0
2020-03-23,159.12,170.99,158.515,170.53,933780,0.0
2020-03-24,165.75,172.71,164.97,166.97,688856,0.0
2020-03-25,167.23,177.1,166.9,175.91,682615,0.0
2020-03-26,171.91,178.93,169.265,173.53,657877,0.0
2020-03-29,176.05,190.16,174.02,188.81,852557,0.0
2020-03-30,184.6,190.9,178.89,180.43,789356,0.0
2020-03-31,173.43,178.359,173.0148,175.4,807722,0.0
2020-04-01,171.72,183.04,171.72,181.77,576954,0.0
2020-04-02,180.61,184.5,179.02,182.61,502338,0.0
2020-04-05,191.83,196.74,186.77,195.85,1652384,0.0
2020-04-06,199.45,200,190.95,191.21,634964,0.0
2020-04-07,191.38,194.77,189.78,192.97,959370,0.0
2020-04-08,193.7,197.36,192.75,195.89,444860,0.0
2020-04-12,194.54,199.15,193,199,559692,0.0
2020-04-13,201.46,204.69,200.63,204.44,897628,0.0
2020-04-14,201.47,203.51,198.5,201.38,799938,0.0
2020-04-15,203.48,207.66,200.75,206.13,1569954,0.0
2020-04-16,208.65,210.27,204.55,209.96,1045093,0.0
2020-04-19,208.51,212.78,207.04,210.89,712394,0.0
2020-04-20,207.99,209.59,203.255,207.04,1648736,0.0
2020-04-21,209,216.52,208.96,215.7,1301360,0.0
2020-04-22,215,217.6,212.2,212.64,2472733,0.0
2020-04-23,218.99,219,208.86,212.13,1414780,0.0
2020-04-26,213.4745,216.48,213,214.21,1487975,0.0
2020-04-27,218.02,218.06,210.725,211.03,760040,0.0
2020-04-28,214.19,214.77,208.92,211.4,892701,0.0
2020-04-29,211.35,212.8,208.13,209.48,1046079,0.0
2020-04-30,206.18,208.6,202.535,205.25,507706,0.0
2020-05-03,206.34,208.81,204.4,208.63,724032,0.0
2020-05-04,209.31,213.17,208.47,210.61,377708,0.0
2020-05-05,210.2,214.79,210.2,212.42,612658,0.0
2020-05-06,215.58,215.9,210.94,211.85,357838,0.0
2020-05-07,213.85,213.85,209.15,209.85,631978,0.0
2020-05-10,210.4153,213.7,208.16,212.14,789578,0.0
2020-05-11,211.71,213.32,208.62,209.02,391029,0.0
2020-05-12,208.62,212.35,206.67,211.99,739701,0.0
2020-05-13,209.38,215.425,208.98,214.96,650890,0.0
2020-05-14,212.85,217.5,210.89,217.26,1185866,0.0
2020-05-17,217.82,219.9,216.24,217.02,763537,0.0
2020-05-18,217.45,219.4,211.46,212.41,475368,0.0
2020-05-19,214,216.545,213.79,215.8,975786,0.0
2020-05-20,215.66,216.66,210.58,211.08,871814,0.0
2020-05-21,210,214.29,209.45,213.72,677752,0.0
2020-05-25,217.28,217.28,207.91,208.39,453250,0.0
2020-05-26,207.9,210.21,205.115,209.97,543327,0.0
2020-05-27,209.76,214.86,208.755,212.8,336973,0.0
2020-05-28,214.78,219.56,211.79,219.38,564831,0.0
2020-05-31,218.03,220.76,215.92,219.01,650062,0.0
2020-06-01,220.91,221.3,214.5,217.38,553885,0.0
2020-06-02,218.86,219.12,211.88,213.96,665347,0.0
2020-06-03,213.3,214.69,207.64,210.22,418847,0.0
2020-06-04,208.2,213.49,204.27,211.33,613537,0.0
2020-06-07,208.12,214.47,205.795,214.47,1031948,0.0
2020-06-08,214.98,215.155,212.76,213.46,1192728,0.0
2020-06-09,214.16,216.14,212.43,213.32,664113,0.0
2020-06-10,211.48,213.325,203.97,204.26,1168404,0.0
2020-06-11,207.32,208.87,204.92,205.045,109174,0.0
2020-06-14,201.79,207.11,200.45,205.86,385504,0.0
2020-06-15,209.82,210.13,205.4,207.4,594941,0.0
2020-06-16,208.55,210.39,207.8,209.02,379599,0.0
2020-06-17,209.28,209.28,206.06,207.23,571067,0.0
2020-06-18,209.05,210.6,204.18,205.3,734683,0.0
2020-06-21,205.15,206.73,204.13,205.79,329158,0.0
2020-06-22,207.89,209.35,206.14,207.19,480088,0.0
2020-06-23,205.43,208.32,201.58,202.72,455037,0.0
2020-06-24,202.4,205.48,197.761,205.11,406434,0.0
2020-06-25,204.71,207.43,201.58,203.65,516112,0.0
2020-06-28,205.1,205.61,200.39,203.92,377043,0.0
2020-06-29,203.39,207.98,203.315,206.66,301598,0.0
2020-06-30,206.13,211.49,205.925,210.36,307834,0.0
2020-07-01,209.95,213.79,209.49,211.03,421064,0.0
2020-07-05,213.68,216.01,211.62,212.2,381660,0.0
2020-07-06,211.11,216.66,210.76,210.86,374023,0.0
2020-07-07,211.95,213.04,208.84,210.81,366668,0.0
2020-07-08,210.92,213.62,209.6,212.61,370603,0.0
2020-07-09,211.78,212.32,209.48,209.8,374049,0.0
2020-07-12,211.19,211.19,200.7,201.16,601350,0.0
2020-07-13,199.22,200.95,196.34,198.62,895762,0.0
2020-07-14,199.99,201.31,198.53,199.18,534531,0.0
2020-07-15,198,198.96,197.48,198.42,612196,0.0
2020-07-16,199.43,201.37,198,199.69,675516,0.0
2020-07-19,200,208.63,199.45,207.74,681339,0.0
2020-07-20,208.1,208.775,204.23,205.03,659569,0.0
2020-07-21,206.19,207.25,204.695,205.74,486083,0.0
2020-07-22,206.12,210.41,205.04,205.92,613718,0.0
2020-07-23,207.1,213,204.575,208.7,1152578,0.0
2020-07-26,208.26,210.845,207.175,209.84,489376,0.0
2020-07-27,209.47,210.4,206.19,206.42,523392,0.0
2020-07-28,206.83,211.15,206.83,208.78,475923,0.0
2020-07-29,205.19,208.99,204.45,208.53,470688,0.0
2020-07-30,209.19,211.73,208.18,211.68,421160,0.0
2020-08-02,211.63,213.51,211.14,212.23,254580,0.0
2020-08-03,211.87,214.72,211.34,214.5,623088,0.0
2020-08-04,215,215.75,211.14,212.16,426240,0.0
2020-08-05,211.47,213.6995,208.87,211.8,463144,0.0
2020-08-06,211.31,212.19,208.82,210.4,327249,0.0
2020-08-09,207.19,209,205.09,206.38,381686,0.0
2020-08-10,206.83,206.86,201.5103,201.8,485496,0.0
2020-08-11,202.14,205.47,202.05,205.18,472959,0.0
2020-08-12,205.22,211.73,205.22,210.33,569250,0.0
2020-08-13,210.93,211.19,206.52,207.28,412334,0.0
2020-08-16,207.82,209.14,206.36,206.81,411126,0.0
2020-08-17,207.87,208.95,206.58,206.99,481326,0.0
2020-08-18,207.47,207.98,205.66,206.23,586677,0.0
2020-08-19,202.8,208.74,202.8,208.16,531523,0.0
2020-08-20,207.37,207.55,205.35,206.73,747259,0.0
2020-08-23,205.93,208,205.67,207.14,312224,0.0
2020-08-24,205.89,207.9853,205.42,205.9,452336,0.0
2020-08-25,206.84,209.38,205.945,208.51,527420,0.0
2020-08-26,209.97,209.97,207.13,207.87,320713,0.0
2020-08-27,207.89,208.555,206.13,208.22,314214,0.0
2020-08-30,209.35,215.72,209.11,214.8,700425,0.0
2020-08-31,215.37,215.94,213.03,215.91,514410,0.0
2020-09-01,217,220.505,217,219.57,656937,0.0
2020-09-02,220.08,220.13,205.96,207.85,1067936,0.0
2020-09-03,207.43,209.18,200.73,203.54,866403,0.0
2020-09-07,199.09,199.5,194.95,196.9,804981,0.0
2020-09-08,199.23,201.69,195.65,200.33,509433,0.0
2020-09-09,200.13,200.23,195,198,658881,0.0
2020-09-10,198,200.75,195.1,198.115,601189,0.0
2020-09-13,200.58,203.2457,200.23,202,589803,0.0
2020-09-14,203.62,204.99,201.9,204.33,770596,0.0
2020-09-15,205.74,207.52,202.76,203.11,411259,0.0
2020-09-16,199.19,203.55,198.47,203.5,637121,0.0
2020-09-17,204.15,206.59,202.88,204.87,983960,0.0
2020-09-20,202.74,203.86,200.01,202.88,580047,0.0
2020-09-21,204.19,205.85,201.44,205.53,450089,0.0
2020-09-22,205.33,206.26,199.47,200.22,644911,0.0
2020-09-23,199.79,204.42,198.96,202.01,438428,0.0
2020-09-24,202.67,206.53,200.56,205.84,317189,0.0
2020-09-27,207.93,207.97,202.71,204.72,464830,0.0
2020-09-28,200.63,206.2,200.63,205.02,420781,0.0
2020-09-29,205.03,207.36,203.6,205.079,377686,0.0
2020-09-30,206.52,208.19,205.92,207.22,256558,0.0
2020-10-01,203.45,205.03,200.85,202.26,303402,0.0
2020-10-04,202.42,204.045,201.05,203.34,300390,0.0
2020-10-05,203.3,206.41,201.17,202.09,455557,0.0
2020-10-06,202.28,204.65,201.23,203.82,280431,0.0
2020-10-07,204.45,206.43,204.18,205.54,253570,0.0
2020-10-08,207.03,210.07,206.72,209.55,305114,0.0
2020-10-11,212.22,216.24,210.53,214.15,371935,0.0
2020-10-12,214.88,217.99,214.08,215.98,364719,0.0
2020-10-13,215.69,217.635,211.43,212.14,328324,0.0
2020-10-14,209.47,210.685,206.365,208.66,307055,0.0
2020-10-15,209.05,210.75,207.19,207.34,237918,0.0
2020-10-18,207.47,208.61,202.53,203.35,257519,0.0
2020-10-19,204.06,206.27,203,204,301917,0.0
2020-10-20,204.46,206.695,203.75,205.55,324476,0.0
2020-10-21,206.02,209.035,203.75,207.86,544924,0.0
2020-10-22,203.71,203.77,197.12,200.8,1401385,0.0
2020-10-25,198.73,199.83,197.15,198.49,874241,0.0
2020-10-26,200.13,201.61,198.16,199.06,585257,0.0
2020-10-27,195.81,196.865,188.67,190.01,691552,0.0
2020-10-28,188.35,193.83,188.35,191.72,480068,0.0
2020-10-29,189.85,192.12,189.37,190.67,398962,0.0
2020-11-01,193.26,193.67,187.825,189.05,410589,0.0
2020-11-02,191.52,194.66,190.275,191.28,441719,0.0
2020-11-03,197.87,204.12,197.13,203.39,587399,0.0
2020-11-04,207.23,209.11,205.8,208.34,530907,0.0
2020-11-05,208.63,208.63,205.43,206.65,417975,0.0
2020-11-08,207.5,211.84,203.42,203.46,542014,0.0
2020-11-09,200,201.5,196.63,199.87,580593,0.0
2020-11-10,202.84,204.75,200.57,201.91,407248,0.0
2020-11-11,202.45,203.705,197.59,198.83,312002,0.0
2020-11-12,199.67,200.95,197.03,198.74,236443,0.0
2020-11-15,197.77,198.6,194.11,194.98,494183,0.0
2020-11-16,194.1,196.43,193.68,194.54,307947,0.0
2020-11-17,194.51,195.94,193.06,194.22,513888,0.0
2020-11-18,193.68,198.55,191.74,197.48,434712,0.0
2020-11-19,196.4,198.67,195.12,196.52,403203,0.0
2020-11-22,197.3,197.49,194.18,196.62,325874,0.0
2020-11-23,196.5,197.93,194.045,197.33,322052,0.0
2020-11-24,198.51,199.75,197.5,198.73,445306,0.0
2020-11-26,199.24,200.9,197.58,200.67,217761,0.0
2020-11-29,199.73,201.07,196.58,200.68,560627,0.0
2020-11-30,201,202.14,199.63,200.9,325257,0.0
2020-12-01,200.45,202.14,199.72,200.24,351141,0.0
2020-12-02,199.59,202.19,198.935,201.06,289944,0.0
2020-12-03,201.32,204.54,200.87,204.11,272184,0.0
2020-12-06,203.36,205.9,203.36,205.45,511466,0.0
2020-12-07,206.02,207.73,203.94,206.97,384322,0.0
2020-12-08,210.85,210.85,203.64,204.53,405060,0.0
2020-12-09,204.06,208.63,202.05,207.75,384938,0.0
2020-12-10,206.62,210.14,205.2,209.99,418655,0.0
2020-12-13,209.75,214.83,209.07,212.25,555552,0.0
2020-12-14,213.72,214.21,211.88,213.63,361219,0.0
2020-12-15,214.14,216.11,212.95,215.49,393252,0.0
2020-12-16,216.57,218.43,215.83,217.92,480200,0.0
2020-12-17,218.97,219.53,216.51,217.94,614320,0.0
2020-12-20,215.2,216.49,210.53,214.889,384511,0.0
2020-12-21,214.83,216.785,213.3,216.51,320232,0.0
2020-12-22,215.93,217.35,213.98,213.98,219639,0.0
2020-12-23,215.23,215.23,213.13,214.59,107323,0.0
2020-12-27,216.27,217.2,215.04,216.8,232652,0.0
2020-12-28,218.14,218.86,214.9401,215.81,225895,0.0
2020-12-29,216.73,217.145,214.38,214.49,195967,0.0
2020-12-30,214.84,216.69,213.38,216.4,175732,0.0
2021-01-03,216.92,217.81,210.52,213.47,441903,0.0
2021-01-04,211.81,212.97,206,206.5,651522,0.0
2021-01-05,203.69,204.79,199.16,199.51,824981,0.0
2021-01-06,200.4,200.76,197.24,200,782309,0.0
2021-01-07,200.93,202.875,200.47,202.29,693326,0.0
2021-01-10,202.01,202.25,198.94,199.13,354173,0.0
2021-01-11,198.5,199.5,195.91,198.49,447738,0.0
2021-01-12,199.33,201.08,197.825,199.4,459158,0.0
2021-01-13,199.5,200.03,194.69,195.71,411147,0.0
2021-01-14,195.13,196.655,193.525,195.31,436511,0.0
2021-01-18,196.12,197.5273,194.59,197.08,554592,0.0
2021-01-19,197.6,201.56,197.55,199.94,434370,0.0
2021-01-20,199.79,200.4,196.93,197.01,376012,0.0
2021-01-21,196.97,197.88,194.64,194.7,360863,0.0
2021-01-24,195.39,196.46,191.31,191.9,479465,0.0
2021-01-25,192.03,196.18,190.88,196.18,680005,0.0
2021-01-26,195.7,196.3,193.21,194.62,630344,0.0
2021-01-27,194.66,198.52,194,196.84,628251,0.0
2021-01-28,194.89,195.715,192.79,194.01,627671,0.0
2021-01-31,195.47,199.49,193.51,198.63,423070,0.0
2021-02-01,199.11,204.06,199.02,202.47,448893,0.0
2021-02-02,201.93,202.3,199,199.14,323684,0.0
2021-02-03,199.75,201.13,198.68,199.37,535129,0.0
2021-02-04,200.33,201.28,198.81,199.58,385646,0.0
2021-02-07,200.03,201.85,198.58,200.53,309184,0.0
2021-02-08,199.97,202.17,198.88,200.27,304981,0.0
2021-02-09,202.47,203.985,200.86,203.16,484475,0.0
2021-02-10,204.07,206.49,202.7,204.52,572329,0.0
2021-02-11,208.88,209.13,195.56,202.46,1283051,0.0
2021-02-15,201.65,202.76,197.49,197.8,809257,0.0
2021-02-16,197.29,202.655,196.61,199.12,584416,0.0
2021-02-17,198.32,201.985,198.055,201.09,450273,0.0
2021-02-18,200.56,202.02,196.94,197.95,504431,0.0
2021-02-21,196.62,196.62,192.49,193.23,533553,0.0
2021-02-22,192.93,195.78,187.615,192.12,729569,0.0
2021-02-23,189.8,195.9,188.22,195.52,476887,0.0
2021-02-24,193.18,195.52,190,190.36,572879,0.0
2021-02-25,191.88,195.07,190.84,193.95,682524,0.0
2021-02-28,195.58,196.685,194.245,195.93,469442,0.0
2021-03-01,195.77,196.36,192.26,193.99,463413,0.0
2021-03-02,192.71,195.34,190.21,190.51,462861,0.0
2021-03-03,190.26,194.3,189.51,190.321,676080,0.0
2021-03-04,190.65,194.93,188.23,193.77,571360,0.0
2021-03-07,193.19,194.01,188.56,188.86,468706,0.0
2021-03-08,190.87,193.15,190.6,192.11,538486,0.0
2021-03-09,194.14,194.14,189.65,190.1,695548,0.0
2021-03-10,191.14,194.11,190,192.03,847225,0.0
2021-03-11,191.54,191.62,184.6,188.02,824237,0.0
2021-03-14,187.075,190.56,187.065,190.37,357072,0.0
2021-03-15,192.2,194.15,190.27,191.13,507875,0.0
2021-03-16,190,190.89,186.69,190.75,820682,0.0
2021-03-17,187.72,191.08,186.09,188.53,490698,0.0
2021-03-18,189.34,192.96,187.94,192.06,601888,0.0
2021-03-21,192.69,195.875,192.6,194.45,410087,0.0
2021-03-22,195.37,197.45,194.38,196.27,348265,0.0
2021-03-23,196.42,196.99,193.85,195.04,350083,0.0
2021-03-24,195.76,195.76,191.81,193.39,397627,0.0
2021-03-25,192.62,200.09,191.62,199.75,491130,0.0
2021-03-28,199.17,201.38,198.31,201.17,728343,0.0
2021-03-29,199.49,199.64,194.39,195.02,610338,0.0
2021-03-30,195.81,200.23,195.67,198.82,474302,0.0
2021-03-31,200.09,203.17,200.09,201.9,445280,0.0
2021-04-04,202.4,206.76,202.0147,206.18,402045,0.0
2021-04-05,205.13,205.85,202.78,205.59,402099,0.0
2021-04-06,205.57,206.62,204.23,204.23,330726,0.0
2021-04-07,206.21,206.84,204.51,204.67,557731,0.0
2021-04-08,205.89,206.125,203.92,205.2,684505,0.0
2021-04-11,203.95,205.68,202.82,203.72,702642,0.0
2021-04-12,204.44,206.29,203.02,205.19,412690,0.0
2021-04-13,204.86,204.86,202.585,204.04,307514,0.0
2021-04-14,204.91,208.78,204.91,208.2,299903,0.0
2021-04-15,208.59,208.59,206.78,208.17,240958,0.0
2021-04-18,208.04,209.4,206.76,207.25,263479,0.0
2021-04-19,207.09,209.98,206.95,209.52,276997,0.0
2021-04-20,208.87,211.735,208.87,210.99,424044,0.0
2021-04-21,211.07,214.37,210.67,212.57,534926,0.0
2021-04-22,210.05,214.49,210.05,211.47,649044,0.0
2021-04-25,211.16,217.35,211.16,216.66,666187,0.0
2021-04-26,216,220.51,214.43,220.07,619497,0.0
2021-04-27,220,221.15,217.71,218.28,358572,0.0
2021-04-28,219.6,221.15,218.19,219.78,385452,0.0
2021-04-29,219.13,219.68,216.0503,218.75,484279,0.0
2021-05-02,219.8,222.49,218.43,221.358,429115,0.0
2021-05-03,218.9786,221.35,218.3101,219.35,436413,0.0
2021-05-04,220.21,222.26,218.11,218.3,328676,0.0
2021-05-05,218.43,223.61,217.5601,223.04,505836,0.0
2021-05-06,221.67,224.96,221.63,222.845,336305,0.0
2021-05-09,222.77,223.53,221.0156,221.89,356482,0.0
2021-05-10,220.57,223.42,220,221.47,443013,0.0
2021-05-11,219.33,220.32,217.35,218.6,397221,0.0
2021-05-12,220.78,221.57,218.38,219.03,450935,0.0
2021-05-13,220.29,221.69,218.34,220.91,311488,0.0
2021-05-16,220.34,220.7,218.13,219.67,219564,0.0
2021-05-17,219.63,220.19,217.825,217.88,253313,0.0
2021-05-18,215.7,218.08,214.891,218.02,361031,0.0
2021-05-19,219.37,223.42,218.68,222.95,444772,0.0
2021-05-20,221.645,224.78,220.16,221.42,310549,0.0
